Number of strings: 9 9, CI size = 81
String addressing array alpha: 1 9
0 1 2 3 4 5 6 7 8

Alpha strings 9 1
1
2
3
4
5
6
7
8
9

Is hamiltonian hermitian? 1
Implicit Hamiltonian constructed
E(core)= 0.000000000000
H(1,1) + E(core) energy = -0.528731633800
Davidson: iter=0 dim=0 root=0 eigenvalue=-0.528731633800
Davidson: iter=1 dim=1 root=0 eigenvalue=-0.575461052672
Davidson: iter=2 dim=2 root=0 eigenvalue=-0.587603739040
Davidson: iter=3 dim=3 root=0 eigenvalue=-0.592053673664
Davidson: iter=4 dim=4 root=0 eigenvalue=-0.593776999845
Davidson: iter=5 dim=5 root=0 eigenvalue=-0.594200518225
Davidson: iter=6 dim=6 root=0 eigenvalue=-0.594273886991
Davidson: iter=7 dim=7 root=0 eigenvalue=-0.594278544587
Davidson: iter=8 dim=8 root=0 eigenvalue=-0.594278910673
Davidson: iter=9 dim=9 root=0 eigenvalue=-0.594278945716
Davidson: iter=10 dim=10 root=0 eigenvalue=-0.594278946977
Davidson: iter=11 dim=11 root=0 eigenvalue=-0.594278947032
Davidson: iter=12 dim=12 root=0 eigenvalue=-0.594278947035
Davidson: iter=13 dim=13 root=0 eigenvalue=-0.594278947035
Davidson: iter=13 dim=13 root=1 eigenvalue=-0.530897533829
root no. 0 converged
Davidson: iter=14 dim=14 root=0 eigenvalue=-0.594278947035
Davidson: iter=14 dim=14 root=1 eigenvalue=-0.531191194310
Davidson: iter=15 dim=15 root=0 eigenvalue=-0.594278947035
Davidson: iter=15 dim=15 root=1 eigenvalue=-0.531206327491
Davidson: iter=16 dim=16 root=0 eigenvalue=-0.594278947035
Davidson: iter=16 dim=16 root=1 eigenvalue=-0.531206610288
Davidson: iter=17 dim=17 root=0 eigenvalue=-0.594278947035
Davidson: iter=17 dim=17 root=1 eigenvalue=-0.531206612483
Davidson: iter=18 dim=18 root=0 eigenvalue=-0.594278947035
Davidson: iter=18 dim=18 root=1 eigenvalue=-0.531206612500
Davidson: iter=19 dim=19 root=0 eigenvalue=-0.594278947035
Davidson: iter=19 dim=19 root=1 eigenvalue=-0.531206612501
root no. 1 converged
Davidson converged in 19 iterations.
E(core)= 0.000000000000
E(0)= -0.594278947035
E(1)= -0.531206612501
FCI Excitation energies = 2
0.000000000000 0.063072334534

Vacuum coefficients in CI state 0 = 0.762139167182
Vacuum coefficients in CI state 1 = 0.589733483722
Eigenvector 0 in string basis
0: 0.762139167182 seniority 0 ... 1
1
 | 1
1

1: 0.272026569111 seniority 2 ... 1
1
 | 1
2

2: -0.121400843305 seniority 2 ... 1
1
 | 1
3

3: -0.050055161234 seniority 2 ... 1
1
 | 1
4

9: 0.272026569111 seniority 2 ... 1
2
 | 1
1

10: -0.480342752942 seniority 0 ... 1
2
 | 1
2

18: -0.121400843305 seniority 2 ... 1
3
 | 1
1

27: -0.050055161234 seniority 2 ... 1
4
 | 1
1

Eigenvector 1 in string basis
0: 0.589733483722 seniority 0 ... 1
1
 | 1
1

1: -0.471105850812 seniority 2 ... 1
1
 | 1
2

2: 0.158815934815 seniority 2 ... 1
1
 | 1
3

3: 0.080585453013 seniority 2 ... 1
1
 | 1
4

9: -0.471105850818 seniority 2 ... 1
2
 | 1
1

10: 0.322587804931 seniority 0 ... 1
2
 | 1
2

11: -0.063033521371 seniority 2 ... 1
2
 | 1
3

18: 0.158815934815 seniority 2 ... 1
3
 | 1
1

19: -0.063033521372 seniority 2 ... 1
3
 | 1
2

20: -0.099717550411 seniority 0 ... 1
3
 | 1
3

27: 0.080585453013 seniority 2 ... 1
4
 | 1
1

30: -0.071980446159 seniority 0 ... 1
4
 | 1
4

40: -0.071045718283 seniority 0 ... 1
5
 | 1
5

50: -0.071045605916 seniority 0 ... 1
6
 | 1
6

Seniority vectors for all roots (nroots/seniority)
2 2
0.813518473689 0.186481526311
0.477410578584 0.677845933416

Calculating transition densities
Root 0 MO occupations numbers (density matrix diagonal)
9
1.344599377757 0.612589097394 0.033027685842 0.006513667802 0.001302989021 0.001302816704 0.000550231051 0.000057069142 0.000057065287
Root 1 MO occupations numbers (density matrix diagonal)
9
1.204862871038 0.665113497709 0.078447699312 0.028075813988 0.010096838088 0.010096371728 0.002841800496 0.000232560601 0.000232547041
Transition densities done:
Trandens between roots 0 0
9 9
1.344599377757 0.162784710242 -0.209480597287 -0.077803053231 0.000702498411 0.000485421078 -0.018972171653 -0.000116187638 -0.000117280853
0.162784710242 0.612589097394 -0.028969287787 -0.027036307505 0.000218453223 0.000195798870 -0.013517794548 -0.000056185229 -0.000059573515
-0.209480597287 -0.028969287787 0.033027685842 0.011779167132 -0.000106099351 -0.000073822414 0.002928363271 0.000018347301 0.000018470647
-0.077803053231 -0.027036307505 0.011779167132 0.006513667802 -0.000046645041 -0.000032688602 0.001691063735 0.000006669210 0.000010103283
0.000702498411 0.000218453223 -0.000106099351 -0.000046645041 0.001302989021 0.000000289528 -0.000015200095 0.000014604641 0.000202461117
0.000485421078 0.000195798870 -0.000073822414 -0.000032688602 0.000000289528 0.001302816704 -0.000010953459 -0.000202598025 0.000014605367
-0.018972171653 -0.013517794548 0.002928363271 0.001691063735 -0.000015200095 -0.000010953459 0.000550231051 0.000002388456 0.000002449360
-0.000116187638 -0.000056185229 0.000018347301 0.000006669210 0.000014604641 -0.000202598025 0.000002388456 0.000057069142 0.000000013829
-0.000117280853 -0.000059573515 0.000018470647 0.000010103283 0.000202461117 0.000014605367 0.000002449360 0.000000013829 0.000057065287

Trandens between roots 0 1
9 9
0.595090679014 -0.522013850673 0.232948533671 0.106036853849 -0.000880185697 -0.000739197022 0.039521361651 0.000205278644 0.000209388690
0.761147148309 -0.561349414528 0.154750135757 0.090646776545 -0.000777531811 -0.000612997222 0.033710760794 0.000147250517 0.000153194242
-0.101700154179 0.086839456811 -0.035258490208 -0.017862098197 0.000149475800 0.000123312149 -0.006361480123 -0.000032757630 -0.000033438591
-0.057574328916 0.047013209248 -0.017996965434 -0.004790287829 0.000070171901 0.000058448722 -0.003222559385 -0.000015719202 -0.000015547452
0.000487884113 -0.000402710762 0.000158638670 0.000072661532 0.003588427286 -0.000000504267 0.000027845930 0.000003518063 0.000047285606
0.000392812973 -0.000316441903 0.000116470056 0.000055953374 -0.000000458419 0.003588673110 0.000021293978 -0.000047005591 0.000003488420
-0.021706022773 0.017027527233 -0.005880859327 -0.002428237920 0.000019368129 0.000017058264 -0.001037371651 -0.000005227321 -0.000005420774
-0.000100627654 0.000080408345 -0.000029039688 -0.000017555424 0.000035314836 -0.000485730356 -0.000005467589 0.000083893710 -0.000000023198
-0.000105054336 0.000083716377 -0.000030061210 -0.000010334339 0.000485943584 0.000035260529 -0.000005688535 -0.000000031257 0.000083891096

Trandens between roots 1 0
9 9
0.595090679014 0.761147148309 -0.101700154179 -0.057574328916 0.000487884113 0.000392812973 -0.021706022773 -0.000100627654 -0.000105054336
-0.522013850673 -0.561349414528 0.086839456811 0.047013209248 -0.000402710762 -0.000316441903 0.017027527233 0.000080408345 0.000083716377
0.232948533671 0.154750135757 -0.035258490208 -0.017996965434 0.000158638670 0.000116470056 -0.005880859327 -0.000029039688 -0.000030061210
0.106036853849 0.090646776545 -0.017862098197 -0.004790287829 0.000072661532 0.000055953374 -0.002428237920 -0.000017555424 -0.000010334339
-0.000880185697 -0.000777531811 0.000149475800 0.000070171901 0.003588427286 -0.000000458419 0.000019368129 0.000035314836 0.000485943584
-0.000739197022 -0.000612997222 0.000123312149 0.000058448722 -0.000000504267 0.003588673110 0.000017058264 -0.000485730356 0.000035260529
0.039521361651 0.033710760794 -0.006361480123 -0.003222559385 0.000027845930 0.000021293978 -0.001037371651 -0.000005467589 -0.000005688535
0.000205278644 0.000147250517 -0.000032757630 -0.000015719202 0.000003518063 -0.000047005591 -0.000005227321 0.000083893710 -0.000000031257
0.000209388690 0.000153194242 -0.000033438591 -0.000015547452 0.000047285606 0.000003488420 -0.000005420774 -0.000000023198 0.000083891096

Trandens between roots 1 1
9 9
1.204862871038 -0.888405297345 0.213445145525 0.125922492028 -0.001080017970 -0.000851784309 0.051771041199 0.000228563205 0.000238203114
-0.888405297345 0.665113497709 -0.176801679724 -0.098890834252 0.000841899834 0.000673869681 -0.040062241364 -0.000180231217 -0.000187275202
0.213445145525 -0.176801679724 0.078447699312 0.034532395158 -0.000285229072 -0.000242742416 0.012876815609 0.000062207099 0.000063841217
0.125922492028 -0.098890834252 0.034532395158 0.028075813988 -0.000148852979 -0.000126035171 0.006409092734 0.000033127907 0.000032183380
-0.001080017970 0.000841899834 -0.000285229072 -0.000148852979 0.010096838088 0.000001094750 -0.000053803874 -0.000006743686 -0.000088126494
-0.000851784309 0.000673869681 -0.000242742416 -0.000126035171 0.000001094750 0.010096371728 -0.000044397365 0.000087769037 -0.000006679919
0.051771041199 -0.040062241364 0.012876815609 0.006409092734 -0.000053803874 -0.000044397365 0.002841800496 0.000011999338 0.000012442074
0.000228563205 -0.000180231217 0.000062207099 0.000033127907 -0.000006743686 0.000087769037 0.000011999338 0.000232560601 0.000000057615
0.000238203114 -0.000187275202 0.000063841217 0.000032183380 -0.000088126494 -0.000006679919 0.000012442074 0.000000057615 0.000232547041

State 0 :
Natural orbital occupations
9
1.416613098418 0.578746305799 0.001692243504 0.001334884198 0.001334843034 0.000206214854 0.000024781178 0.000024778766 0.000022850250
Natural orbitals (in MO basis)
9 9
-0.965550719997 -0.203224363546 -0.001480767768 0.000000472350 -0.000001717137 0.161801976222 -0.000010466038 -0.000039848810 0.015152270161
-0.203149584808 0.978497017244 -0.028865142521 -0.000112962555 -0.000080693291 0.015074810227 -0.000069161203 -0.000082805105 0.014606716542
0.150971879822 0.025589167349 0.328358183355 0.000693888799 0.000401792912 0.928983980437 -0.000433312408 -0.000505005866 0.075639062815
0.058449333047 -0.018120851252 -0.929052478436 0.003983997752 -0.010227765713 0.331720621330 0.002388351470 0.000039947839 -0.151499328926
-0.000524007595 0.000120104936 0.009568711811 -0.042001186885 -0.986661031701 -0.002923175303 -0.021116103333 -0.155530053868 -0.000164738552
-0.000368622319 0.000159027273 0.003925778946 0.986703645411 -0.041958724494 -0.002171856290 0.155513095723 -0.021113340539 0.002235085753
0.015257573192 -0.016131598812 -0.167630264584 -0.000312858939 0.000083707429 -0.023013363084 -0.009565642964 -0.010135875429 0.985232518298
0.000089556834 -0.000053716697 0.000346323019 -0.156887110468 -0.004669958886 -0.000317520140 0.985628990501 -0.061806802648 0.008933455031
0.000090817390 -0.000059067083 0.000095292022 0.004667616095 -0.156884936485 -0.000294024367 0.061708037741 0.985617343242 0.010760742312

State 1 :
Natural orbital occupations
9
1.921864711685 0.046506193751 0.010241335105 0.010096408416 0.010096246742 0.000486436606 0.000245259690 0.000231712076 0.000231695929
Natural orbitals (in MO basis)
9 9
0.789939669126 0.343118362240 0.039455662518 0.000120292075 -0.000197814765 0.482756967527 -0.153736475896 0.002381071864 0.003666402723
-0.587349488921 0.191598330008 0.110928949687 0.000453511653 -0.000806206843 0.728008776117 -0.275597493831 0.004007965340 0.006144085389
0.149653455414 -0.859736100999 -0.306233807503 -0.001047764298 0.001930790561 0.378142998692 -0.040966879397 0.000964868407 0.001538071221
0.086042423287 -0.318745694256 0.943728667520 -0.006656594232 -0.010037622228 0.003972289082 -0.014602419672 -0.000094698655 0.000055434815
-0.000734934120 0.002394270200 -0.001432509009 -0.919639687814 0.392650911749 0.000010777002 0.000190517073 -0.001749635703 0.008756924223
-0.000584465663 0.002437804870 -0.011673901787 -0.392603390319 -0.919586871875 -0.000042228125 0.000007405793 -0.008770166482 -0.001755235294
0.034864158706 -0.069302361252 -0.039959181511 -0.000153639197 0.000296548611 -0.306457694505 -0.947818671359 0.006422447815 0.008186897780
0.000155566601 -0.000449124545 -0.000025511942 -0.002899269873 -0.008462161274 -0.003528988842 0.010016660778 0.963490809693 0.267380687183
0.000161835208 -0.000440515103 -0.000084595061 0.008447777024 -0.002894745326 -0.003500210996 0.007681007992 -0.267472543504 0.963487009369

