Number of strings: 9 9, CI size = 81
String addressing array alpha: 1 9
0 1 2 3 4 5 6 7 8

Alpha strings 9 1
1
2
3
4
5
6
7
8
9

Is hamiltonian hermitian? 1
Implicit Hamiltonian constructed
E(core)= 0.000000000000
H(1,1) + E(core) energy = -0.915321274200
Davidson: iter=0 dim=0 root=0 eigenvalue=-0.915321274200
Davidson: iter=1 dim=1 root=0 eigenvalue=-0.947124873043
Davidson: iter=2 dim=2 root=0 eigenvalue=-0.949972856011
Davidson: iter=3 dim=3 root=0 eigenvalue=-0.950370759959
Davidson: iter=4 dim=4 root=0 eigenvalue=-0.950405213665
Davidson: iter=5 dim=5 root=0 eigenvalue=-0.950407470281
Davidson: iter=6 dim=6 root=0 eigenvalue=-0.950407749339
Davidson: iter=7 dim=7 root=0 eigenvalue=-0.950407760290
Davidson: iter=8 dim=8 root=0 eigenvalue=-0.950407761275
Davidson: iter=9 dim=9 root=0 eigenvalue=-0.950407761309
Davidson: iter=10 dim=10 root=0 eigenvalue=-0.950407761311
Davidson: iter=10 dim=10 root=1 eigenvalue=-0.544542385126
root no. 0 converged
Davidson: iter=11 dim=11 root=0 eigenvalue=-0.950407761311
Davidson: iter=11 dim=11 root=1 eigenvalue=-0.546825394198
Davidson: iter=12 dim=12 root=0 eigenvalue=-0.950407761311
Davidson: iter=12 dim=12 root=1 eigenvalue=-0.546877069255
Davidson: iter=13 dim=13 root=0 eigenvalue=-0.950407761311
Davidson: iter=13 dim=13 root=1 eigenvalue=-0.546893444827
Davidson: iter=14 dim=14 root=0 eigenvalue=-0.950407761311
Davidson: iter=14 dim=14 root=1 eigenvalue=-0.546894238226
Davidson: iter=15 dim=15 root=0 eigenvalue=-0.950407761311
Davidson: iter=15 dim=15 root=1 eigenvalue=-0.546894469550
Davidson: iter=16 dim=16 root=0 eigenvalue=-0.950407761311
Davidson: iter=16 dim=16 root=1 eigenvalue=-0.546894489221
Davidson: iter=17 dim=17 root=0 eigenvalue=-0.950407761311
Davidson: iter=17 dim=17 root=1 eigenvalue=-0.546894513445
Davidson: iter=18 dim=18 root=0 eigenvalue=-0.950407761311
Davidson: iter=18 dim=18 root=1 eigenvalue=-0.546894592933
Davidson: iter=19 dim=19 root=0 eigenvalue=-0.950407761311
Davidson: iter=19 dim=19 root=1 eigenvalue=-0.546894598269
Davidson: iter=20 dim=20 root=0 eigenvalue=-0.950407761311
Davidson: iter=20 dim=20 root=1 eigenvalue=-0.546894599191
Davidson: iter=21 dim=21 root=0 eigenvalue=-0.950407761311
Davidson: iter=21 dim=21 root=1 eigenvalue=-0.546894599522
Davidson: iter=22 dim=22 root=0 eigenvalue=-0.950407761311
Davidson: iter=22 dim=22 root=1 eigenvalue=-0.546894599537
Davidson: iter=23 dim=23 root=0 eigenvalue=-0.950407761311
Davidson: iter=23 dim=23 root=1 eigenvalue=-0.546894599538
Davidson: iter=24 dim=24 root=0 eigenvalue=-0.950407761311
Davidson: iter=24 dim=24 root=1 eigenvalue=-0.546894599538
root no. 1 converged
Davidson converged in 24 iterations.
E(core)= 0.000000000000
E(0)= -0.950407761311
E(1)= -0.546894599538
FCI Excitation energies = 2
0.000000000000 0.403513161773

Vacuum coefficients in CI state 0 = -0.985775597730
Vacuum coefficients in CI state 1 = 0.028205456198
Eigenvector 0 in string basis
0: -0.985775597730 seniority 0 ... 1
1
 | 1
1

10: 0.111832739275 seniority 0 ... 1
2
 | 1
2

20: 0.075957325034 seniority 0 ... 1
3
 | 1
3

30: 0.075944655529 seniority 0 ... 1
4
 | 1
4

40: 0.060847923044 seniority 0 ... 1
5
 | 1
5

Eigenvector 1 in string basis
1: 0.637398184849 seniority 2 ... 1
1
 | 1
2

5: -0.230510372950 seniority 2 ... 1
1
 | 1
6

9: 0.637398095607 seniority 2 ... 1
2
 | 1
1

10: 0.235997088900 seniority 0 ... 1
2
 | 1
2

14: -0.087529897041 seniority 2 ... 1
2
 | 1
6

45: -0.230510359844 seniority 2 ... 1
6
 | 1
1

46: -0.087529894551 seniority 2 ... 1
6
 | 1
2

Seniority vectors for all roots (nroots/seniority)
2 2
0.999945663667 0.000054336333
0.058778765763 1.188662287137

Calculating transition densities
Root 0 MO occupations numbers (density matrix diagonal)
9
1.943548953631 0.025015125680 0.011542498469 0.011538631275 0.007418380544 0.000291026989 0.000246362198 0.000246262923 0.000152758290
Root 1 MO occupations numbers (density matrix diagonal)
9
0.921169752841 0.939365111924 0.003222609882 0.003202322468 0.004559430022 0.121631933864 0.002854261154 0.002851664523 0.001142913322
Transition densities done:
Trandens between roots 0 0
9 9
1.943548953631 0.000534955691 0.000002014862 0.000002649786 0.003824681790 0.007791440481 -0.000019273615 -0.000000327828 -0.001470671630
0.000534955691 0.025015125680 0.000000177534 0.000000044994 0.000272063248 -0.000095133256 0.000000208902 0.000000003218 -0.000090772804
0.000002014862 0.000000177534 0.011542498469 -0.000000043545 -0.000001355645 0.000000587424 0.000218041185 0.000070206640 0.000000161244
0.000002649786 0.000000044994 -0.000000043545 0.011538631275 -0.000002267818 0.000000129377 0.000069985853 -0.000217438281 0.000000171487
0.003824681790 0.000272063248 -0.000001355645 -0.000002267818 0.007418380544 0.000090142547 -0.000000447542 0.000000222639 -0.000177288116
0.007791440481 -0.000095133256 0.000000587424 0.000000129377 0.000090142547 0.000291026989 -0.000000077024 -0.000000000767 -0.000014539327
-0.000019273615 0.000000208902 0.000218041185 0.000069985853 -0.000000447542 -0.000000077024 0.000246362198 0.000000031782 0.000000052707
-0.000000327828 0.000000003218 0.000070206640 -0.000217438281 0.000000222639 -0.000000000767 0.000000031782 0.000246262923 -0.000000020740
-0.001470671630 -0.000090772804 0.000000161244 0.000000171487 -0.000177288116 -0.000014539327 0.000000052707 -0.000000020740 0.000152758290

Trandens between roots 0 1
9 9
-0.054102852985 -1.256131167242 0.004032469261 0.001366768722 0.032474001062 0.454537204742 0.000532671554 -0.000030149027 0.020155293991
0.142712818445 0.052473712529 -0.000130875757 -0.000043230051 0.000729621521 -0.019429930343 -0.000010334474 0.000001075240 -0.001393160289
-0.000312260092 -0.000091768808 0.002420895064 -0.000000299281 0.000018298908 0.000021967145 0.005337542150 0.001724780868 -0.000004565021
-0.000105533480 -0.000031672686 -0.000000503020 0.002398801471 0.000003961219 0.000007595899 0.001722955110 -0.005333269729 -0.000002570992
-0.001326303409 -0.001925503115 0.000021694604 0.000004866967 -0.004788844144 0.001098951895 0.000005498870 0.000001699344 -0.002267240395
-0.005985779521 -0.007269758725 0.000020285446 0.000006799947 0.000147920020 0.001832089017 0.000002905788 -0.000000089230 0.000082462484
-0.000009850697 0.000010330064 0.000815394235 0.000263014680 0.000001070545 -0.000003939608 -0.000065082776 0.000000262007 -0.000000409980
0.000000413759 0.000000351914 0.000263452868 -0.000814332481 0.000000170900 -0.000000071234 0.000000055493 -0.000065493772 -0.000000051221
-0.000473469128 0.000708876891 -0.000003471045 -0.000001231709 -0.000255720026 -0.000279272392 -0.000000561293 -0.000000061429 -0.000103224405

Trandens between roots 1 0
9 9
-0.054102852985 0.142712818445 -0.000312260092 -0.000105533480 -0.001326303409 -0.005985779521 -0.000009850697 0.000000413759 -0.000473469128
-1.256131167242 0.052473712529 -0.000091768808 -0.000031672686 -0.001925503115 -0.007269758725 0.000010330064 0.000000351914 0.000708876891
0.004032469261 -0.000130875757 0.002420895064 -0.000000503020 0.000021694604 0.000020285446 0.000815394235 0.000263452868 -0.000003471045
0.001366768722 -0.000043230051 -0.000000299281 0.002398801471 0.000004866967 0.000006799947 0.000263014680 -0.000814332481 -0.000001231709
0.032474001062 0.000729621521 0.000018298908 0.000003961219 -0.004788844144 0.000147920020 0.000001070545 0.000000170900 -0.000255720026
0.454537204742 -0.019429930343 0.000021967145 0.000007595899 0.001098951895 0.001832089017 -0.000003939608 -0.000000071234 -0.000279272392
0.000532671554 -0.000010334474 0.005337542150 0.001722955110 0.000005498870 0.000002905788 -0.000065082776 0.000000055493 -0.000000561293
-0.000030149027 0.000001075240 0.001724780868 -0.005333269729 0.000001699344 -0.000000089230 0.000000262007 -0.000065493772 -0.000000061429
0.020155293991 -0.001393160289 -0.000004565021 -0.000002570992 -0.002267240395 0.000082462484 -0.000000409980 -0.000000051221 -0.000103224405

Trandens between roots 1 1
9 9
0.921169752841 0.377172435305 -0.001019340609 -0.000337900197 0.004094762832 -0.122975165385 -0.000240997071 0.000008634174 -0.007873615714
0.377172435305 0.939365111924 -0.002931938934 -0.000991075489 -0.019751077937 -0.334512563287 -0.000415311705 0.000022065006 -0.016018976113
-0.001019340609 -0.002931938934 0.003222609882 0.000002732565 0.000062150765 0.001051707026 0.000559323991 0.000180480169 0.000043563297
-0.000337900197 -0.000991075489 0.000002732565 0.003202322468 0.000021433847 0.000355384863 0.000176992840 -0.000547249216 0.000015363131
0.004094762832 -0.019751077937 0.000062150765 0.000021433847 0.004559430022 0.006734840086 0.000013856600 -0.000000305156 0.002143705053
-0.122975165385 -0.334512563287 0.001051707026 0.000355384863 0.006734840086 0.121631933864 0.000143803057 -0.000007851841 0.005671159340
-0.000240997071 -0.000415311705 0.000559323991 0.000176992840 0.000013856600 0.000143803057 0.002854261154 0.000001122539 0.000002215123
0.000008634174 0.000022065006 0.000180480169 -0.000547249216 -0.000000305156 -0.000007851841 0.000001122539 0.002851664523 -0.000000114473
-0.007873615714 -0.016018976113 0.000043563297 0.000015363131 0.002143705053 0.005671159340 0.000002215123 -0.000000114473 0.001142913322

State 0 :
Natural orbital occupations
9
1.943589012220 0.025019868369 0.011547142559 0.011543250753 0.007411590644 0.000259058009 0.000241728236 0.000241634844 0.000146714367
Natural orbitals (in MO basis)
9 9
0.999989685111 0.000296618878 0.000000373939 -0.000000235722 0.002031339992 -0.004026330560 0.000007608642 -0.000002437423 0.000451601976
0.000278944147 -0.999866715271 0.000006397193 0.000007861912 0.015451282018 0.003821126441 -0.000005985375 0.000001700767 0.003623619427
0.000001041523 -0.000011501826 -0.999732740997 0.011119106158 -0.000331019450 -0.000041665272 -0.020250803558 -0.000778110204 -0.000010630176
0.000001369023 -0.000000641140 0.011119257924 0.999733654670 -0.000553026605 -0.000010987386 -0.000774117213 0.020200904913 -0.000006740020
0.001975659472 -0.015408108067 0.000324401678 -0.000555595805 -0.999537241965 -0.012138330586 0.000041806288 -0.000043932747 0.023156688684
0.004009432796 0.003881635856 -0.000049085961 0.000007321256 -0.010686011757 0.997873327528 0.000514933217 -0.000044145388 0.064056374731
-0.000009918101 -0.000008490938 -0.019220360549 0.006408072565 0.000042233092 -0.000492094760 0.962742523377 -0.269659104983 -0.000266490436
-0.000000168573 -0.000000302520 -0.006424824395 -0.019173221750 -0.000017672203 -0.000106603494 0.269658745820 0.962743598050 0.000150792717
-0.000756953223 0.003739868120 -0.000019141350 0.000023879318 0.023829081226 -0.063799807324 0.000182168312 -0.000213565772 0.997670847599

State 1 :
Natural orbital occupations
9
1.392862381550 0.588119334147 0.004877049631 0.003647333472 0.003627285090 0.002425201543 0.002420605812 0.002019052929 0.000001755824
Natural orbitals (in MO basis)
9 9
0.643572106439 0.765093086228 -0.011004987814 0.000129514519 0.000051389783 0.000109112315 -0.000336710754 -0.015328029597 0.009555641108
0.722367962671 -0.600832717015 -0.024592628068 -0.002394417068 -0.000879351193 -0.001332253841 0.004165931197 0.340358805776 -0.026646243110
-0.002188211726 0.002095228235 -0.002392218896 -0.803604032984 -0.021883102444 0.005495704686 0.594704114871 -0.004701705013 0.001222289488
-0.000736573089 0.000716940224 -0.000474320553 0.021892201290 -0.803189644352 -0.595292504452 0.005509117130 -0.001503623945 0.000260946115
-0.009623636727 0.028386232737 0.898263100780 -0.001875675343 -0.000436120216 -0.000570542308 0.002615396115 0.102008866356 -0.426389875812
-0.252452806031 0.229674510020 -0.153797574707 0.001145683416 0.000449716855 -0.002160027652 0.006698606746 0.923627244922 -0.082007113945
-0.000354621498 0.000170668689 0.001326916443 -0.560752514374 -0.198384156925 0.239927387372 -0.767187593476 0.007192276579 0.002178227791
0.000016899275 -0.000014486422 0.000038569959 -0.198204122122 0.561292898668 -0.766827040095 -0.240086825491 -0.000072551215 -0.000086231458
-0.012999223449 0.008457155929 0.410774988033 0.001566057383 0.000604047671 -0.000996342075 0.002999673451 0.142659515772 0.900365959109

