Number of strings: 9 9, CI size = 81
String addressing array alpha: 1 9
0 1 2 3 4 5 6 7 8

Alpha strings 9 1
1
2
3
4
5
6
7
8
9

Is hamiltonian hermitian? 1
Implicit Hamiltonian constructed
E(core)= 0.000000000000
H(1,1) + E(core) energy = -0.837817108500
Davidson: iter=0 dim=0 root=0 eigenvalue=-0.837817108500
Davidson: iter=1 dim=1 root=0 eigenvalue=-0.869725033845
Davidson: iter=2 dim=2 root=0 eigenvalue=-0.872382662846
Davidson: iter=3 dim=3 root=0 eigenvalue=-0.872795484324
Davidson: iter=4 dim=4 root=0 eigenvalue=-0.872834342797
Davidson: iter=5 dim=5 root=0 eigenvalue=-0.872836605762
Davidson: iter=6 dim=6 root=0 eigenvalue=-0.872836848818
Davidson: iter=7 dim=7 root=0 eigenvalue=-0.872836855209
Davidson: iter=8 dim=8 root=0 eigenvalue=-0.872836855708
Davidson: iter=9 dim=9 root=0 eigenvalue=-0.872836855722
Davidson: iter=10 dim=10 root=0 eigenvalue=-0.872836855723
Davidson: iter=10 dim=10 root=1 eigenvalue=-0.512733424760
root no. 0 converged
Davidson: iter=11 dim=11 root=0 eigenvalue=-0.872836855724
Davidson: iter=11 dim=11 root=1 eigenvalue=-0.521925420095
Davidson: iter=12 dim=12 root=0 eigenvalue=-0.872836855724
Davidson: iter=12 dim=12 root=1 eigenvalue=-0.522606271483
Davidson: iter=13 dim=13 root=0 eigenvalue=-0.872836855724
Davidson: iter=13 dim=13 root=1 eigenvalue=-0.522683478225
Davidson: iter=14 dim=14 root=0 eigenvalue=-0.872836855724
Davidson: iter=14 dim=14 root=1 eigenvalue=-0.522689351881
Davidson: iter=15 dim=15 root=0 eigenvalue=-0.872836855724
Davidson: iter=15 dim=15 root=1 eigenvalue=-0.522691916732
Davidson: iter=16 dim=16 root=0 eigenvalue=-0.872836855724
Davidson: iter=16 dim=16 root=1 eigenvalue=-0.522691945413
Davidson: iter=17 dim=17 root=0 eigenvalue=-0.872836855724
Davidson: iter=17 dim=17 root=1 eigenvalue=-0.522691975021
Davidson: iter=18 dim=18 root=0 eigenvalue=-0.872836855724
Davidson: iter=18 dim=18 root=1 eigenvalue=-0.522691987776
Davidson: iter=19 dim=19 root=0 eigenvalue=-0.872836855724
Davidson: iter=19 dim=19 root=1 eigenvalue=-0.522691988545
Davidson: iter=20 dim=20 root=0 eigenvalue=-0.872836855724
Davidson: iter=20 dim=20 root=1 eigenvalue=-0.522691988852
Davidson: iter=21 dim=21 root=0 eigenvalue=-0.872836855724
Davidson: iter=21 dim=21 root=1 eigenvalue=-0.522691988861
Davidson: iter=22 dim=22 root=0 eigenvalue=-0.872836855724
Davidson: iter=22 dim=22 root=1 eigenvalue=-0.522691988862
root no. 1 converged
Davidson converged in 22 iterations.
E(core)= 0.000000000000
E(0)= -0.872836855724
E(1)= -0.522691988862
FCI Excitation energies = 2
0.000000000000 0.350144866862

Vacuum coefficients in CI state 0 = 0.983798627797
Vacuum coefficients in CI state 1 = 0.033754711313
Eigenvector 0 in string basis
0: 0.983798627797 seniority 0 ... 1
1
 | 1
1

10: -0.128213854497 seniority 0 ... 1
2
 | 1
2

20: -0.072196629493 seniority 0 ... 1
3
 | 1
3

30: -0.072190301341 seniority 0 ... 1
4
 | 1
4

40: -0.068237388853 seniority 0 ... 1
5
 | 1
5

Eigenvector 1 in string basis
1: -0.627703942593 seniority 2 ... 1
1
 | 1
2

5: -0.244156286363 seniority 2 ... 1
1
 | 1
6

9: -0.627703942720 seniority 2 ... 1
2
 | 1
1

10: 0.241286176852 seniority 0 ... 1
2
 | 1
2

14: 0.098910372889 seniority 2 ... 1
2
 | 1
6

45: -0.244156286382 seniority 2 ... 1
6
 | 1
1

46: 0.098910372893 seniority 2 ... 1
6
 | 1
2

Seniority vectors for all roots (nroots/seniority)
2 2
0.999880544530 0.000119455470
0.060981333901 1.167662216699

Calculating transition densities
Root 0 MO occupations numbers (density matrix diagonal)
9
1.935822863918 0.032882608018 0.010428065475 0.010426321311 0.009343957296 0.000374430011 0.000269465557 0.000269475374 0.000182813039
Root 1 MO occupations numbers (density matrix diagonal)
9
0.910773883793 0.926852983796 0.003522577586 0.003524484697 0.007263195782 0.139242532144 0.003396855945 0.003395725996 0.002027760262
Transition densities done:
Trandens between roots 0 0
9 9
1.935822863918 0.000283380743 0.000057530085 -0.000204105132 -0.006244655316 0.011733068264 0.000027845212 0.000017282871 0.003693291642
0.000283380743 0.032882608018 -0.000005001238 0.000017389753 0.000542079586 0.000159258804 0.000000336425 0.000000304029 -0.000148834837
0.000057530085 -0.000005001238 0.010428065475 0.000000302935 0.000009703837 -0.000000896312 0.000198897633 -0.000086409711 0.000001523489
-0.000204105132 0.000017389753 0.000000302935 0.010426321311 -0.000034131265 0.000002400405 -0.000086689932 -0.000199668110 -0.000005498545
-0.006244655316 0.000542079586 0.000009703837 -0.000034131265 0.009343957296 0.000059942122 0.000006451572 0.000007827539 -0.000218147204
0.011733068264 0.000159258804 -0.000000896312 0.000002400405 0.000059942122 0.000374430011 0.000000255073 0.000000190895 0.000010063592
0.000027845212 0.000000336425 0.000198897633 -0.000086689932 0.000006451572 0.000000255073 0.000269465557 0.000000016094 -0.000000147619
0.000017282871 0.000000304029 -0.000086409711 -0.000199668110 0.000007827539 0.000000190895 0.000000016094 0.000269475374 -0.000000180286
0.003693291642 -0.000148834837 0.000001523489 -0.000005498545 -0.000218147204 0.000010063592 -0.000000147619 -0.000000180286 0.000182813039

Trandens between roots 0 1
9 9
0.063444626927 -1.234058438117 0.000727665703 -0.001258017549 -0.030539331927 -0.480528419518 -0.000768082571 -0.000567096653 0.038241114830
0.161305506843 -0.062291522215 0.000111927175 -0.000330784889 -0.009567620804 -0.025480260541 -0.000044557812 -0.000033160101 0.000498212994
-0.000069855812 0.000028583009 -0.001590280849 -0.000001645198 -0.000059733460 0.000016099740 -0.005369911436 0.002338661599 -0.000026101541
0.000148472597 -0.000063443666 -0.000001867108 -0.001579957979 0.000207709501 -0.000032696739 0.002335795585 0.005366978766 0.000093146373
0.003991133921 -0.001630524252 -0.000061104356 0.000208849473 0.004719919189 -0.000526370049 -0.000125268436 -0.000151222732 0.003030678757
0.007111925523 -0.010314322796 0.000009709342 -0.000021938154 -0.000542999418 -0.002971177356 -0.000004600141 -0.000003472492 0.000338377669
0.000011864313 -0.000023330787 -0.000884868446 0.000384908095 -0.000021009734 -0.000007159170 0.000046090711 -0.000000176968 0.000001538998
0.000009591378 -0.000015752758 0.000385331067 0.000884463425 -0.000024875646 -0.000004711057 -0.000000363444 0.000045684367 0.000001369277
-0.001057723364 -0.001948255922 -0.000001796719 0.000008860325 0.000326047698 -0.000728103149 -0.000000429770 -0.000000076391 0.000176617206

Trandens between roots 1 0
9 9
0.063444626927 0.161305506843 -0.000069855812 0.000148472597 0.003991133921 0.007111925523 0.000011864313 0.000009591378 -0.001057723364
-1.234058438117 -0.062291522215 0.000028583009 -0.000063443666 -0.001630524252 -0.010314322796 -0.000023330787 -0.000015752758 -0.001948255922
0.000727665703 0.000111927175 -0.001590280849 -0.000001867108 -0.000061104356 0.000009709342 -0.000884868446 0.000385331067 -0.000001796719
-0.001258017549 -0.000330784889 -0.000001645198 -0.001579957979 0.000208849473 -0.000021938154 0.000384908095 0.000884463425 0.000008860325
-0.030539331927 -0.009567620804 -0.000059733460 0.000207709501 0.004719919189 -0.000542999418 -0.000021009734 -0.000024875646 0.000326047698
-0.480528419518 -0.025480260541 0.000016099740 -0.000032696739 -0.000526370049 -0.002971177356 -0.000007159170 -0.000004711057 -0.000728103149
-0.000768082571 -0.000044557812 -0.005369911436 0.002335795585 -0.000125268436 -0.000004600141 0.000046090711 -0.000000363444 -0.000000429770
-0.000567096653 -0.000033160101 0.002338661599 0.005366978766 -0.000151222732 -0.000003472492 -0.000000176968 0.000045684367 -0.000000076391
0.038241114830 0.000498212994 -0.000026101541 0.000093146373 0.003030678757 0.000338377669 0.000001538998 0.000001369277 0.000176617206

Trandens between roots 1 1
9 9
0.910773883793 -0.394832665154 0.000658452389 -0.001908241509 -0.054805967476 -0.139139675967 -0.000216951992 -0.000175245060 0.005372989786
-0.394832665154 0.926852983796 -0.000687631207 0.001449673718 0.038015893904 0.354469455073 0.000562476009 0.000419665377 -0.027511477961
0.000658452389 -0.000687631207 0.003522577586 -0.000002033303 -0.000049347708 -0.000260043847 0.000276831750 -0.000120918959 -0.000003073031
-0.001908241509 0.001449673718 -0.000002033303 0.003524484697 0.000132916170 0.000541131571 -0.000119032680 -0.000274571432 0.000036423975
-0.054805967476 0.038015893904 -0.000049347708 0.000132916170 0.007263195782 0.014123559897 0.000032133814 0.000027762059 0.001235139770
-0.139139675967 0.354469455073 -0.000260043847 0.000541131571 0.014123559897 0.139242532144 0.000216030157 0.000160636726 -0.010373535848
-0.000216951992 0.000562476009 0.000276831750 -0.000119032680 0.000032133814 0.000216030157 0.003396855945 -0.000000017686 -0.000018215388
-0.000175245060 0.000419665377 -0.000120918959 -0.000274571432 0.000027762059 0.000160636726 -0.000000017686 0.003395725996 -0.000013732273
0.005372989786 -0.027511477961 -0.000003073031 0.000036423975 0.001235139770 -0.010373535848 -0.000018215388 -0.000013732273 0.002027760262

State 0 :
Natural orbital occupations
9
1.935921342343 0.032896597424 0.010432780197 0.010432067687 0.009315499885 0.000302214057 0.000264829121 0.000264811390 0.000169857896
Natural orbitals (in MO basis)
9 9
-0.999974537103 0.000094105762 0.000000677505 -0.000003197479 0.003223451607 0.005947862552 0.000001008740 0.000005754985 -0.002269038554
-0.000148339542 -0.999709990056 -0.000005790851 0.000010457174 -0.023250877488 0.004947786463 -0.000000610212 -0.000000187403 0.003850940096
-0.000029860378 0.000213237560 -0.999714733556 -0.005898191759 -0.008972863936 -0.000115176616 -0.020174254339 0.006932828217 -0.000162124781
0.000105939350 -0.000740992044 0.005611844427 -0.999255493210 0.031581957226 0.000367757542 0.006953752207 0.020252525549 0.000575735577
0.003241221877 -0.023088898455 -0.009155117139 0.031531499620 0.998883648487 0.012153812673 -0.000603398697 -0.000858489411 0.021470587791
-0.006061655080 -0.004902718311 0.000036269686 -0.000053152774 0.010496949739 -0.997329325156 -0.002177792048 -0.002332131506 0.071784853303
-0.000014382767 -0.000011584338 -0.019618235024 0.008428542154 0.000222168342 -0.002262044948 0.996662338612 0.078748208601 0.001349229086
-0.000008925412 -0.000010889798 0.008382370448 0.019707179300 0.000258995750 -0.002057531904 -0.078756331864 0.996660730440 0.001375072518
-0.001908286763 0.004711502474 0.000043743114 -0.000137740779 -0.022186215108 0.071534226525 -0.001077453660 -0.001305092821 0.997176965950

State 1 :
Natural orbital occupations
9
1.415796346872 0.562497565457 0.004856239372 0.003768046238 0.003764426812 0.003150775678 0.003150410009 0.002992263874 0.000023925688
Natural orbitals (in MO basis)
9 9
-0.640427054222 -0.766032921458 -0.046791481892 -0.000003156636 0.000017378889 0.000026264287 0.000071308321 -0.023796809211 -0.017059146248
0.717348159566 -0.593152105002 0.055324999191 0.000273642966 -0.000144150490 0.000809363091 0.000556610004 -0.357536629591 0.051844389495
-0.000699065912 -0.000061714993 0.008679142580 0.771074278934 0.082671979638 -0.058652999997 0.628543568000 0.002129415597 0.004717460804
0.001708857386 0.000848780751 -0.028845637117 -0.082374571591 0.770581707688 0.628367411379 0.058869681044 -0.003632350693 -0.016065905767
0.046968099685 0.028837893758 -0.859685594999 0.010177066959 -0.024603686578 -0.021798696123 0.004789881159 -0.156530914566 -0.481865213346
0.269664767420 -0.244615096599 -0.141295358935 -0.000749396631 0.001124334989 -0.003922655592 -0.000221493325 0.919911870133 -0.034998263523
0.000426320606 -0.000393412764 -0.001518126443 0.602375997917 -0.189014485584 0.374350851455 -0.679169918954 0.001724208830 0.000853491984
0.000324105567 -0.000275018043 -0.001109756925 -0.188937917807 -0.602524098662 0.679030783760 0.374395297992 0.003256739628 0.000714633037
-0.018330884656 0.026363219242 -0.484577203774 -0.000545427554 0.000885283244 -0.001276906894 0.000647215335 -0.028812960880 0.873682193713

