Number of strings: 9 9, CI size = 81
String addressing array alpha: 1 9
0 1 2 3 4 5 6 7 8

Alpha strings 9 1
1
2
3
4
5
6
7
8
9

Is hamiltonian hermitian? 1
Implicit Hamiltonian constructed
E(core)= 0.000000000000
H(1,1) + E(core) energy = -0.915321274800
Davidson: iter=0 dim=0 root=0 eigenvalue=-0.915321274800
Davidson: iter=1 dim=1 root=0 eigenvalue=-0.947121837027
Davidson: iter=2 dim=2 root=0 eigenvalue=-0.949972806599
Davidson: iter=3 dim=3 root=0 eigenvalue=-0.950370726099
Davidson: iter=4 dim=4 root=0 eigenvalue=-0.950405159381
Davidson: iter=5 dim=5 root=0 eigenvalue=-0.950407422528
Davidson: iter=6 dim=6 root=0 eigenvalue=-0.950407703729
Davidson: iter=7 dim=7 root=0 eigenvalue=-0.950407714699
Davidson: iter=8 dim=8 root=0 eigenvalue=-0.950407715690
Davidson: iter=9 dim=9 root=0 eigenvalue=-0.950407715725
Davidson: iter=10 dim=10 root=0 eigenvalue=-0.950407715726
Davidson: iter=10 dim=10 root=1 eigenvalue=-0.544603408161
root no. 0 converged
Davidson: iter=11 dim=11 root=0 eigenvalue=-0.950407715726
Davidson: iter=11 dim=11 root=1 eigenvalue=-0.546835329564
Davidson: iter=12 dim=12 root=0 eigenvalue=-0.950407715726
Davidson: iter=12 dim=12 root=1 eigenvalue=-0.546871504781
Davidson: iter=13 dim=13 root=0 eigenvalue=-0.950407715726
Davidson: iter=13 dim=13 root=1 eigenvalue=-0.546887575662
Davidson: iter=14 dim=14 root=0 eigenvalue=-0.950407715726
Davidson: iter=14 dim=14 root=1 eigenvalue=-0.546889681910
Davidson: iter=15 dim=15 root=0 eigenvalue=-0.950407715726
Davidson: iter=15 dim=15 root=1 eigenvalue=-0.546889810392
Davidson: iter=16 dim=16 root=0 eigenvalue=-0.950407715726
Davidson: iter=16 dim=16 root=1 eigenvalue=-0.546889822171
Davidson: iter=17 dim=17 root=0 eigenvalue=-0.950407715726
Davidson: iter=17 dim=17 root=1 eigenvalue=-0.546889827034
Davidson: iter=18 dim=18 root=0 eigenvalue=-0.950407715726
Davidson: iter=18 dim=18 root=1 eigenvalue=-0.546889864148
Davidson: iter=19 dim=19 root=0 eigenvalue=-0.950407715726
Davidson: iter=19 dim=19 root=1 eigenvalue=-0.546889871278
Davidson: iter=20 dim=20 root=0 eigenvalue=-0.950407715726
Davidson: iter=20 dim=20 root=1 eigenvalue=-0.546889871638
Davidson: iter=21 dim=21 root=0 eigenvalue=-0.950407715726
Davidson: iter=21 dim=21 root=1 eigenvalue=-0.546889871778
Davidson: iter=22 dim=22 root=0 eigenvalue=-0.950407715726
Davidson: iter=22 dim=22 root=1 eigenvalue=-0.546889871807
Davidson: iter=23 dim=23 root=0 eigenvalue=-0.950407715726
Davidson: iter=23 dim=23 root=1 eigenvalue=-0.546889871809
Davidson: iter=24 dim=24 root=0 eigenvalue=-0.950407715726
Davidson: iter=24 dim=24 root=1 eigenvalue=-0.546889871809
root no. 1 converged
Davidson converged in 24 iterations.
E(core)= 0.000000000000
E(0)= -0.950407715726
E(1)= -0.546889871809
FCI Excitation energies = 2
0.000000000000 0.403517843917

Vacuum coefficients in CI state 0 = 0.985775718520
Vacuum coefficients in CI state 1 = -0.028206955350
Eigenvector 0 in string basis
0: 0.985775718520 seniority 0 ... 1
1
 | 1
1

10: -0.111831900349 seniority 0 ... 1
2
 | 1
2

20: -0.075951847739 seniority 0 ... 1
3
 | 1
3

30: -0.075948842572 seniority 0 ... 1
4
 | 1
4

40: -0.060849548197 seniority 0 ... 1
5
 | 1
5

Eigenvector 1 in string basis
1: -0.637391634017 seniority 2 ... 1
1
 | 1
2

5: 0.230529260828 seniority 2 ... 1
1
 | 1
6

9: -0.637391620089 seniority 2 ... 1
2
 | 1
1

10: -0.235986241435 seniority 0 ... 1
2
 | 1
2

14: 0.087534463106 seniority 2 ... 1
2
 | 1
6

45: 0.230529258782 seniority 2 ... 1
6
 | 1
1

46: 0.087534462717 seniority 2 ... 1
6
 | 1
2

Seniority vectors for all roots (nroots/seniority)
2 2
0.999945643789 0.000054356211
0.058775115365 1.188825508135

Calculating transition densities
Root 0 MO occupations numbers (density matrix diagonal)
9
1.943549447781 0.025014752479 0.011540823388 0.011539911130 0.007418790566 0.000291038978 0.000246308928 0.000246320664 0.000152606086
Root 1 MO occupations numbers (density matrix diagonal)
9
0.921174767762 0.939336939430 0.003213829596 0.003207267749 0.004573155423 0.121650972620 0.002852542049 0.002853811199 0.001136714172
Transition densities done:
Trandens between roots 0 0
9 9
1.943549447781 0.000536128467 0.000002601873 0.000007105506 -0.003826031128 0.007792311403 0.000012918489 0.000004019052 0.001473165736
0.000536128467 0.025014752479 0.000000106169 0.000000342206 -0.000272400179 -0.000095170671 -0.000000167004 -0.000000051566 0.000090432447
0.000002601873 0.000000106169 0.011540823388 -0.000001474408 0.000001993956 0.000000404904 -0.000211327038 -0.000087390369 -0.000000191582
0.000007105506 0.000000342206 -0.000001474408 0.011539911130 0.000006853535 -0.000000085580 -0.000086896524 0.000211503324 -0.000000405064
-0.003826031128 -0.000272400179 0.000001993956 0.000006853535 0.007418790566 -0.000090168994 -0.000000704811 0.000000739602 -0.000177391682
0.007792311403 -0.000095170671 0.000000404904 -0.000000085580 -0.000090168994 0.000291038978 0.000000052801 0.000000012554 0.000014539083
0.000012918489 -0.000000167004 -0.000211327038 -0.000086896524 -0.000000704811 0.000000052801 0.000246308928 0.000000036478 0.000000073724
0.000004019052 -0.000000051566 -0.000087390369 0.000211503324 0.000000739602 0.000000012554 0.000000036478 0.000246320664 -0.000000022833
0.001473165736 0.000090432447 -0.000000191582 -0.000000405064 -0.000177391682 0.000014539083 0.000000073724 -0.000000022833 0.000152606086

Trandens between roots 0 1
9 9
-0.054105118858 -1.256118301776 0.002624810945 0.000890682405 -0.032934130436 0.454574591365 -0.000292657393 0.000134546003 -0.019866357626
0.142709817860 0.052469903804 -0.000084333681 -0.000025671734 -0.000713312659 -0.019430461486 0.000004344156 -0.000006583923 0.001379874503
-0.000203077181 -0.000060040472 0.002414169360 -0.000008759647 -0.000011159709 0.000015988897 -0.005181729886 -0.002144468304 0.000003216616
-0.000066820653 -0.000022208247 -0.000008965492 0.002408889213 0.000006588753 0.000004464407 -0.002140450373 0.005181965347 0.000003788569
0.001353999705 0.001935026423 -0.000013100665 0.000006283252 -0.004786727788 -0.001100009608 0.000000199968 0.000006773232 -0.002269308958
-0.005986809372 -0.007270570932 0.000013409898 0.000004097013 -0.000150001760 0.001832498103 -0.000001593240 0.000000400432 -0.000081085120
0.000005555494 -0.000007264764 -0.000791416560 -0.000326694657 0.000000337031 0.000002707122 -0.000065381191 0.000000271488 -0.000000169743
-0.000001516023 -0.000003314789 -0.000327660817 0.000791487790 0.000000766088 0.000000885231 0.000000060812 -0.000065142723 -0.000000261502
0.000468482681 -0.000712386246 0.000002234932 0.000000893049 -0.000256059099 0.000280273537 -0.000000188318 -0.000000211586 -0.000103089920

Trandens between roots 1 0
9 9
-0.054105118858 0.142709817860 -0.000203077181 -0.000066820653 0.001353999705 -0.005986809372 0.000005555494 -0.000001516023 0.000468482681
-1.256118301776 0.052469903804 -0.000060040472 -0.000022208247 0.001935026423 -0.007270570932 -0.000007264764 -0.000003314789 -0.000712386246
0.002624810945 -0.000084333681 0.002414169360 -0.000008965492 -0.000013100665 0.000013409898 -0.000791416560 -0.000327660817 0.000002234932
0.000890682405 -0.000025671734 -0.000008759647 0.002408889213 0.000006283252 0.000004097013 -0.000326694657 0.000791487790 0.000000893049
-0.032934130436 -0.000713312659 -0.000011159709 0.000006588753 -0.004786727788 -0.000150001760 0.000000337031 0.000000766088 -0.000256059099
0.454574591365 -0.019430461486 0.000015988897 0.000004464407 -0.001100009608 0.001832498103 0.000002707122 0.000000885231 0.000280273537
-0.000292657393 0.000004344156 -0.005181729886 -0.002140450373 0.000000199968 -0.000001593240 -0.000065381191 0.000000060812 -0.000000188318
0.000134546003 -0.000006583923 -0.002144468304 0.005181965347 0.000006773232 0.000000400432 0.000000271488 -0.000065142723 -0.000000211586
-0.019866357626 0.001379874503 0.000003216616 0.000003788569 -0.002269308958 -0.000081085120 -0.000000169743 -0.000000261502 -0.000103089920

Trandens between roots 1 1
9 9
0.921174767762 0.377158721232 -0.000658497999 -0.000202133233 -0.003998734641 -0.122982288900 0.000140601364 -0.000031927823 0.007778770256
0.377158721232 0.939336939430 -0.001906533992 -0.000640050778 0.020080219067 -0.334533979795 0.000229762171 -0.000097843887 0.015800568945
-0.000658497999 -0.001906533992 0.003213829596 -0.000003673497 -0.000041361890 0.000684048653 -0.000537676490 -0.000226915571 -0.000028146396
-0.000202133233 -0.000640050778 -0.000003673497 0.003207267749 -0.000015417977 0.000228940359 -0.000217664455 0.000538245379 -0.000012381241
-0.003998734641 0.020080219067 -0.000041361890 -0.000015417977 0.004573155423 -0.006855537389 0.000007571895 -0.000000460204 0.002145984477
-0.122982288900 -0.334533979795 0.000684048653 0.000228940359 -0.006855537389 0.121650972620 -0.000079334794 0.000034908631 -0.005593352522
0.000140601364 0.000229762171 -0.000537676490 -0.000217664455 0.000007571895 -0.000079334794 0.002852542049 0.000001331274 0.000000670036
-0.000031927823 -0.000097843887 -0.000226915571 0.000538245379 -0.000000460204 0.000034908631 0.000001331274 0.002853811199 -0.000001841881
0.007778770256 0.015800568945 -0.000028146396 -0.000012381241 0.002145984477 -0.005593352522 0.000000670036 -0.000001841881 0.001136714172

State 0 :
Natural orbital occupations
9
1.943589523039 0.025019502799 0.011546549786 0.011543453236 0.007411979077 0.000259059913 0.000241715874 0.000241657511 0.000146558765
Natural orbitals (in MO basis)
9 9
-0.999989680817 -0.000297265523 0.000000146339 0.000000394635 0.002032077839 0.004026748620 0.000004525820 0.000003902009 -0.000453665914
-0.000279555558 0.999866457897 0.000003433473 -0.000008144698 0.015470490907 -0.003824734666 -0.000003630577 -0.000003745737 -0.003608799258
-0.000001344595 0.000005483465 -0.803398534799 -0.595097558260 -0.000486861315 0.000028866106 -0.018809176970 -0.007461055518 0.000007037520
-0.000003670294 0.000017298525 0.595096791133 -0.803397530901 -0.001671422825 0.000002090121 0.007499027017 -0.018793266319 0.000017003628
0.001976356620 -0.015427625043 0.000602506769 -0.001629983988 0.999535320764 -0.012136468151 0.000000922640 -0.000131418335 0.023170972169
-0.004009879945 -0.003883341756 -0.000038134093 -0.000001747499 -0.010688410673 -0.997886808769 0.000470466279 -0.000166039113 -0.063845633505
-0.000006648011 -0.000006561135 0.010448290284 0.017311758732 -0.000060707191 -0.000193220109 -0.718026427698 -0.695721880497 -0.000457448159
-0.000002067687 -0.000002467118 0.017351424373 -0.010437695201 0.000060855732 -0.000452039898 -0.695721020125 0.718026485627 0.000051293571
-0.000758236447 0.003726348076 -0.000016997609 0.000064079239 -0.023841076220 -0.063588813599 -0.000263374172 -0.000363123291 0.997684017942

State 1 :
Natural orbital occupations
9
1.392844209740 0.588134870392 0.004876596377 0.003647635402 0.003630589636 0.002424216038 0.002420611478 0.002019490726 0.000001780211
Natural orbitals (in MO basis)
9 9
0.643576205579 0.765088744181 0.011055927178 0.000053240449 -0.000078203899 0.000188594237 0.000126664242 -0.015334480581 -0.009562466017
0.722359125901 -0.600823472772 0.024199899266 -0.000973889577 0.001336015586 -0.002323773605 -0.001536811912 0.340432124402 0.026800862521
-0.001420923348 0.001368130082 0.001397742460 -0.646719878775 0.477290809829 -0.363013532263 -0.471331109570 -0.002940001975 -0.000744107827
-0.000468197003 0.000483975428 -0.000919891085 0.477512058534 0.646437610550 -0.471724447421 0.362731931355 -0.000873616440 0.000422440675
0.009861242474 -0.028645898480 0.898154434750 0.001365107584 -0.000061724132 0.000497243365 0.001540171846 -0.101722560228 -0.426671786936
-0.252473497943 0.229691785923 0.153389360483 0.000219854920 -0.000713711259 -0.003815882978 -0.002093288130 0.923756960185 0.081388564175
0.000199596521 -0.000085018588 0.000726736702 0.307187608745 -0.509702241459 -0.696188858453 -0.401420513801 -0.004419851197 0.001390055053
-0.000071941067 0.000072368595 0.000322218147 0.509281921301 0.307428961098 0.401242576949 -0.696508144420 0.000087620786 0.000189203880
0.012828340783 -0.008327400284 0.411192187334 -0.000683278781 0.000808209399 0.001563714506 0.001172673581 -0.142012225009 0.900285877187

