Number of strings: 9 9, CI size = 81
String addressing array alpha: 1 9
0 1 2 3 4 5 6 7 8

Alpha strings 9 1
1
2
3
4
5
6
7
8
9

Is hamiltonian hermitian? 1
Implicit Hamiltonian constructed
E(core)= 0.000000000000
H(1,1) + E(core) energy = -0.488361567100
Davidson: iter=0 dim=0 root=0 eigenvalue=-0.488361567100
Davidson: iter=1 dim=1 root=0 eigenvalue=-0.534949934150
Davidson: iter=2 dim=2 root=0 eigenvalue=-0.552092744095
Davidson: iter=3 dim=3 root=0 eigenvalue=-0.564985721777
Davidson: iter=4 dim=4 root=0 eigenvalue=-0.569940069990
Davidson: iter=5 dim=5 root=0 eigenvalue=-0.570548365441
Davidson: iter=6 dim=6 root=0 eigenvalue=-0.570591118597
Davidson: iter=7 dim=7 root=0 eigenvalue=-0.570595717497
Davidson: iter=8 dim=8 root=0 eigenvalue=-0.570596394945
Davidson: iter=9 dim=9 root=0 eigenvalue=-0.570596472926
Davidson: iter=10 dim=10 root=0 eigenvalue=-0.570596487709
Davidson: iter=11 dim=11 root=0 eigenvalue=-0.570596488251
Davidson: iter=12 dim=12 root=0 eigenvalue=-0.570596488307
Davidson: iter=13 dim=13 root=0 eigenvalue=-0.570596488308
Davidson: iter=14 dim=14 root=0 eigenvalue=-0.570596488308
Davidson: iter=14 dim=14 root=1 eigenvalue=-0.511016225351
root no. 0 converged
Davidson: iter=15 dim=15 root=0 eigenvalue=-0.570596488308
Davidson: iter=15 dim=15 root=1 eigenvalue=-0.511220409437
Davidson: iter=16 dim=16 root=0 eigenvalue=-0.570596488308
Davidson: iter=16 dim=16 root=1 eigenvalue=-0.511231792005
Davidson: iter=17 dim=17 root=0 eigenvalue=-0.570596488308
Davidson: iter=17 dim=17 root=1 eigenvalue=-0.511232442230
Davidson: iter=18 dim=18 root=0 eigenvalue=-0.570596488308
Davidson: iter=18 dim=18 root=1 eigenvalue=-0.511232460800
Davidson: iter=19 dim=19 root=0 eigenvalue=-0.570596488308
Davidson: iter=19 dim=19 root=1 eigenvalue=-0.511232461549
Davidson: iter=20 dim=20 root=0 eigenvalue=-0.570596488308
Davidson: iter=20 dim=20 root=1 eigenvalue=-0.511232461607
Davidson: iter=21 dim=21 root=0 eigenvalue=-0.570596488308
Davidson: iter=21 dim=21 root=1 eigenvalue=-0.511232461612
Davidson: iter=22 dim=22 root=0 eigenvalue=-0.570596488308
Davidson: iter=22 dim=22 root=1 eigenvalue=-0.511232461612
root no. 1 converged
Davidson converged in 22 iterations.
E(core)= 0.000000000000
E(0)= -0.570596488308
E(1)= -0.511232461612
FCI Excitation energies = 2
0.000000000000 0.059364026696

Vacuum coefficients in CI state 0 = 0.569548113889
Vacuum coefficients in CI state 1 = -0.773157625754
Eigenvector 0 in string basis
0: 0.569548113889 seniority 0 ... 1
1
 | 1
1

1: 0.398003465180 seniority 2 ... 1
1
 | 1
2

2: -0.176912695822 seniority 2 ... 1
1
 | 1
3

9: 0.398003465187 seniority 2 ... 1
2
 | 1
1

10: -0.529435389834 seniority 0 ... 1
2
 | 1
2

11: -0.071638615606 seniority 2 ... 1
2
 | 1
3

18: -0.176912695822 seniority 2 ... 1
3
 | 1
1

19: -0.071638615605 seniority 2 ... 1
3
 | 1
2

Eigenvector 1 in string basis
0: -0.773157625754 seniority 0 ... 1
1
 | 1
1

1: 0.373801061421 seniority 2 ... 1
1
 | 1
2

2: -0.142995154178 seniority 2 ... 1
1
 | 1
3

9: 0.373801062001 seniority 2 ... 1
2
 | 1
1

10: -0.177976685586 seniority 0 ... 1
2
 | 1
2

11: 0.072726972873 seniority 2 ... 1
2
 | 1
3

18: -0.142995154206 seniority 2 ... 1
3
 | 1
1

19: 0.072726972988 seniority 2 ... 1
3
 | 1
2

20: 0.138734634052 seniority 0 ... 1
3
 | 1
3

30: 0.072287102912 seniority 0 ... 1
4
 | 1
4

40: 0.071107688108 seniority 0 ... 1
5
 | 1
5

50: 0.068748573237 seniority 0 ... 1
6
 | 1
6

Seniority vectors for all roots (nroots/seniority)
2 2
0.607298842627 0.392701157373
0.658029638790 0.504728384210

Calculating transition densities
Root 0 MO occupations numbers (density matrix diagonal)
9
1.030933386455 0.887727862306 0.077768973662 0.000324965201 0.000131094494 0.000129386767 0.002926206216 0.000053571194 0.000004553706
Root 1 MO occupations numbers (density matrix diagonal)
9
1.519794663440 0.354244561796 0.090170032915 0.010615883820 0.010147104095 0.009454473673 0.005045389261 0.000291188821 0.000236702179
Transition densities done:
Trandens between roots 0 0
9 9
1.030933386455 0.056942659992 -0.276454933387 -0.004346875882 0.000072902561 -0.000005729243 -0.041808508771 0.005883282699 0.000003758025
0.056942659992 0.887727862306 -0.071809747421 -0.005935011067 0.000097635734 -0.000005533222 -0.035259410457 0.002848611575 -0.000004269698
-0.276454933387 -0.071809747421 0.077768973662 0.001530002648 -0.000025538703 0.000001865528 0.013310254394 -0.001738095597 -0.000000721003
-0.004346875882 -0.005935011067 0.001530002648 0.000324965201 -0.000003171652 0.000000128901 0.000398282541 0.000002480110 0.000000138738
0.000072902561 0.000097635734 -0.000025538703 -0.000003171652 0.000131094494 0.000000323683 -0.000006608248 -0.000000037720 -0.000004052084
-0.000005729243 -0.000005533222 0.000001865528 0.000000128901 0.000000323683 0.000129386767 0.000000432572 -0.000000023722 -0.000000786704
-0.041808508771 -0.035259410457 0.013310254394 0.000398282541 -0.000006608248 0.000000432572 0.002926206216 -0.000330506237 0.000000022428
0.005883282699 0.002848611575 -0.001738095597 0.000002480110 -0.000000037720 -0.000000023722 -0.000330506237 0.000053571194 0.000000043059
0.000003758025 -0.000004269698 -0.000000721003 0.000000138738 -0.000004052084 -0.000000786704 0.000000022428 0.000000043059 0.000004553706

Trandens between roots 0 1
9 9
-0.529280921724 0.256882553849 -0.154826567361 -0.002535542741 0.000041301790 -0.000004628769 -0.038279887326 0.004958407759 0.000002729144
-0.991158101600 0.475778744610 -0.210621938258 -0.011195199534 0.000184187635 -0.000009839484 -0.056871637237 0.004542059264 -0.000006963551
0.205232011141 -0.099292859885 0.053819075743 0.001384565889 -0.000022666444 0.000001879329 0.013788721445 -0.001603894292 -0.000000274880
0.008597871617 -0.004224494474 0.001931232960 -0.001590296097 0.000007043069 -0.000000266494 0.000499692286 -0.000147694579 0.000000562875
-0.000142101918 0.000069820627 -0.000031958788 0.000007034152 -0.001152634074 -0.000009325429 -0.000008258897 0.000002371245 0.000070987159
0.000008656272 -0.000004207821 0.000002069145 -0.000000297649 -0.000009322955 -0.001105979211 0.000000527559 -0.000000096700 0.000013826936
0.056809203202 -0.027370953468 0.013983526424 0.000458040306 -0.000007498608 0.000000514468 0.003573926282 -0.000366943231 0.000000124945
-0.005678855600 0.002724148114 -0.001485599864 -0.000290404202 0.000004801007 -0.000000180724 -0.000380176407 -0.000010133371 -0.000000114490
0.000003093233 -0.000001544196 0.000000429314 -0.000000370359 0.000042400896 0.000008242664 0.000000121836 -0.000000081730 -0.000031782158

Trandens between roots 1 0
9 9
-0.529280921724 -0.991158101600 0.205232011141 0.008597871617 -0.000142101918 0.000008656272 0.056809203202 -0.005678855600 0.000003093233
0.256882553849 0.475778744610 -0.099292859885 -0.004224494474 0.000069820627 -0.000004207821 -0.027370953468 0.002724148114 -0.000001544196
-0.154826567361 -0.210621938258 0.053819075743 0.001931232960 -0.000031958788 0.000002069145 0.013983526424 -0.001485599864 0.000000429314
-0.002535542741 -0.011195199534 0.001384565889 -0.001590296097 0.000007034152 -0.000000297649 0.000458040306 -0.000290404202 -0.000000370359
0.000041301790 0.000184187635 -0.000022666444 0.000007043069 -0.001152634074 -0.000009322955 -0.000007498608 0.000004801007 0.000042400896
-0.000004628769 -0.000009839484 0.000001879329 -0.000000266494 -0.000009325429 -0.001105979211 0.000000514468 -0.000000180724 0.000008242664
-0.038279887326 -0.056871637237 0.013788721445 0.000499692286 -0.000008258897 0.000000527559 0.003573926282 -0.000380176407 0.000000121836
0.004958407759 0.004542059264 -0.001603894292 -0.000147694579 0.000002371245 -0.000000096700 -0.000366943231 -0.000010133371 -0.000000081730
0.000002729144 -0.000006963551 -0.000000274880 0.000000562875 0.000070987159 0.000013826936 0.000000124945 -0.000000114490 -0.000031782158

Trandens between roots 1 1
9 9
1.519794663440 -0.733667804540 0.234923849612 0.012599606908 -0.000206883579 0.000011698254 0.078228936953 -0.006958368775 0.000006598738
-0.733667804540 0.354244561796 -0.112206772664 -0.005528560317 0.000090711658 -0.000005412972 -0.037671299109 0.003399995990 -0.000002908844
0.234923849612 -0.112206772664 0.090170032915 0.002952787534 -0.000048544564 0.000003036212 0.018310485752 -0.001766459498 0.000001090080
0.012599606908 -0.005528560317 0.002952787534 0.010615883820 -0.000006583083 0.000002149913 0.000822183700 0.000400763624 -0.000007406654
-0.000206883579 0.000090711658 -0.000048544564 -0.000006583083 0.010147104095 0.000139262549 -0.000013566910 -0.000005893497 -0.000669915806
0.000011698254 -0.000005412972 0.000003036212 0.000002149913 0.000139262549 0.009454473673 0.000000784827 0.000000072888 -0.000130509275
0.078228936953 -0.037671299109 0.018310485752 0.000822183700 -0.000013566910 0.000000784827 0.005045389261 -0.000442109763 0.000000377321
-0.006958368775 0.003399995990 -0.001766459498 0.000400763624 -0.000005893497 0.000000072888 -0.000442109763 0.000291188821 0.000000141141
0.000006598738 -0.000002908844 0.000001090080 -0.000007406654 -0.000669915806 -0.000130509275 0.000000377321 0.000000141141 0.000236702179

State 0 :
Natural orbital occupations
9
1.130628679306 0.868800518143 0.000277531213 0.000131238708 0.000129324899 0.000022253304 0.000005698280 0.000004419210 0.000000336937
Natural orbitals (in MO basis)
9 9
-0.916432001862 0.306047826396 -0.004088032848 0.000003759238 -0.000006059785 0.226447208800 0.002197918516 0.000002656811 0.123236490664
-0.299127907026 -0.951494837726 -0.007187747127 0.000001517288 0.000001022268 0.044902064055 0.001897473907 0.000003008143 0.055754905920
0.261638847875 -0.020173098341 0.000818591964 0.000008223721 -0.000038579735 0.907241900118 0.011652861791 0.000011439240 0.328502409563
0.005465544912 0.004945835389 -0.985874498070 -0.015965379605 -0.003512108430 0.006141224356 -0.165926835913 0.000144735874 -0.012667354674
-0.000091129418 -0.000080865125 0.016081944858 -0.981779584205 -0.186604611892 -0.000106191257 0.002864863204 0.031947701329 0.000220740285
0.000006558691 0.000004011463 -0.000462035167 -0.186533801973 0.982428807148 0.000043615717 -0.000093826791 0.006209296664 -0.000001122385
0.046420354686 0.023661102545 -0.036315553426 0.000027996335 0.000018314526 -0.349508886079 0.134446704311 -0.000169396605 0.925058958075
-0.005938402234 -0.001015967226 -0.162493870377 0.000079253210 0.000043297624 0.037728127009 0.976850023722 -0.002082244333 -0.133774889153
-0.000002081615 0.000006018413 -0.000713080720 0.032543636316 -0.000138074914 0.000010477164 0.001990801751 0.999468060261 -0.000131384754

State 1 :
Natural orbital occupations
9
1.915440799359 0.053648556373 0.010533384921 0.010220634473 0.009427512197 0.000303013392 0.000230638820 0.000190039671 0.000005420793
Natural orbitals (in MO basis)
9 9
0.890515996264 0.122663302612 0.016147655911 0.000046288442 0.000013715098 -0.097603126818 -0.041230525798 0.000086387902 0.424791585818
-0.429812256719 -0.081735866416 0.042351611309 0.000119101952 0.000038869229 -0.132961138298 -0.089781931889 0.000186574484 0.883768919479
0.141517742608 -0.982609259544 -0.024628778947 -0.000063329948 -0.000038412765 -0.111510051106 0.006570114260 -0.000012439718 -0.036980147283
0.007376361548 -0.022995770770 0.997499022318 -0.013427139665 -0.002709314588 0.007939508388 0.050604798577 0.000812724541 -0.040003923212
-0.000121107825 0.000378797451 -0.013673167236 -0.979382924917 -0.190104468944 -0.000124488052 -0.000873379117 0.066940739830 0.000650134693
0.000006929878 -0.000026875463 0.000101184432 -0.189675514778 0.981760123474 -0.000000601668 -0.000001715357 0.013047889963 -0.000024600788
0.046301859759 -0.109897818864 0.003038828157 0.000014232863 0.000003936704 0.970099446575 -0.156311310904 -0.000071387996 0.142278618348
-0.004138265533 0.012063378903 0.046243807593 0.000057920105 0.000022872113 -0.138580203571 -0.981426979809 -0.001579128692 -0.123664759991
0.000003823762 -0.000002689290 0.000167308367 0.068205377355 -0.000082126206 -0.000116112789 -0.001526761733 0.997670029732 -0.000398787694

