Number of strings: 9 9, CI size = 81
String addressing array alpha: 1 9
0 1 2 3 4 5 6 7 8

Alpha strings 9 1
1
2
3
4
5
6
7
8
9

Is hamiltonian hermitian? 1
Implicit Hamiltonian constructed
E(core)= 0.000000000000
H(1,1) + E(core) energy = -0.501155313600
Davidson: iter=0 dim=0 root=0 eigenvalue=-0.501155313600
Davidson: iter=1 dim=1 root=0 eigenvalue=-0.547640705485
Davidson: iter=2 dim=2 root=0 eigenvalue=-0.563202170814
Davidson: iter=3 dim=3 root=0 eigenvalue=-0.574335726836
Davidson: iter=4 dim=4 root=0 eigenvalue=-0.579148938963
Davidson: iter=5 dim=5 root=0 eigenvalue=-0.579731880919
Davidson: iter=6 dim=6 root=0 eigenvalue=-0.579815666603
Davidson: iter=7 dim=7 root=0 eigenvalue=-0.579823184223
Davidson: iter=8 dim=8 root=0 eigenvalue=-0.579824992866
Davidson: iter=9 dim=9 root=0 eigenvalue=-0.579825141927
Davidson: iter=10 dim=10 root=0 eigenvalue=-0.579825159832
Davidson: iter=11 dim=11 root=0 eigenvalue=-0.579825160723
Davidson: iter=12 dim=12 root=0 eigenvalue=-0.579825160816
Davidson: iter=13 dim=13 root=0 eigenvalue=-0.579825160819
Davidson: iter=14 dim=14 root=0 eigenvalue=-0.579825160819
Davidson: iter=14 dim=14 root=1 eigenvalue=-0.521542659302
root no. 0 converged
Davidson: iter=15 dim=15 root=0 eigenvalue=-0.579825160819
Davidson: iter=15 dim=15 root=1 eigenvalue=-0.521669977766
Davidson: iter=16 dim=16 root=0 eigenvalue=-0.579825160819
Davidson: iter=16 dim=16 root=1 eigenvalue=-0.521679594393
Davidson: iter=17 dim=17 root=0 eigenvalue=-0.579825160819
Davidson: iter=17 dim=17 root=1 eigenvalue=-0.521680357188
Davidson: iter=18 dim=18 root=0 eigenvalue=-0.579825160819
Davidson: iter=18 dim=18 root=1 eigenvalue=-0.521680377147
Davidson: iter=19 dim=19 root=0 eigenvalue=-0.579825160819
Davidson: iter=19 dim=19 root=1 eigenvalue=-0.521680378113
Davidson: iter=20 dim=20 root=0 eigenvalue=-0.579825160819
Davidson: iter=20 dim=20 root=1 eigenvalue=-0.521680378257
Davidson: iter=21 dim=21 root=0 eigenvalue=-0.579825160819
Davidson: iter=21 dim=21 root=1 eigenvalue=-0.521680378271
Davidson: iter=22 dim=22 root=0 eigenvalue=-0.579825160819
Davidson: iter=22 dim=22 root=1 eigenvalue=-0.521680378271
root no. 1 converged
Davidson converged in 22 iterations.
E(core)= 0.000000000000
E(0)= -0.579825160819
E(1)= -0.521680378271
FCI Excitation energies = 2
0.000000000000 0.058144782548

Vacuum coefficients in CI state 0 = 0.604930065653
Vacuum coefficients in CI state 1 = -0.745786032519
Eigenvector 0 in string basis
0: 0.604930065653 seniority 0 ... 1
1
 | 1
1

1: 0.374753214530 seniority 2 ... 1
1
 | 1
2

2: -0.176728960150 seniority 2 ... 1
1
 | 1
3

9: 0.374753214530 seniority 2 ... 1
2
 | 1
1

10: -0.526693344434 seniority 0 ... 1
2
 | 1
2

11: -0.058887523925 seniority 2 ... 1
2
 | 1
3

18: -0.176728960150 seniority 2 ... 1
3
 | 1
1

19: -0.058887523925 seniority 2 ... 1
3
 | 1
2

Eigenvector 1 in string basis
0: -0.745786032519 seniority 0 ... 1
1
 | 1
1

1: 0.388155229607 seniority 2 ... 1
1
 | 1
2

2: -0.157581081995 seniority 2 ... 1
1
 | 1
3

9: 0.388155229627 seniority 2 ... 1
2
 | 1
1

10: -0.199480150403 seniority 0 ... 1
2
 | 1
2

11: 0.078255990204 seniority 2 ... 1
2
 | 1
3

18: -0.157581081996 seniority 2 ... 1
3
 | 1
1

19: 0.078255990208 seniority 2 ... 1
3
 | 1
2

20: 0.132731120336 seniority 0 ... 1
3
 | 1
3

30: 0.071973515998 seniority 0 ... 1
4
 | 1
4

40: 0.070324851820 seniority 0 ... 1
5
 | 1
5

50: 0.069599789642 seniority 0 ... 1
6
 | 1
6

Seniority vectors for all roots (nroots/seniority)
2 2
0.645744353383 0.354255646617
0.639545047907 0.550025027693

Calculating transition densities
Root 0 MO occupations numbers (density matrix diagonal)
9
1.078811061100 0.842763035098 0.073618547313 0.000939392575 0.000227279981 0.000221079947 0.002919593422 0.000491780032 0.000008230532
Root 1 MO occupations numbers (density matrix diagonal)
9
1.469188392660 0.394913635330 0.097377301573 0.011807566619 0.009914250851 0.009700803784 0.005929261283 0.000931789668 0.000236998231
Transition densities done:
Trandens between roots 0 0
9 9
1.078811061100 0.078822244487 -0.274640617082 0.016647677339 0.000435820183 0.000028579394 -0.042137494756 -0.019901486751 0.000243655305
0.078822244487 0.842763035098 -0.075517217484 0.017170758606 0.000421720280 -0.000003665538 -0.035623003941 -0.011170774423 0.000117711715
-0.274640617082 -0.075517217484 0.073618547313 -0.005297449640 -0.000136623410 -0.000006609048 0.012875568052 0.005705791165 -0.000068590296
0.016647677339 0.017170758606 -0.005297449640 0.000939392575 0.000017036073 -0.000000548285 -0.001307989871 -0.000448687512 0.000005259703
0.000435820183 0.000421720280 -0.000136623410 0.000017036073 0.000227279981 -0.000008527682 -0.000032956082 -0.000012009306 -0.000014919573
0.000028579394 -0.000003665538 -0.000006609048 -0.000000548285 -0.000008527682 0.000221079947 -0.000000699203 -0.000000697320 0.000010810808
-0.042137494756 -0.035623003941 0.012875568052 -0.001307989871 -0.000032956082 -0.000000699203 0.002919593422 0.001148887624 -0.000013299170
-0.019901486751 -0.011170774423 0.005705791165 -0.000448687512 -0.000012009306 -0.000000697320 0.001148887624 0.000491780032 -0.000005721373
0.000243655305 0.000117711715 -0.000068590296 0.000005259703 -0.000014919573 0.000010810808 -0.000013299170 -0.000005721373 0.000008230532

Trandens between roots 0 1
9 9
-0.551116742779 0.290051382211 -0.179806976268 0.013189608402 0.000375933174 0.000066200772 -0.044184860396 -0.018619843926 0.000221507080
-0.950101420325 0.492309999398 -0.216027800006 0.033367174662 0.000805736782 -0.000027453595 -0.060234209439 -0.019221550599 0.000203799295
0.202656286853 -0.106116737359 0.058548781444 -0.005500027165 -0.000148098237 -0.000015977163 0.015051206762 0.005929408634 -0.000068875730
-0.026566004215 0.014053042980 -0.006586730022 -0.001151570667 0.000012141018 0.000003043747 -0.001724175363 -0.000727422294 0.000006973431
-0.000659622561 0.000347909106 -0.000166794699 0.000011803649 -0.001499220858 0.000051744170 -0.000043503514 -0.000016229641 0.000080333057
-0.000002017928 -0.000000290268 -0.000004741733 0.000002600786 0.000051734585 -0.001464401656 -0.000001060226 0.000000123263 -0.000057492195
0.056531355280 -0.029479409159 0.015062728580 -0.001593535060 -0.000041249060 -0.000002360355 0.003911495186 0.001442033532 -0.000016278218
0.020401178445 -0.010620019204 0.005763556254 -0.000824448274 -0.000018088246 0.000000176831 0.001491768390 0.000505562656 -0.000006209771
-0.000228295657 0.000118742225 -0.000066063811 0.000008167220 0.000096708783 -0.000069231751 -0.000017008493 -0.000006292547 -0.000043902725

Trandens between roots 1 0
9 9
-0.551116742779 -0.950101420325 0.202656286853 -0.026566004215 -0.000659622561 -0.000002017928 0.056531355280 0.020401178445 -0.000228295657
0.290051382211 0.492309999398 -0.106116737359 0.014053042980 0.000347909106 -0.000000290268 -0.029479409159 -0.010620019204 0.000118742225
-0.179806976268 -0.216027800006 0.058548781444 -0.006586730022 -0.000166794699 -0.000004741733 0.015062728580 0.005763556254 -0.000066063811
0.013189608402 0.033367174662 -0.005500027165 -0.001151570667 0.000011803649 0.000002600786 -0.001593535060 -0.000824448274 0.000008167220
0.000375933174 0.000805736782 -0.000148098237 0.000012141018 -0.001499220858 0.000051734585 -0.000041249060 -0.000018088246 0.000096708783
0.000066200772 -0.000027453595 -0.000015977163 0.000003043747 0.000051744170 -0.001464401656 -0.000002360355 0.000000176831 -0.000069231751
-0.044184860396 -0.060234209439 0.015051206762 -0.001724175363 -0.000043503514 -0.000001060226 0.003911495186 0.001491768390 -0.000017008493
-0.018619843926 -0.019221550599 0.005929408634 -0.000727422294 -0.000016229641 0.000000123263 0.001442033532 0.000505562656 -0.000006292547
0.000221507080 0.000203799295 -0.000068875730 0.000006973431 0.000080333057 -0.000057492195 -0.000016278218 -0.000006209771 -0.000043902725

Trandens between roots 1 1
9 9
1.469188392660 -0.761525882017 0.252826109737 -0.039708739320 -0.000967436707 0.000020399848 0.083865612678 0.028129511953 -0.000306408379
-0.761525882017 0.394913635330 -0.132216556788 0.019436148567 0.000479388274 -0.000002140895 -0.043633376748 -0.014761858920 0.000161596253
0.252826109737 -0.132216556788 0.097377301573 -0.009945434410 -0.000254738806 -0.000011347814 0.021137437332 0.007604916759 -0.000085092075
-0.039708739320 0.019436148567 -0.009945434410 0.011807566619 0.000038725256 -0.000001158366 -0.002864860427 -0.000486483663 0.000013800886
-0.000967436707 0.000479388274 -0.000254738806 0.000038725256 0.009914250851 -0.000311787288 -0.000070594800 -0.000024773779 -0.000513214745
0.000020399848 -0.000002140895 -0.000011347814 -0.000001158366 -0.000311787288 0.009700803784 0.000000644211 -0.000002595977 0.000368333263
0.083865612678 -0.043633376748 0.021137437332 -0.002864860427 -0.000070594800 0.000000644211 0.005929261283 0.001967752346 -0.000021630871
0.028129511953 -0.014761858920 0.007604916759 -0.000486483663 -0.000024773779 -0.000002595977 0.001967752346 0.000931789668 -0.000007731114
-0.000306408379 0.000161596253 -0.000085092075 0.000013800886 -0.000513214745 0.000368333263 -0.000021630871 -0.000007731114 0.000236998231

State 0 :
Natural orbital occupations
9
1.179413126278 0.819706188862 0.000387087800 0.000234484407 0.000214973150 0.000029160371 0.000007769570 0.000006645341 0.000000564221
Natural orbitals (in MO basis)
9 9
0.925793258647 0.287900381458 0.015409849314 0.000003035850 0.000256968742 -0.215774593151 -0.002455946451 0.000042626730 -0.114969450562
0.279053894528 -0.957123343536 0.021311235659 0.000009610339 -0.000062540662 -0.047648719284 -0.006230162895 0.000048078510 -0.057275114557
-0.249697201351 -0.008491124410 0.000156545877 -0.000037617413 0.001759588711 -0.917082317529 -0.010526913710 0.000124649852 -0.310524198405
0.018323237531 -0.014209707378 -0.987706684219 0.019632687993 -0.005790710201 0.006908309779 -0.150062929705 -0.000758608026 -0.030194225717
0.000472599100 -0.000339486820 -0.019145228095 -0.810062147234 0.582261722196 0.001282799773 -0.002489254651 0.066298175114 -0.000660406894
0.000022998031 0.000014374503 0.006634279734 0.580306483145 0.812978480672 0.001451070077 0.001156257135 -0.047569814733 0.000177119849
-0.044379984235 0.026788418355 0.098111320729 0.000026764475 -0.000426122049 0.295478624057 -0.474798004774 0.001127283491 -0.821550211922
-0.019531283059 0.006043438282 -0.117060787349 0.001180673448 -0.000625633635 0.150891034816 0.867063827928 0.011344532927 -0.459543804198
0.000234305193 -0.000051719203 0.002058301311 0.081589610726 0.000073553910 -0.001936437452 -0.009224654707 0.996599769393 0.006236299684

State 1 :
Natural orbital occupations
9
1.915420404711 0.053519775324 0.010660560832 0.010176627412 0.009477684537 0.000314890839 0.000233027666 0.000196736067 0.000000292612
Natural orbitals (in MO basis)
9 9
-0.875426811779 -0.152453284714 -0.036219430269 0.000095872101 -0.000122914134 0.115686583330 -0.079358149330 0.000380911656 0.435192802386
0.453892759736 0.058867456617 -0.097729866525 0.000260974474 -0.000407486445 0.154958081143 -0.164030743430 0.000767912967 0.854427260131
-0.155540145184 0.975994081808 0.069290552189 -0.000205548111 0.001253037784 0.135786584352 0.000828560497 0.000019578208 -0.001157216195
0.023788556105 -0.068743208465 0.990855972626 0.017415928260 -0.002621199883 0.016944992518 -0.065127847908 -0.000793109553 0.089851732243
0.000581974262 -0.001941052919 0.015462242158 -0.811413129274 0.581982492541 0.000143371744 -0.000907986684 0.051551679978 0.001871897618
-0.000009022398 -0.000316804645 -0.008012269153 0.580757814756 0.813195929654 -0.000272855729 0.000763199038 -0.036980861674 -0.000450152501
-0.050595952380 0.116988547425 -0.012383600781 0.000044094783 0.000056590455 -0.889079610215 -0.428787915759 0.000168215634 0.096326073113
-0.017038308993 0.048083688747 0.045640807912 0.000757075442 -0.000357597523 -0.391657603624 0.882377624709 0.011769695210 0.251375006172
0.000185921188 -0.000559189543 -0.000756732842 0.063443557806 0.000073119009 0.004599074052 -0.010154804680 0.997915287963 -0.003846587138

