Number of strings: 9 9, CI size = 81
String addressing array alpha: 1 9
0 1 2 3 4 5 6 7 8

Alpha strings 9 1
1
2
3
4
5
6
7
8
9

Is hamiltonian hermitian? 1
Implicit Hamiltonian constructed
E(core)= 0.000000000000
H(1,1) + E(core) energy = -0.660161846000
Davidson: iter=0 dim=0 root=0 eigenvalue=-0.660161846000
Davidson: iter=1 dim=1 root=0 eigenvalue=-0.697914482189
Davidson: iter=2 dim=2 root=0 eigenvalue=-0.701210639681
Davidson: iter=3 dim=3 root=0 eigenvalue=-0.702374457005
Davidson: iter=4 dim=4 root=0 eigenvalue=-0.702510971197
Davidson: iter=5 dim=5 root=0 eigenvalue=-0.702521490176
Davidson: iter=6 dim=6 root=0 eigenvalue=-0.702522564869
Davidson: iter=7 dim=7 root=0 eigenvalue=-0.702522577149
Davidson: iter=8 dim=8 root=0 eigenvalue=-0.702522577991
Davidson: iter=9 dim=9 root=0 eigenvalue=-0.702522578041
Davidson: iter=10 dim=10 root=0 eigenvalue=-0.702522578049
Davidson: iter=11 dim=11 root=0 eigenvalue=-0.702522578049
Davidson: iter=11 dim=11 root=1 eigenvalue=-0.525441334961
root no. 0 converged
Davidson: iter=12 dim=12 root=0 eigenvalue=-0.702522578049
Davidson: iter=12 dim=12 root=1 eigenvalue=-0.527348820398
Davidson: iter=13 dim=13 root=0 eigenvalue=-0.702522578049
Davidson: iter=13 dim=13 root=1 eigenvalue=-0.527443168804
Davidson: iter=14 dim=14 root=0 eigenvalue=-0.702522578049
Davidson: iter=14 dim=14 root=1 eigenvalue=-0.527449934904
Davidson: iter=15 dim=15 root=0 eigenvalue=-0.702522578049
Davidson: iter=15 dim=15 root=1 eigenvalue=-0.527450052156
Davidson: iter=16 dim=16 root=0 eigenvalue=-0.702522578049
Davidson: iter=16 dim=16 root=1 eigenvalue=-0.527450076136
Davidson: iter=17 dim=17 root=0 eigenvalue=-0.702522578049
Davidson: iter=17 dim=17 root=1 eigenvalue=-0.527450077337
Davidson: iter=18 dim=18 root=0 eigenvalue=-0.702522578049
Davidson: iter=18 dim=18 root=1 eigenvalue=-0.527450077398
Davidson: iter=19 dim=19 root=0 eigenvalue=-0.702522578049
Davidson: iter=19 dim=19 root=1 eigenvalue=-0.527450077431
Davidson: iter=20 dim=20 root=0 eigenvalue=-0.702522578049
Davidson: iter=20 dim=20 root=1 eigenvalue=-0.527450077435
Davidson: iter=21 dim=21 root=0 eigenvalue=-0.702522578049
Davidson: iter=21 dim=21 root=1 eigenvalue=-0.527450077435
root no. 1 converged
Davidson converged in 21 iterations.
E(core)= 0.000000000000
E(0)= -0.702522578049
E(1)= -0.527450077435
FCI Excitation energies = 2
0.000000000000 0.175072500614

Vacuum coefficients in CI state 0 = 0.961331446869
Vacuum coefficients in CI state 1 = 0.154783399879
Eigenvector 0 in string basis
0: 0.961331446869 seniority 0 ... 1
1
 | 1
1

10: -0.244726751601 seniority 0 ... 1
2
 | 1
2

20: -0.060888208112 seniority 0 ... 1
3
 | 1
3

30: -0.060026670109 seniority 0 ... 1
4
 | 1
4

40: -0.060028042717 seniority 0 ... 1
5
 | 1
5

Eigenvector 1 in string basis
0: 0.154783399879 seniority 0 ... 1
1
 | 1
1

1: -0.571017976398 seniority 2 ... 1
1
 | 1
2

2: 0.069428959117 seniority 2 ... 1
1
 | 1
3

5: 0.220340692895 seniority 2 ... 1
1
 | 1
6

9: -0.571017976375 seniority 2 ... 1
2
 | 1
1

10: 0.421698498464 seniority 0 ... 1
2
 | 1
2

14: -0.119740951003 seniority 2 ... 1
2
 | 1
6

18: 0.069428959116 seniority 2 ... 1
3
 | 1
1

45: 0.220340692892 seniority 2 ... 1
6
 | 1
1

46: -0.119740951002 seniority 2 ... 1
6
 | 1
2

Seniority vectors for all roots (nroots/seniority)
2 2
0.995495816273 0.004504183727
0.207569548535 0.923871292665

Calculating transition densities
Root 0 MO occupations numbers (density matrix diagonal)
9
1.852738150604 0.122029226079 0.007789580775 0.007224107916 0.007224394545 0.002315397347 0.000229538612 0.000229563180 0.000220040941
Root 1 MO occupations numbers (density matrix diagonal)
9
0.807056237659 1.036824711624 0.015342512401 0.004124300297 0.004123527622 0.127646726042 0.001632740976 0.001632856272 0.001616387107
Transition densities done:
Trandens between roots 0 0
9 9
1.852738150604 0.048083996835 -0.023485080440 -0.000045634635 0.000011111476 -0.057531763433 -0.000025325862 -0.000033104675 -0.004777241467
0.048083996835 0.122029226079 -0.000294227410 -0.000000493058 0.000000599947 -0.001247541540 -0.000001116968 -0.000001590430 -0.000258897358
-0.023485080440 -0.000294227410 0.007789580775 0.000000979535 -0.000000299214 0.000260510270 0.000002712088 0.000002589748 0.000475195853
-0.000045634635 -0.000000493058 0.000000979535 0.007224107916 -0.000000026610 0.000000464170 -0.000254796177 0.000331915109 0.000000203599
0.000011111476 0.000000599947 -0.000000299214 -0.000000026610 0.007224394545 -0.000000165169 0.000331523114 0.000254484287 -0.000003391117
-0.057531763433 -0.001247541540 0.000260510270 0.000000464170 -0.000000165169 0.002315397347 0.000000676256 0.000000840772 0.000118386134
-0.000025325862 -0.000001116968 0.000002712088 -0.000254796177 0.000331523114 0.000000676256 0.000229538612 -0.000000026392 -0.000000023169
-0.000033104675 -0.000001590430 0.000002589748 0.000331915109 0.000254484287 0.000000840772 -0.000000026392 0.000229563180 -0.000000001527
-0.004777241467 -0.000258897358 0.000475195853 0.000000203599 -0.000003391117 0.000118386134 -0.000000023169 -0.000000001527 0.000220040941

Trandens between roots 0 1
9 9
0.244290780344 -1.062072811839 0.134264516834 0.000252500900 -0.000150697249 0.417629372019 -0.000143500023 -0.000183806676 -0.022576195588
0.289044040296 -0.244236181079 0.011165030687 0.000020036071 -0.000022639553 0.073459692294 -0.000016677855 -0.000021765864 -0.002561518270
-0.009779376220 0.014675247127 0.003530618371 -0.000001211368 0.000001288426 -0.004404916360 -0.000016844715 -0.000011915962 -0.002523319983
-0.000018046344 0.000027939264 -0.000001314189 0.004226796639 -0.000000010884 -0.000008608810 0.001936715493 -0.002522131104 0.000001583013
0.000011381292 -0.000011256625 0.000000189252 0.000000047360 0.004226340266 0.000002789851 -0.002522137489 -0.001937029242 0.000023721120
-0.013797708698 0.036831657683 -0.004164089591 -0.000007870482 0.000004795917 -0.012208934517 0.000006079156 0.000007877933 0.001027281271
-0.000004190205 0.000015216721 -0.000003593821 0.000205542733 -0.000267832457 -0.000005282172 0.000034661084 0.000000099689 0.000000382199
-0.000006118195 0.000020164958 -0.000003392869 -0.000267642606 -0.000205769031 -0.000006951288 0.000000160059 0.000034571716 0.000000328079
-0.001030686583 0.002992641799 -0.000557564033 -0.000000315921 0.000002742268 -0.001014617864 0.000000448789 0.000000415929 0.000101347177

Trandens between roots 1 0
9 9
0.244290780344 0.289044040296 -0.009779376220 -0.000018046344 0.000011381292 -0.013797708698 -0.000004190205 -0.000006118195 -0.001030686583
-1.062072811839 -0.244236181079 0.014675247127 0.000027939264 -0.000011256625 0.036831657683 0.000015216721 0.000020164958 0.002992641799
0.134264516834 0.011165030687 0.003530618371 -0.000001314189 0.000000189252 -0.004164089591 -0.000003593821 -0.000003392869 -0.000557564033
0.000252500900 0.000020036071 -0.000001211368 0.004226796639 0.000000047360 -0.000007870482 0.000205542733 -0.000267642606 -0.000000315921
-0.000150697249 -0.000022639553 0.000001288426 -0.000000010884 0.004226340266 0.000004795917 -0.000267832457 -0.000205769031 0.000002742268
0.417629372019 0.073459692294 -0.004404916360 -0.000008608810 0.000002789851 -0.012208934517 -0.000005282172 -0.000006951288 -0.001014617864
-0.000143500023 -0.000016677855 -0.000016844715 0.001936715493 -0.002522137489 0.000006079156 0.000034661084 0.000000160059 0.000000448789
-0.000183806676 -0.000021765864 -0.000011915962 -0.002522131104 -0.001937029242 0.000007877933 0.000000099689 0.000034571716 0.000000415929
-0.022576195588 -0.002561518270 -0.002523319983 0.000001583013 0.000023721120 0.001027281271 0.000000382199 0.000000328079 0.000101347177

Trandens between roots 1 1
9 9
0.807056237659 -0.713028189565 0.025199864185 0.000044461307 -0.000059884551 0.191216458414 -0.000047173410 -0.000060528237 -0.006777015427
-0.713028189565 1.036824711624 -0.086574321780 -0.000160952037 0.000118103196 -0.345617601268 0.000109917593 0.000141231147 0.017126209283
0.025199864185 -0.086574321780 0.015342512401 0.000021505293 -0.000011679703 0.034923820468 -0.000026538071 -0.000026581882 -0.004138478459
0.000044461307 -0.000160952037 0.000021505293 0.004124300297 0.000000129773 0.000065122007 0.001510789409 -0.001967525352 -0.000002811125
-0.000059884551 0.000118103196 -0.000011679703 0.000000129773 0.004123527622 -0.000043669767 -0.001967356975 -0.001510923375 0.000021068377
0.191216458414 -0.345617601268 0.034923820468 0.000065122007 -0.000043669767 0.127646726042 -0.000039004638 -0.000050053844 -0.006071213874
-0.000047173410 0.000109917593 -0.000026538071 0.001510789409 -0.001967356975 -0.000039004638 0.001632740976 0.000000199202 0.000001076423
-0.000060528237 0.000141231147 -0.000026581882 -0.001967525352 -0.001510923375 -0.000050053844 0.000000199202 0.001632856272 0.000001120273
-0.006777015427 0.017126209283 -0.004138478459 -0.000002811125 0.000021068377 -0.006071213874 0.000001076423 0.000001120273 0.001616387107

State 0 :
Natural orbital occupations
9
1.856170176860 0.120696611203 0.007545232594 0.007249281660 0.007249046358 0.000496406111 0.000204642462 0.000204631666 0.000183971087
Natural orbitals (in MO basis)
9 9
0.999049891367 0.027614805390 -0.010794940568 0.000001005344 0.000003430373 0.031869499923 0.000004851668 0.000002576953 0.002131026244
0.027726363423 -0.999608979934 0.002578756007 -0.000004274919 -0.000001952565 -0.002222374920 0.000001673851 0.000000408513 0.001243803791
-0.012703137901 -0.003141379048 -0.996067852281 0.000777756547 -0.001545387952 0.067300748674 -0.000072732993 -0.000144793411 -0.056081953609
-0.000024681503 -0.000006790825 -0.001615324151 -0.113481505132 0.991755243052 0.000138669728 -0.038928598424 0.045004551707 -0.000106142126
0.000006017563 -0.000002577302 0.000595808578 0.991760484007 0.113483134329 -0.000029275015 -0.044950043061 -0.038882263648 0.000167034846
-0.031024709855 -0.002892099191 0.067239066170 -0.000011575037 -0.000030304069 0.997203545811 -0.000025730264 -0.000037580261 0.009648638077
-0.000013674930 0.000003382989 -0.000242631623 0.050957344032 -0.030640154519 0.000027541480 0.201201714534 0.977738544635 0.003111044266
-0.000017879321 0.000005496524 -0.000349141519 0.030588387276 0.051008726106 -0.000000737506 0.977730449479 -0.201210063168 0.004474015732
-0.002580667528 0.001037864733 -0.056581055824 -0.000430058849 -0.000133178657 -0.005922214878 -0.005009002483 -0.002141571772 0.998361605513

State 1 :
Natural orbital occupations
9
1.742225142260 0.236248908924 0.005654445855 0.005653850318 0.005402702930 0.004577628608 0.000102560510 0.000102491494 0.000032269102
Natural orbitals (in MO basis)
9 9
0.619321294847 0.766106997532 0.000324133612 -0.000358059175 0.144132910104 0.092180393236 -0.000027089385 -0.000011972368 0.015793899544
-0.747467003057 0.514600659715 0.000505319481 -0.000546141516 0.274870332675 0.317441801865 0.000085415016 0.000071528497 -0.012477057962
0.051278642205 -0.169297007895 0.001030711373 -0.003653707949 0.815327015253 -0.292434596648 -0.000612314619 -0.001620413456 0.467349415573
0.000094538337 -0.000323521673 0.777861991291 0.345440404853 0.000529852773 -0.000308829686 -0.400927493499 0.338907291989 0.000389705226
-0.000078337172 0.000137333955 0.345416841289 -0.777811385479 -0.003639161278 0.000972248572 -0.338961152938 -0.400980070089 -0.001661566657
0.234499627022 -0.344756520511 0.000233762829 -0.000273182129 0.299565368712 0.845999774327 0.000335579053 0.000212389022 -0.143866435288
-0.000069859708 0.000160407609 0.123214161907 0.510358560976 -0.000626965935 0.001103497255 -0.039857071624 -0.850150331103 0.002568366682
-0.000089758177 0.000206818136 -0.510326284501 0.123279406223 -0.000675883317 0.001410998796 -0.850154730427 0.039913349849 0.003260616405
-0.010705646101 0.027340482908 0.001343313430 -0.001688747113 -0.386212478261 0.299158180209 0.003214709642 0.002343874610 0.872044555927

