Number of strings: 9 9, CI size = 81
String addressing array alpha: 1 9
0 1 2 3 4 5 6 7 8

Alpha strings 9 1
1
2
3
4
5
6
7
8
9

Is hamiltonian hermitian? 1
Implicit Hamiltonian constructed
E(core)= 0.000000000000
H(1,1) + E(core) energy = -0.528731633900
Davidson: iter=0 dim=0 root=0 eigenvalue=-0.528731633900
Davidson: iter=1 dim=1 root=0 eigenvalue=-0.575461005103
Davidson: iter=2 dim=2 root=0 eigenvalue=-0.587604373202
Davidson: iter=3 dim=3 root=0 eigenvalue=-0.592052124105
Davidson: iter=4 dim=4 root=0 eigenvalue=-0.593774883659
Davidson: iter=5 dim=5 root=0 eigenvalue=-0.594197818828
Davidson: iter=6 dim=6 root=0 eigenvalue=-0.594271034490
Davidson: iter=7 dim=7 root=0 eigenvalue=-0.594275684398
Davidson: iter=8 dim=8 root=0 eigenvalue=-0.594276050003
Davidson: iter=9 dim=9 root=0 eigenvalue=-0.594276085005
Davidson: iter=10 dim=10 root=0 eigenvalue=-0.594276086264
Davidson: iter=11 dim=11 root=0 eigenvalue=-0.594276086319
Davidson: iter=12 dim=12 root=0 eigenvalue=-0.594276086322
Davidson: iter=13 dim=13 root=0 eigenvalue=-0.594276086322
Davidson: iter=13 dim=13 root=1 eigenvalue=-0.530891558470
root no. 0 converged
Davidson: iter=14 dim=14 root=0 eigenvalue=-0.594276086322
Davidson: iter=14 dim=14 root=1 eigenvalue=-0.531180867539
Davidson: iter=15 dim=15 root=0 eigenvalue=-0.594276086322
Davidson: iter=15 dim=15 root=1 eigenvalue=-0.531196123100
Davidson: iter=16 dim=16 root=0 eigenvalue=-0.594276086322
Davidson: iter=16 dim=16 root=1 eigenvalue=-0.531196396863
Davidson: iter=17 dim=17 root=0 eigenvalue=-0.594276086322
Davidson: iter=17 dim=17 root=1 eigenvalue=-0.531196402837
Davidson: iter=18 dim=18 root=0 eigenvalue=-0.594276086322
Davidson: iter=18 dim=18 root=1 eigenvalue=-0.531196402854
Davidson: iter=19 dim=19 root=0 eigenvalue=-0.594276086322
Davidson: iter=19 dim=19 root=1 eigenvalue=-0.531196402854
root no. 1 converged
Davidson converged in 19 iterations.
E(core)= 0.000000000000
E(0)= -0.594276086322
E(1)= -0.531196402854
FCI Excitation energies = 2
0.000000000000 0.063079683468

Vacuum coefficients in CI state 0 = 0.762185734666
Vacuum coefficients in CI state 1 = 0.589677740597
Eigenvector 0 in string basis
0: 0.762185734666 seniority 0 ... 1
1
 | 1
1

1: -0.271996017825 seniority 2 ... 1
1
 | 1
2

2: -0.121348548673 seniority 2 ... 1
1
 | 1
3

3: -0.050095556907 seniority 2 ... 1
1
 | 1
4

9: -0.271996017825 seniority 2 ... 1
2
 | 1
1

10: -0.480323482634 seniority 0 ... 1
2
 | 1
2

18: -0.121348548673 seniority 2 ... 1
3
 | 1
1

27: -0.050095556907 seniority 2 ... 1
4
 | 1
1

Eigenvector 1 in string basis
0: 0.589677740597 seniority 0 ... 1
1
 | 1
1

1: 0.471144986195 seniority 2 ... 1
1
 | 1
2

2: 0.158755029925 seniority 2 ... 1
1
 | 1
3

3: 0.080635107222 seniority 2 ... 1
1
 | 1
4

9: 0.471144986194 seniority 2 ... 1
2
 | 1
1

10: 0.322639901631 seniority 0 ... 1
2
 | 1
2

11: 0.062997086119 seniority 2 ... 1
2
 | 1
3

18: 0.158755029924 seniority 2 ... 1
3
 | 1
1

19: 0.062997086119 seniority 2 ... 1
3
 | 1
2

20: -0.099692996923 seniority 0 ... 1
3
 | 1
3

27: 0.080635107222 seniority 2 ... 1
4
 | 1
1

30: -0.071984460157 seniority 0 ... 1
4
 | 1
4

40: -0.071045236859 seniority 0 ... 1
5
 | 1
5

50: -0.071045140678 seniority 0 ... 1
6
 | 1
6

Seniority vectors for all roots (nroots/seniority)
2 2
0.813570891551 0.186429108449
0.477390192665 0.677840065235

Calculating transition densities
Root 0 MO occupations numbers (density matrix diagonal)
9
1.344689036288 0.612518122094 0.033001489853 0.006522031877 0.001303118108 0.001303159745 0.000548854444 0.000057088823 0.000057098769
Root 1 MO occupations numbers (density matrix diagonal)
9
1.204776240560 0.665245905886 0.078390247498 0.028095658439 0.010095441524 0.010095425589 0.002835993516 0.000232540848 0.000232546141
Transition densities done:
Trandens between roots 0 0
9 9
1.344689036288 -0.162802121730 -0.209402491212 -0.077887337695 0.000030242794 0.000079480478 0.018947227158 0.000026797456 -0.000019552477
-0.162802121730 0.612518122094 0.028937876557 0.027022693876 -0.000003565468 -0.000017230049 -0.013495567109 -0.000015292658 0.000010289470
-0.209402491212 0.028937876557 0.033001489853 0.011785393487 -0.000004520406 -0.000011959822 -0.002922475075 -0.000004229109 0.000003095386
-0.077887337695 0.027022693876 0.011785393487 0.006522031877 -0.000001842995 -0.000005012433 -0.001689883698 -0.000002122732 0.000001422635
0.000030242794 -0.000003565468 -0.000004520406 -0.000001842995 0.001303118108 0.000000010944 0.000000530164 0.000010303903 0.000202964568
0.000079480478 -0.000017230049 -0.000011959822 -0.000005012433 0.000000010944 0.001303159745 0.000001564251 -0.000202939718 0.000010307138
0.018947227158 -0.013495567109 -0.002922475075 -0.001689883698 0.000000530164 0.000001564251 0.000548854444 0.000000597149 -0.000000415817
0.000026797456 -0.000015292658 -0.000004229109 -0.000002122732 0.000010303903 -0.000202939718 0.000000597149 0.000057088823 -0.000000001138
-0.000019552477 0.000010289470 0.000003095386 0.000001422635 0.000202964568 0.000010307138 -0.000000415817 -0.000000001138 0.000057098769

Trandens between roots 0 1
9 9
0.595091345946 0.522120861425 0.232878896573 0.106123202276 -0.000025319084 -0.000088330177 -0.039477798382 -0.000050148783 0.000035781713
-0.761099828691 -0.561379178203 -0.154667786437 -0.090684395187 0.000022674374 0.000073623471 0.033670851904 0.000038480397 -0.000026342255
-0.101632204047 -0.086800918063 -0.035225387162 -0.017866553046 0.000004456035 0.000015045071 0.006350517662 0.000008036151 -0.000005715635
-0.057584396486 -0.047033239924 -0.018001012768 -0.004799605044 0.000002030874 0.000006981438 0.003220437759 0.000003848381 -0.000002713229
0.000013771400 0.000012196337 0.000005778968 0.000002435401 0.003589702773 -0.000000004203 -0.000000912877 0.000002373054 0.000047030879
0.000046052452 0.000038875779 0.000016428670 0.000007356221 0.000000002086 0.003589750673 -0.000002781518 -0.000047003980 0.000002359024
0.021672816328 0.017004199165 0.005870359521 0.002425429017 -0.000000515644 -0.000001809059 -0.001034463387 -0.000001329917 0.000000925314
0.000025964125 0.000020583552 0.000007237020 0.000003169270 0.000024707515 -0.000486648379 -0.000001380733 0.000083912029 0.000000004969
-0.000017925456 -0.000014255858 -0.000005051241 -0.000002418646 0.000486708546 0.000024712919 0.000000962828 -0.000000001044 0.000083922374

Trandens between roots 1 0
9 9
0.595091345946 -0.761099828691 -0.101632204047 -0.057584396486 0.000013771400 0.000046052452 0.021672816328 0.000025964125 -0.000017925456
0.522120861425 -0.561379178203 -0.086800918063 -0.047033239924 0.000012196337 0.000038875779 0.017004199165 0.000020583552 -0.000014255858
0.232878896573 -0.154667786437 -0.035225387162 -0.018001012768 0.000005778968 0.000016428670 0.005870359521 0.000007237020 -0.000005051241
0.106123202276 -0.090684395187 -0.017866553046 -0.004799605044 0.000002435401 0.000007356221 0.002425429017 0.000003169270 -0.000002418646
-0.000025319084 0.000022674374 0.000004456035 0.000002030874 0.003589702773 0.000000002086 -0.000000515644 0.000024707515 0.000486708546
-0.000088330177 0.000073623471 0.000015045071 0.000006981438 -0.000000004203 0.003589750673 -0.000001809059 -0.000486648379 0.000024712919
-0.039477798382 0.033670851904 0.006350517662 0.003220437759 -0.000000912877 -0.000002781518 -0.001034463387 -0.000001380733 0.000000962828
-0.000050148783 0.000038480397 0.000008036151 0.000003848381 0.000002373054 -0.000047003980 -0.000001329917 0.000083912029 -0.000000001044
0.000035781713 -0.000026342255 -0.000005715635 -0.000002713229 0.000047030879 0.000002359024 0.000000925314 0.000000004969 0.000083922374

Trandens between roots 1 1
9 9
1.204776240560 0.888457464214 0.213344654119 0.125978648317 -0.000031394952 -0.000102160384 -0.051710832069 -0.000059758594 0.000040936649
0.888457464214 0.665245905886 0.176749501472 0.098954572323 -0.000024267682 -0.000080441778 -0.040021368665 -0.000046698403 0.000032160834
0.213344654119 0.176749501472 0.078390247498 0.034538570272 -0.000007507772 -0.000027495225 -0.012857293868 -0.000015489215 0.000010907616
0.125978648317 0.098954572323 0.034538570272 0.028095658439 -0.000003923079 -0.000014096109 -0.006404651080 -0.000008021051 0.000005687648
-0.000031394952 -0.000024267682 -0.000007507772 -0.000003923079 0.010095441524 -0.000000051861 0.000001521736 -0.000004544032 -0.000088693137
-0.000102160384 -0.000080441778 -0.000027495225 -0.000014096109 -0.000000051861 0.010095425589 0.000005120699 0.000088758928 -0.000004611540
-0.051710832069 -0.040021368665 -0.012857293868 -0.006404651080 0.000001521736 0.000005120699 0.002835993516 0.000003060859 -0.000002127882
-0.000059758594 -0.000046698403 -0.000015489215 -0.000008021051 -0.000004544032 0.000088758928 0.000003060859 0.000232540848 -0.000000003741
0.000040936649 0.000032160834 0.000010907616 0.000005687648 -0.000088693137 -0.000004611540 -0.000002127882 -0.000000003741 0.000232546141

State 0 :
Natural orbital occupations
9
1.416683132828 0.578674206194 0.001693030712 0.001335458025 0.001335422935 0.000206307928 0.000024789776 0.000024787854 0.000022863748
Natural orbitals (in MO basis)
9 9
-0.965562989236 -0.203197908556 -0.001480017538 0.000001199970 -0.000000847215 0.161765154533 -0.000006840768 -0.000010015333 -0.015118464032
0.203128799524 -0.978503315868 0.028829967957 -0.000024084251 0.000009435047 -0.015040884957 0.000016042033 0.000018419478 0.014579269534
0.150904233478 0.025609253692 0.328788826082 -0.000006925568 0.000025007988 0.928843601562 -0.000107975618 -0.000118054570 -0.075627533711
0.058502841157 -0.018073256721 -0.928953514846 0.001106856588 -0.000148461855 0.332160053262 0.000267688438 0.000228841047 0.151540324806
-0.000021704950 -0.000004732347 0.000445495923 0.289963193965 -0.944071004788 -0.000124600826 -0.154589925767 0.027440556694 0.000200691789
-0.000058189867 0.000000892789 0.000950858574 0.944073710298 0.289964971427 -0.000330675600 -0.027439051889 -0.154567673260 0.000246615050
-0.015235812696 0.016105710492 0.167656833788 0.000022418257 0.000021363392 0.022911480116 0.002077505693 0.002368495640 0.985324717798
-0.000020994178 0.000016346177 0.000007718976 -0.147535052608 -0.053642316299 0.000074704969 -0.123074195566 -0.979898874193 0.002615826130
0.000015191660 -0.000010454837 0.000031942651 0.053650327664 -0.147555860448 -0.000055123155 0.979896625169 -0.123078714935 -0.001771976740

State 1 :
Natural orbital occupations
9
1.921877929224 0.046493324280 0.010240458448 0.010096283528 0.010096171089 0.000486995472 0.000245356928 0.000231744667 0.000231736365
Natural orbitals (in MO basis)
9 9
0.789908018260 -0.343199120773 -0.039435201852 -0.000023890323 -0.000067658794 0.482958925240 0.153148939570 0.000539012966 -0.000578101041
0.587405008621 0.191750947850 0.110877577284 0.000063778297 0.000238242659 -0.728322830046 -0.274658168425 -0.000905588847 0.000978536695
0.149589949264 0.859560690296 0.306599769895 0.000215710631 0.000737765199 0.378321731086 0.040580982662 0.000226491828 -0.000239551768
0.086085725633 0.319075325019 -0.943685889321 -0.000291894785 -0.001533022430 0.004216595458 0.014727933988 -0.000001546457 -0.000004836152
-0.000021221119 -0.000046576694 -0.000785460867 -0.783325237576 0.621546374000 -0.000017555253 -0.000017060557 0.008945445388 0.001017832709
-0.000069808013 -0.000243380225 -0.001554243400 0.621546768093 0.783323661662 -0.000043476029 -0.000042833445 0.001024418403 -0.008951157294
-0.034824786051 -0.069225844027 -0.040018967269 -0.000031194863 -0.000098197682 0.305205716251 -0.948282599975 -0.001218465139 0.001259020625
-0.000040462664 -0.000098396245 -0.000025752352 0.005953582758 0.006761825839 0.000735899265 0.001650501912 -0.062043865730 0.998031118554
0.000027801812 0.000074805327 0.000009040668 0.006753129439 -0.005954689310 -0.000588979693 -0.001396042533 0.998031483328 0.062046699518

