Number of strings: 9 9, CI size = 81
String addressing array alpha: 1 9
0 1 2 3 4 5 6 7 8

Alpha strings 9 1
1
2
3
4
5
6
7
8
9

Is hamiltonian hermitian? 1
Implicit Hamiltonian constructed
E(core)= 0.000000000000
H(1,1) + E(core) energy = -0.801055964300
Davidson: iter=0 dim=0 root=0 eigenvalue=-0.801055964300
Davidson: iter=1 dim=1 root=0 eigenvalue=-0.833565923541
Davidson: iter=2 dim=2 root=0 eigenvalue=-0.836215818808
Davidson: iter=3 dim=3 root=0 eigenvalue=-0.836671592413
Davidson: iter=4 dim=4 root=0 eigenvalue=-0.836714848406
Davidson: iter=5 dim=5 root=0 eigenvalue=-0.836717208287
Davidson: iter=6 dim=6 root=0 eigenvalue=-0.836717476524
Davidson: iter=7 dim=7 root=0 eigenvalue=-0.836717485383
Davidson: iter=8 dim=8 root=0 eigenvalue=-0.836717486261
Davidson: iter=9 dim=9 root=0 eigenvalue=-0.836717486286
Davidson: iter=10 dim=10 root=0 eigenvalue=-0.836717486288
Davidson: iter=11 dim=11 root=0 eigenvalue=-0.836717486288
Davidson: iter=11 dim=11 root=1 eigenvalue=-0.509646506587
root no. 0 converged
Davidson: iter=12 dim=12 root=0 eigenvalue=-0.836717486288
Davidson: iter=12 dim=12 root=1 eigenvalue=-0.517057545982
Davidson: iter=13 dim=13 root=0 eigenvalue=-0.836717486288
Davidson: iter=13 dim=13 root=1 eigenvalue=-0.517644331975
Davidson: iter=14 dim=14 root=0 eigenvalue=-0.836717486288
Davidson: iter=14 dim=14 root=1 eigenvalue=-0.517682442440
Davidson: iter=15 dim=15 root=0 eigenvalue=-0.836717486288
Davidson: iter=15 dim=15 root=1 eigenvalue=-0.517686973879
Davidson: iter=16 dim=16 root=0 eigenvalue=-0.836717486288
Davidson: iter=16 dim=16 root=1 eigenvalue=-0.517687832341
Davidson: iter=17 dim=17 root=0 eigenvalue=-0.836717486288
Davidson: iter=17 dim=17 root=1 eigenvalue=-0.517687834042
Davidson: iter=18 dim=18 root=0 eigenvalue=-0.836717486288
Davidson: iter=18 dim=18 root=1 eigenvalue=-0.517687834270
Davidson: iter=19 dim=19 root=0 eigenvalue=-0.836717486288
Davidson: iter=19 dim=19 root=1 eigenvalue=-0.517687834598
Davidson: iter=20 dim=20 root=0 eigenvalue=-0.836717486288
Davidson: iter=20 dim=20 root=1 eigenvalue=-0.517687834624
Davidson: iter=21 dim=21 root=0 eigenvalue=-0.836717486288
Davidson: iter=21 dim=21 root=1 eigenvalue=-0.517687834636
Davidson: iter=22 dim=22 root=0 eigenvalue=-0.836717486288
Davidson: iter=22 dim=22 root=1 eigenvalue=-0.517687834636
root no. 1 converged
Davidson converged in 22 iterations.
E(core)= 0.000000000000
E(0)= -0.836717486288
E(1)= -0.517687834636
FCI Excitation energies = 2
0.000000000000 0.319029651652

Vacuum coefficients in CI state 0 = -0.981922722078
Vacuum coefficients in CI state 1 = 0.042637581668
Eigenvector 0 in string basis
0: -0.981922722078 seniority 0 ... 1
1
 | 1
1

10: 0.143180822271 seniority 0 ... 1
2
 | 1
2

20: 0.068565708441 seniority 0 ... 1
3
 | 1
3

30: 0.070327146676 seniority 0 ... 1
4
 | 1
4

40: 0.070328643488 seniority 0 ... 1
5
 | 1
5

Eigenvector 1 in string basis
1: -0.624651480431 seniority 2 ... 1
1
 | 1
2

5: -0.237845214395 seniority 2 ... 1
1
 | 1
6

9: -0.624651481282 seniority 2 ... 1
2
 | 1
1

10: 0.261923508914 seniority 0 ... 1
2
 | 1
2

14: 0.103326797269 seniority 2 ... 1
2
 | 1
6

45: -0.237845214511 seniority 2 ... 1
6
 | 1
1

46: 0.103326797297 seniority 2 ... 1
6
 | 1
2

Seniority vectors for all roots (nroots/seniority)
2 2
0.999794703065 0.000205296935
0.071582235438 1.133426855662

Calculating transition densities
Root 0 MO occupations numbers (density matrix diagonal)
9
1.928533142506 0.041010314398 0.009452769021 0.009895598814 0.009896000256 0.000454116379 0.000272462157 0.000272565376 0.000213031091
Root 1 MO occupations numbers (density matrix diagonal)
9
0.899406508919 0.941474258717 0.006357620318 0.003378450450 0.003376248602 0.135106962255 0.003444183319 0.003445925365 0.004009842054
Transition densities done:
Trandens between roots 0 0
9 9
1.928533142506 0.002886547756 0.008398994684 -0.000198201931 0.000107621948 0.015705015756 -0.000007884604 -0.000004397906 -0.004226477169
0.002886547756 0.041010314398 -0.000418578822 0.000009666192 -0.000005190703 0.000143867891 0.000000403756 0.000000194945 0.000159221573
0.008398994684 -0.000418578822 0.009452769021 0.000010549500 -0.000005755370 -0.000087870963 -0.000005805507 -0.000004089045 -0.000245507415
-0.000198201931 0.000009666192 0.000010549500 0.009895598814 0.000000019099 0.000002008958 -0.000095955012 -0.000202865769 0.000005935469
0.000107621948 -0.000005190703 -0.000005755370 0.000000019099 0.009896000256 -0.000001102197 0.000202939984 -0.000095971855 -0.000003330547
0.015705015756 0.000143867891 -0.000087870963 0.000002008958 -0.000001102197 0.000454116379 -0.000000004470 -0.000000001561 -0.000019267417
-0.000007884604 0.000000403756 -0.000005805507 -0.000095955012 0.000202939984 -0.000000004470 0.000272462157 0.000000006315 0.000000033334
-0.000004397906 0.000000194945 -0.000004089045 -0.000202865769 -0.000095971855 -0.000000001561 0.000000006315 0.000272565376 0.000000041383
-0.004226477169 0.000159221573 -0.000245507415 0.000005935469 -0.000003330547 -0.000019267417 0.000000033334 0.000000041383 0.000213031091

Trandens between roots 0 1
9 9
-0.077906342539 1.224493119644 -0.004627435213 -0.000170271202 0.000052646687 0.467008773407 0.000244679972 0.000130088461 0.065803435550
-0.179237333443 0.077303373287 -0.010055742540 0.000224280057 -0.000123648624 0.030437262858 0.000011442786 0.000006122804 0.001742518239
0.001809253282 0.000159090066 -0.004028657061 0.000110467269 -0.000060299080 -0.000145532585 -0.000131237108 -0.000093893911 -0.003477431850
-0.000021653045 -0.000010302905 0.000111557014 0.000577317396 0.000000731266 0.000003560520 -0.002457006817 -0.005188168999 0.000088213837
0.000014459309 0.000004781623 -0.000060714538 0.000000552005 0.000580862255 -0.000002418167 0.005186935526 -0.002459907352 -0.000050177484
-0.007193269929 0.012995785419 -0.000414618176 0.000007400747 -0.000004440506 0.003787718517 0.000002393949 0.000001267529 0.000712762074
-0.000004986495 -0.000002836775 -0.000021919699 -0.000410163056 0.000865890776 -0.000001315764 -0.000044095564 -0.000000065786 -0.000000113967
-0.000002733335 -0.000001610459 -0.000015702965 -0.000866236098 -0.000410696412 -0.000000752746 0.000000109231 -0.000043971569 -0.000000050052
-0.001290176158 -0.002172322543 -0.000498519535 0.000013127479 -0.000007413172 -0.000793001243 -0.000000469310 -0.000000234948 -0.000226204721

Trandens between roots 1 0
9 9
-0.077906342539 -0.179237333443 0.001809253282 -0.000021653045 0.000014459309 -0.007193269929 -0.000004986495 -0.000002733335 -0.001290176158
1.224493119644 0.077303373287 0.000159090066 -0.000010302905 0.000004781623 0.012995785419 -0.000002836775 -0.000001610459 -0.002172322543
-0.004627435213 -0.010055742540 -0.004028657061 0.000111557014 -0.000060714538 -0.000414618176 -0.000021919699 -0.000015702965 -0.000498519535
-0.000170271202 0.000224280057 0.000110467269 0.000577317396 0.000000552005 0.000007400747 -0.000410163056 -0.000866236098 0.000013127479
0.000052646687 -0.000123648624 -0.000060299080 0.000000731266 0.000580862255 -0.000004440506 0.000865890776 -0.000410696412 -0.000007413172
0.467008773407 0.030437262858 -0.000145532585 0.000003560520 -0.000002418167 0.003787718517 -0.000001315764 -0.000000752746 -0.000793001243
0.000244679972 0.000011442786 -0.000131237108 -0.002457006817 0.005186935526 0.000002393949 -0.000044095564 0.000000109231 -0.000000469310
0.000130088461 0.000006122804 -0.000093893911 -0.005188168999 -0.002459907352 0.000001267529 -0.000000065786 -0.000043971569 -0.000000234948
0.065803435550 0.001742518239 -0.003477431850 0.000088213837 -0.000050177484 0.000712762074 -0.000000113967 -0.000000050052 -0.000226204721

Trandens between roots 1 1
9 9
0.899406508919 -0.430193541883 0.053185945810 -0.001182132836 0.000652590918 -0.146519277745 -0.000070041274 -0.000040939137 -0.011515245845
-0.430193541883 0.941474258717 -0.023048768958 0.000339848210 -0.000213578118 0.350998673527 0.000183588825 0.000098464326 0.047474967911
0.053185945810 -0.023048768958 0.006357620318 -0.000066121684 0.000036328357 -0.007616651068 0.000005303028 0.000003460167 0.001447072590
-0.001182132836 0.000339848210 -0.000066121684 0.003378450450 -0.000000159279 0.000102264444 0.000119341497 0.000252621285 -0.000045547369
0.000652590918 -0.000213578118 0.000036328357 -0.000000159279 0.003376248602 -0.000066438790 -0.000251848672 0.000119710919 0.000023464831
-0.146519277745 0.350998673527 -0.007616651068 0.000102264444 -0.000066438790 0.135106962255 0.000068184095 0.000036410082 0.017760498567
-0.000070041274 0.000183588825 0.000005303028 0.000119341497 -0.000251848672 0.000068184095 0.003444183319 0.000000045981 0.000007520546
-0.000040939137 0.000098464326 0.000003460167 0.000252621285 0.000119710919 0.000036410082 0.000000045981 0.003445925365 0.000004305761
-0.011515245845 0.047474967911 0.001447072590 -0.000045547369 0.000023464831 0.017760498567 0.000007520546 0.000004305761 0.004009842054

State 0 :
Natural orbital occupations
9
1.928711509240 0.041012858941 0.009901362102 0.009901032187 0.009417908863 0.000324123794 0.000267332990 0.000267224959 0.000196646925
Natural orbitals (in MO basis)
9 9
0.999953684505 -0.001483822700 0.000001045170 0.000000596857 -0.004310489685 0.008005564832 -0.000006738125 0.000009012178 0.002785246368
0.001528527901 0.999891971451 -0.000011354864 -0.000006098269 0.013841270979 0.003090922404 0.000004066796 -0.000006266013 -0.003546015242
0.004375536673 -0.013696767878 -0.021364402945 -0.016685303158 0.999083387001 -0.019103389754 -0.000448424193 0.000567761330 0.022920276081
-0.000103255142 0.000316328304 -0.397186437570 -0.917133027403 -0.023799029103 0.000428758921 -0.021494039070 0.008997080332 -0.000560661300
0.000056066650 -0.000169889697 0.917192964918 -0.397549303568 0.012968002829 -0.000233118292 -0.008998520676 -0.021500979080 0.000308892433
0.008144226915 0.002999934093 0.000008835782 0.000007447613 -0.017078390406 -0.996149757986 0.000500454273 -0.000701786528 -0.085544825188
-0.000004090276 0.000010560093 0.023301848481 0.000770817269 -0.000092503548 -0.000731807601 -0.045357022703 0.998698462432 0.000084254456
-0.000002281552 0.000005148601 -0.000764548102 0.023293082192 -0.000052614802 -0.000447464991 -0.998698794285 -0.045357489228 -0.000247443360
-0.002192000686 0.004136856098 -0.000017833063 -0.000002667185 -0.024412682926 -0.085124046832 -0.000200237581 -0.000157397286 0.996060205973

State 1 :
Natural orbital occupations
9
1.452041162846 0.526191458545 0.004489631177 0.003693271001 0.003690704336 0.003481954298 0.003129895937 0.003128941552 0.000152980308
Natural orbitals (in MO basis)
9 9
0.636809672135 0.768232384356 -0.058535308240 -0.000095311038 0.000128683579 0.021496049154 0.000002216215 0.000004495092 -0.020098681374
-0.722752360160 0.588970125073 -0.025157737781 -0.001032426393 0.001266891166 0.354772851203 0.000116062401 -0.000140298682 0.065144653357
0.036310454860 0.049067747599 0.833630548454 -0.010520965485 0.013305414682 -0.048741616998 0.011538736185 -0.016910094926 0.546124026163
-0.000708522508 -0.001316946886 -0.019387793141 -0.607314373647 0.264524750784 -0.001286341864 0.667010011850 -0.340207983379 -0.013126399750
0.000405948085 0.000692964935 0.010440761952 -0.264786769690 -0.607241260483 0.000647332453 0.340454433040 0.667139452111 0.007188538204
-0.264124338761 0.241870089598 -0.023894853348 0.002529759218 -0.003195368510 -0.931972671609 0.000150925491 -0.000246759855 -0.050758989937
-0.000134982968 0.000135971559 0.001385312527 -0.023639456920 0.748688627450 -0.002713024250 0.019335261677 0.662210257481 -0.000959919845
-0.000073861168 0.000067837911 0.000617067483 -0.748585305395 -0.023656436409 -0.002020092003 -0.662330219949 0.019351509664 -0.000375203231
-0.031963438902 0.044968585269 0.547670206138 0.000519034530 -0.001246563833 0.052075167591 0.000268005205 -0.000735892918 -0.833246212388

