Number of strings: 9 9, CI size = 81
String addressing array alpha: 1 9
0 1 2 3 4 5 6 7 8

Alpha strings 9 1
1
2
3
4
5
6
7
8
9

Is hamiltonian hermitian? 1
Implicit Hamiltonian constructed
E(core)= 0.000000000000
H(1,1) + E(core) energy = -0.895960905600
Davidson: iter=0 dim=0 root=0 eigenvalue=-0.895960905600
Davidson: iter=1 dim=1 root=0 eigenvalue=-0.927565068027
Davidson: iter=2 dim=2 root=0 eigenvalue=-0.930373037481
Davidson: iter=3 dim=3 root=0 eigenvalue=-0.930774993861
Davidson: iter=4 dim=4 root=0 eigenvalue=-0.930809794542
Davidson: iter=5 dim=5 root=0 eigenvalue=-0.930812076387
Davidson: iter=6 dim=6 root=0 eigenvalue=-0.930812353787
Davidson: iter=7 dim=7 root=0 eigenvalue=-0.930812363609
Davidson: iter=8 dim=8 root=0 eigenvalue=-0.930812364601
Davidson: iter=9 dim=9 root=0 eigenvalue=-0.930812364633
Davidson: iter=10 dim=10 root=0 eigenvalue=-0.930812364633
Davidson: iter=10 dim=10 root=1 eigenvalue=-0.535456440805
root no. 0 converged
Davidson: iter=11 dim=11 root=0 eigenvalue=-0.930812364633
Davidson: iter=11 dim=11 root=1 eigenvalue=-0.538441279170
Davidson: iter=12 dim=12 root=0 eigenvalue=-0.930812364633
Davidson: iter=12 dim=12 root=1 eigenvalue=-0.538626797065
Davidson: iter=13 dim=13 root=0 eigenvalue=-0.930812364633
Davidson: iter=13 dim=13 root=1 eigenvalue=-0.538689075139
Davidson: iter=14 dim=14 root=0 eigenvalue=-0.930812364633
Davidson: iter=14 dim=14 root=1 eigenvalue=-0.538692130184
Davidson: iter=15 dim=15 root=0 eigenvalue=-0.930812364633
Davidson: iter=15 dim=15 root=1 eigenvalue=-0.538693845765
Davidson: iter=16 dim=16 root=0 eigenvalue=-0.930812364633
Davidson: iter=16 dim=16 root=1 eigenvalue=-0.538694002405
Davidson: iter=17 dim=17 root=0 eigenvalue=-0.930812364633
Davidson: iter=17 dim=17 root=1 eigenvalue=-0.538694019095
Davidson: iter=18 dim=18 root=0 eigenvalue=-0.930812364633
Davidson: iter=18 dim=18 root=1 eigenvalue=-0.538694023709
Davidson: iter=19 dim=19 root=0 eigenvalue=-0.930812364633
Davidson: iter=19 dim=19 root=1 eigenvalue=-0.538694045034
Davidson: iter=20 dim=20 root=0 eigenvalue=-0.930812364633
Davidson: iter=20 dim=20 root=1 eigenvalue=-0.538694045171
Davidson: iter=21 dim=21 root=0 eigenvalue=-0.930812364633
Davidson: iter=21 dim=21 root=1 eigenvalue=-0.538694045204
Davidson: iter=22 dim=22 root=0 eigenvalue=-0.930812364633
Davidson: iter=22 dim=22 root=1 eigenvalue=-0.538694045208
Davidson: iter=23 dim=23 root=0 eigenvalue=-0.930812364633
Davidson: iter=23 dim=23 root=1 eigenvalue=-0.538694045209
Davidson: iter=24 dim=24 root=0 eigenvalue=-0.930812364633
Davidson: iter=24 dim=24 root=1 eigenvalue=-0.538694045209
root no. 1 converged
Davidson converged in 24 iterations.
E(core)= 0.000000000000
E(0)= -0.930812364633
E(1)= -0.538694045209
FCI Excitation energies = 2
0.000000000000 0.392118319424

Vacuum coefficients in CI state 0 = 0.985497731243
Vacuum coefficients in CI state 1 = -0.028373604445
Eigenvector 0 in string basis
0: 0.985497731243 seniority 0 ... 1
1
 | 1
1

10: -0.113788321224 seniority 0 ... 1
2
 | 1
2

20: -0.075029771746 seniority 0 ... 1
3
 | 1
3

30: -0.075031979046 seniority 0 ... 1
4
 | 1
4

40: -0.063783059049 seniority 0 ... 1
5
 | 1
5

Eigenvector 1 in string basis
1: -0.634820855043 seniority 2 ... 1
1
 | 1
2

5: 0.236636360882 seniority 2 ... 1
1
 | 1
6

9: -0.634820864209 seniority 2 ... 1
2
 | 1
1

10: -0.234945955465 seniority 0 ... 1
2
 | 1
2

14: 0.090576265747 seniority 2 ... 1
2
 | 1
6

45: 0.236636362277 seniority 2 ... 1
6
 | 1
1

46: 0.090576266016 seniority 2 ... 1
6
 | 1
2

Seniority vectors for all roots (nroots/seniority)
2 2
0.999936774206 0.000063225794
0.058409594872 1.190299569128

Calculating transition densities
Root 0 MO occupations numbers (density matrix diagonal)
9
1.942461449626 0.025899395485 0.011262276778 0.011262949059 0.008152568281 0.000307579911 0.000253735871 0.000253694770 0.000146350219
Root 1 MO occupations numbers (density matrix diagonal)
9
0.919787918458 0.933298250857 0.003366154356 0.003374340404 0.004628746179 0.128436557924 0.002993996271 0.002992405419 0.001121630133
Transition densities done:
Trandens between roots 0 0
9 9
1.942461449626 0.000821057671 -0.000000696556 -0.000000715257 0.004143877784 0.008407681266 -0.000012647213 0.000000492972 -0.001966822290
0.000821057671 0.025899395485 -0.000000113210 -0.000000338730 0.000410689731 -0.000111198080 0.000000150258 0.000000010014 -0.000101709569
-0.000000696556 -0.000000113210 0.011262276778 -0.000000149220 0.000000744767 0.000000230282 0.000125655082 -0.000184168475 0.000000000434
-0.000000715257 -0.000000338730 -0.000000149220 0.011262949059 0.000000687893 -0.000000322693 -0.000184530693 -0.000125719904 -0.000000105719
0.004143877784 0.000410689731 0.000000744767 0.000000687893 0.008152568281 0.000056762915 -0.000000077062 -0.000000147617 -0.000185540342
0.008407681266 -0.000111198080 0.000000230282 -0.000000322693 0.000056762915 0.000307579911 -0.000000058149 0.000000002919 -0.000011928294
-0.000012647213 0.000000150258 0.000125655082 -0.000184530693 -0.000000077062 -0.000000058149 0.000253735871 0.000000025521 0.000000006655
0.000000492972 0.000000010014 -0.000184168475 -0.000125719904 -0.000000147617 0.000000002919 0.000000025521 0.000253694770 -0.000000007189
-0.001966822290 -0.000101709569 0.000000000434 -0.000000105719 -0.000185540342 -0.000011928294 0.000000006655 -0.000000007189 0.000146350219

Trandens between roots 0 1
9 9
-0.054485883095 -1.250745197724 0.000873388988 -0.001573837232 0.005949682433 0.466536221548 -0.000006987800 0.000066596138 0.018248305957
0.144662979242 0.052990663968 -0.000031294734 0.000053787684 0.003408333568 -0.020391481995 0.000005160276 -0.000002546251 -0.000873163256
-0.000067458886 -0.000020726514 0.002405236947 -0.000002594160 0.000005844224 0.000007257899 0.003208527794 -0.004697931753 -0.000000072946
0.000119613586 0.000036442197 -0.000002735186 0.002417414529 -0.000002883348 -0.000010907588 -0.004700504285 -0.003209102773 -0.000000040260
0.000857702001 -0.000403156800 0.000006948072 -0.000005189390 -0.005138054790 0.000609757157 0.000003249900 -0.000001387425 -0.002445183840
-0.006328198444 -0.007793718047 0.000005152246 -0.000008857318 -0.000050929863 0.002042566226 0.000000304855 0.000000308127 0.000097477679
-0.000001040141 0.000008336091 0.000502406131 -0.000736296357 0.000000679116 -0.000002797265 -0.000058874938 0.000000185068 -0.000000241173
-0.000000942453 -0.000000642152 -0.000735575970 -0.000502575303 -0.000000190500 0.000000130675 0.000000044674 -0.000059096160 0.000000047593
-0.000564303344 0.001006776275 -0.000000877786 0.000001484211 -0.000244601328 -0.000383373006 -0.000000131800 -0.000000004801 -0.000113972688

Trandens between roots 1 0
9 9
-0.054485883095 0.144662979242 -0.000067458886 0.000119613586 0.000857702001 -0.006328198444 -0.000001040141 -0.000000942453 -0.000564303344
-1.250745197724 0.052990663968 -0.000020726514 0.000036442197 -0.000403156800 -0.007793718047 0.000008336091 -0.000000642152 0.001006776275
0.000873388988 -0.000031294734 0.002405236947 -0.000002735186 0.000006948072 0.000005152246 0.000502406131 -0.000735575970 -0.000000877786
-0.001573837232 0.000053787684 -0.000002594160 0.002417414529 -0.000005189390 -0.000008857318 -0.000736296357 -0.000502575303 0.000001484211
0.005949682433 0.003408333568 0.000005844224 -0.000002883348 -0.005138054790 -0.000050929863 0.000000679116 -0.000000190500 -0.000244601328
0.466536221548 -0.020391481995 0.000007257899 -0.000010907588 0.000609757157 0.002042566226 -0.000002797265 0.000000130675 -0.000383373006
-0.000006987800 0.000005160276 0.003208527794 -0.004700504285 0.000003249900 0.000000304855 -0.000058874938 0.000000044674 -0.000000131800
0.000066596138 -0.000002546251 -0.004697931753 -0.003209102773 -0.000001387425 0.000000308127 0.000000185068 -0.000059096160 -0.000000004801
0.018248305957 -0.000873163256 -0.000000072946 -0.000000040260 -0.002445183840 0.000097477679 -0.000000241173 0.000000047593 -0.000113972688

Trandens between roots 1 1
9 9
0.919787918458 0.377167529470 -0.000237352578 0.000410169116 0.020766478604 -0.126740444096 -0.000044151845 -0.000022709330 -0.005418873784
0.377167529470 0.933298250857 -0.000638636609 0.001145669332 0.002687346673 -0.342421565995 -0.000007065874 -0.000050069414 -0.014167936408
-0.000237352578 -0.000638636609 0.003366154356 -0.000002315724 -0.000002219444 0.000236322454 0.000358722601 -0.000522743123 0.000007476016
0.000410169116 0.001145669332 -0.000002315724 0.003374340404 0.000002632424 -0.000423508789 -0.000529962651 -0.000360188344 -0.000015594462
0.020766478604 0.002687346673 -0.000002219444 0.000002632424 0.004628746179 -0.001247356072 0.000001260165 -0.000000984574 0.001889315350
-0.126740444096 -0.342421565995 0.000236322454 -0.000423508789 -0.001247356072 0.128436557924 0.000000767310 0.000018107876 0.005087321563
-0.000044151845 -0.000007065874 0.000358722601 -0.000529962651 0.000001260165 0.000000767310 0.002993996271 0.000000849720 -0.000001022946
-0.000022709330 -0.000050069414 -0.000522743123 -0.000360188344 -0.000000984574 0.000018107876 0.000000849720 0.002992405419 0.000001060575
-0.005418873784 -0.014167936408 0.000007476016 -0.000015594462 0.001889315350 0.005087321563 -0.000001022946 0.000001060575 0.001121630133

State 0 :
Natural orbital occupations
9
1.942509069033 0.025909389956 0.011267508238 0.011266758215 0.008138501741 0.000270525413 0.000249220634 0.000249169646 0.000139857124
Natural orbitals (in MO basis)
9 9
0.999987730039 0.000462802568 -0.000000075270 -0.000000196044 0.002176999028 -0.004340251063 -0.000003894433 0.000001911348 0.000865136994
0.000428647091 -0.999716210778 0.000016154363 0.000004483690 0.023105456024 0.004478431504 0.000004221941 -0.000000784079 0.003659975761
-0.000000359803 0.000006555362 -0.207184534209 0.978092455810 0.000240364714 -0.000013731058 0.002720111303 -0.020056411912 -0.000001182063
-0.000000369730 0.000021969325 0.978091833791 0.207184619866 0.000223980881 0.000022276678 -0.020087237025 -0.002711013606 0.000011361725
0.002142540231 -0.023042378706 0.000169459280 0.000281386854 -0.999466164244 -0.005679891373 -0.000008063696 -0.000012243701 0.022348949850
0.004328935069 0.004441133247 -0.000032384369 0.000015674791 -0.005269541251 0.999711846352 -0.000388049822 0.000298784781 0.022577681579
-0.000006511705 -0.000006148904 -0.018751246244 0.007688159207 0.000005363185 -0.000483201111 -0.894120104958 0.447368171666 0.000079190013
0.000000253719 -0.000000404102 -0.007700262565 -0.018721482275 0.000009669302 0.000091456435 -0.447368054046 -0.894120807386 0.000098072587
-0.001012833957 0.004075325322 -0.000012239016 -0.000006632806 0.022380995904 -0.022468342993 0.000123904180 0.000045821178 0.999488175433

State 1 :
Natural orbital occupations
9
1.393702680841 0.586243449110 0.005117981964 0.003852237605 0.003839363271 0.002518076533 0.002515363287 0.002210514664 0.000000332724
Natural orbitals (in MO basis)
9 9
-0.643202405811 -0.765125911989 -0.020301635013 -0.000042427639 0.000015652325 0.000049430417 0.000179097962 0.018184733156 0.011407299993
-0.720247496131 0.598545727449 -0.053984185601 0.001000234895 -0.000324437828 -0.000526669145 -0.002199830575 -0.346398039823 -0.008627851289
0.000484804173 -0.000439863507 -0.000902579276 0.159974270593 -0.784675219175 -0.585480040635 -0.126107776309 0.001249960707 0.000422334562
-0.000862439288 0.000809590553 0.000694188303 -0.784924694392 -0.159919482874 -0.126184084936 0.585139343301 -0.002547678312 -0.000370081282
-0.011227511578 -0.024078173522 0.891286225103 0.000650640277 -0.000590341832 -0.000717963811 -0.001392667723 -0.146481917364 -0.428302312087
0.259405723592 -0.235910588621 -0.178770061465 -0.000281012148 -0.000026415774 -0.000590867178 -0.003619641333 -0.917832336028 -0.051637217360
0.000024658393 0.000049316808 0.000541359326 0.551779663200 -0.232159150949 0.302113074901 0.741860310440 -0.003423576721 0.000533562492
0.000039868876 -0.000028998167 -0.000136787201 0.232032357809 0.552097966453 -0.741631317972 0.302210522022 -0.000746002778 -0.000176887573
0.010762991843 -0.009535958426 0.412700948702 -0.000374859246 0.000262244490 -0.000482166161 -0.000972209168 -0.125635320868 0.902045192675

