Number of strings: 9 9, CI size = 81
String addressing array alpha: 1 9
0 1 2 3 4 5 6 7 8

Alpha strings 9 1
1
2
3
4
5
6
7
8
9

Is hamiltonian hermitian? 1
Implicit Hamiltonian constructed
E(core)= 0.000000000000
H(1,1) + E(core) energy = -0.819132010800
Davidson: iter=0 dim=0 root=0 eigenvalue=-0.819132010800
Davidson: iter=1 dim=1 root=0 eigenvalue=-0.851309185592
Davidson: iter=2 dim=2 root=0 eigenvalue=-0.853954636347
Davidson: iter=3 dim=3 root=0 eigenvalue=-0.854385643389
Davidson: iter=4 dim=4 root=0 eigenvalue=-0.854426502735
Davidson: iter=5 dim=5 root=0 eigenvalue=-0.854428793441
Davidson: iter=6 dim=6 root=0 eigenvalue=-0.854429046375
Davidson: iter=7 dim=7 root=0 eigenvalue=-0.854429053963
Davidson: iter=8 dim=8 root=0 eigenvalue=-0.854429054608
Davidson: iter=9 dim=9 root=0 eigenvalue=-0.854429054627
Davidson: iter=10 dim=10 root=0 eigenvalue=-0.854429054628
Davidson: iter=11 dim=11 root=0 eigenvalue=-0.854429054628
Davidson: iter=11 dim=11 root=1 eigenvalue=-0.510804886651
root no. 0 converged
Davidson: iter=12 dim=12 root=0 eigenvalue=-0.854429054628
Davidson: iter=12 dim=12 root=1 eigenvalue=-0.518957410795
Davidson: iter=13 dim=13 root=0 eigenvalue=-0.854429054628
Davidson: iter=13 dim=13 root=1 eigenvalue=-0.519658853514
Davidson: iter=14 dim=14 root=0 eigenvalue=-0.854429054628
Davidson: iter=14 dim=14 root=1 eigenvalue=-0.519718963559
Davidson: iter=15 dim=15 root=0 eigenvalue=-0.854429054628
Davidson: iter=15 dim=15 root=1 eigenvalue=-0.519729416760
Davidson: iter=16 dim=16 root=0 eigenvalue=-0.854429054628
Davidson: iter=16 dim=16 root=1 eigenvalue=-0.519730871494
Davidson: iter=17 dim=17 root=0 eigenvalue=-0.854429054628
Davidson: iter=17 dim=17 root=1 eigenvalue=-0.519730875334
Davidson: iter=18 dim=18 root=0 eigenvalue=-0.854429054628
Davidson: iter=18 dim=18 root=1 eigenvalue=-0.519730875657
Davidson: iter=19 dim=19 root=0 eigenvalue=-0.854429054628
Davidson: iter=19 dim=19 root=1 eigenvalue=-0.519730875680
Davidson: iter=20 dim=20 root=0 eigenvalue=-0.854429054628
Davidson: iter=20 dim=20 root=1 eigenvalue=-0.519730875698
Davidson: iter=21 dim=21 root=0 eigenvalue=-0.854429054628
Davidson: iter=21 dim=21 root=1 eigenvalue=-0.519730875710
Davidson: iter=22 dim=22 root=0 eigenvalue=-0.854429054628
Davidson: iter=22 dim=22 root=1 eigenvalue=-0.519730875717
Davidson: iter=23 dim=23 root=0 eigenvalue=-0.854429054628
Davidson: iter=23 dim=23 root=1 eigenvalue=-0.519730875717
root no. 1 converged
Davidson converged in 23 iterations.
E(core)= 0.000000000000
E(0)= -0.854429054628
E(1)= -0.519730875717
FCI Excitation energies = 2
0.000000000000 0.334698178912

Vacuum coefficients in CI state 0 = 0.982936596277
Vacuum coefficients in CI state 1 = 0.037590379960
Eigenvector 0 in string basis
0: 0.982936596277 seniority 0 ... 1
1
 | 1
1

10: -0.135292800990 seniority 0 ... 1
2
 | 1
2

20: -0.068580621669 seniority 0 ... 1
3
 | 1
3

30: -0.071266386326 seniority 0 ... 1
4
 | 1
4

40: -0.071263516020 seniority 0 ... 1
5
 | 1
5

Eigenvector 1 in string basis
1: 0.626206573141 seniority 2 ... 1
1
 | 1
2

5: -0.241822921992 seniority 2 ... 1
1
 | 1
6

9: 0.626206579955 seniority 2 ... 1
2
 | 1
1

10: 0.249755647788 seniority 0 ... 1
2
 | 1
2

14: -0.101172088216 seniority 2 ... 1
2
 | 1
6

45: -0.241822922973 seniority 2 ... 1
6
 | 1
1

46: -0.101172088437 seniority 2 ... 1
6
 | 1
2

Seniority vectors for all roots (nroots/seniority)
2 2
0.999845385856 0.000154614144
0.065131448715 1.151769826885

Calculating transition densities
Root 0 MO occupations numbers (density matrix diagonal)
9
1.932467166818 0.036613568050 0.009446008341 0.010161287315 0.010160507867 0.000408833764 0.000271742929 0.000271759724 0.000199125194
Root 1 MO occupations numbers (density matrix diagonal)
9
0.905769985680 0.932417600648 0.007046632629 0.003461075264 0.003462061131 0.137992281343 0.003447555884 0.003447525223 0.002955282197
Transition densities done:
Trandens between roots 0 0
9 9
1.932467166818 -0.001370204371 0.007257358054 -0.000119504776 -0.000229198602 0.013527212971 -0.000014971070 0.000001109960 0.004042429366
-0.001370204371 0.036613568050 0.000489042224 -0.000007931625 -0.000014962348 -0.000154894691 0.000000098916 0.000000079617 0.000159013051
0.007257358054 0.000489042224 0.009446008341 0.000011595514 0.000021966093 -0.000079106956 0.000000791945 0.000009212005 0.000230714452
-0.000119504776 -0.000007931625 0.000011595514 0.010161287315 -0.000000345023 0.000001416056 0.000200484088 0.000086859509 -0.000003261501
-0.000229198602 -0.000014962348 0.000021966093 -0.000000345023 0.010160507867 0.000002159409 -0.000086960092 0.000200487732 -0.000006253001
0.013527212971 -0.000154894691 -0.000079106956 0.000001416056 0.000002159409 0.000408833764 -0.000000130148 -0.000000050644 0.000013893555
-0.000014971070 0.000000098916 0.000000791945 0.000200484088 -0.000086960092 -0.000000130148 0.000271742929 -0.000000006166 0.000000003102
0.000001109960 0.000000079617 0.000009212005 0.000086859509 0.000200487732 -0.000000050644 -0.000000006166 0.000271759724 0.000000238353
0.004042429366 0.000159013051 0.000230714452 -0.000003261501 -0.000006253001 0.000013893555 0.000000003102 0.000000238353 0.000199125194

Trandens between roots 0 1
9 9
0.069725430541 1.229547435406 0.022672212322 -0.000404211324 0.000042586477 -0.475443448914 0.000338651496 0.000072275125 0.052884519689
-0.169792297992 -0.068781430284 -0.010275587732 0.000174089119 0.000287600985 0.027801722646 -0.000021346100 -0.000006739638 -0.001038718816
-0.003296490102 -0.001030936950 0.004342813968 -0.000092232115 -0.000170218701 0.000442519817 -0.000016137326 -0.000200371085 -0.003277313021
0.000055902400 0.000019375522 -0.000092021558 -0.001114027070 0.000002595711 -0.000013637904 -0.005341857880 -0.002320303149 0.000050545012
0.000046465081 0.000012665510 -0.000172655339 0.000002436307 -0.001108055481 -0.000007571561 0.002321809959 -0.005338812148 0.000095865758
0.007176982615 0.011545682660 0.000544902339 -0.000010243908 -0.000010518989 -0.003360581837 0.000002309443 0.000000627617 0.000513813191
-0.000004780844 -0.000011641154 -0.000003050025 -0.000887793511 0.000385859119 0.000003613765 0.000045128203 -0.000000073867 -0.000000634236
-0.000002774175 -0.000001067748 -0.000033059225 -0.000385620124 -0.000887323674 0.000000136460 0.000000132758 0.000044999826 -0.000000642756
-0.001214578266 0.002104198221 -0.000405548207 0.000005902157 0.000012777451 -0.000778915223 0.000000438800 -0.000000391207 0.000205722133

Trandens between roots 1 0
9 9
0.069725430541 -0.169792297992 -0.003296490102 0.000055902400 0.000046465081 0.007176982615 -0.000004780844 -0.000002774175 -0.001214578266
1.229547435406 -0.068781430284 -0.001030936950 0.000019375522 0.000012665510 0.011545682660 -0.000011641154 -0.000001067748 0.002104198221
0.022672212322 -0.010275587732 0.004342813968 -0.000092021558 -0.000172655339 0.000544902339 -0.000003050025 -0.000033059225 -0.000405548207
-0.000404211324 0.000174089119 -0.000092232115 -0.001114027070 0.000002436307 -0.000010243908 -0.000887793511 -0.000385620124 0.000005902157
0.000042586477 0.000287600985 -0.000170218701 0.000002595711 -0.001108055481 -0.000010518989 0.000385859119 -0.000887323674 0.000012777451
-0.475443448914 0.027801722646 0.000442519817 -0.000013637904 -0.000007571561 -0.003360581837 0.000003613765 0.000000136460 -0.000778915223
0.000338651496 -0.000021346100 -0.000016137326 -0.005341857880 0.002321809959 0.000002309443 0.000045128203 0.000000132758 0.000000438800
0.000072275125 -0.000006739638 -0.000200371085 -0.002320303149 -0.005338812148 0.000000627617 -0.000000073867 0.000044999826 -0.000000391207
0.052884519689 -0.001038718816 -0.003277313021 0.000050545012 0.000095865758 0.000513813191 -0.000000634236 -0.000000642756 0.000205722133

Trandens between roots 1 1
9 9
0.905769985680 0.409887976734 0.056582299440 -0.000961823204 -0.001563913195 -0.142889869307 0.000093554435 0.000061743014 0.008430413616
0.409887976734 0.932417600648 0.034546094937 -0.000599297062 -0.000530448335 -0.353521829769 0.000248616718 0.000064828512 0.038050896597
0.056582299440 0.034546094937 0.007046632629 -0.000061561210 -0.000093707768 -0.012421334408 0.000009799849 0.000008079545 -0.001082631887
-0.000961823204 -0.000599297062 -0.000061561210 0.003461075264 0.000001837505 0.000215597574 0.000033728952 0.000014865679 0.000017702373
-0.001563913195 -0.000530448335 -0.000093707768 0.000001837505 0.003462061131 0.000177757081 -0.000014299286 0.000032944605 0.000056185780
-0.142889869307 -0.353521829769 -0.012421334408 0.000215597574 0.000177757081 0.137992281343 -0.000094910530 -0.000023355413 -0.014361518048
0.000093554435 0.000248616718 0.000009799849 0.000033728952 -0.000014299286 -0.000094910530 0.003447555884 0.000000220964 0.000010629940
0.000061743014 0.000064828512 0.000008079545 0.000014865679 0.000032944605 -0.000023355413 0.000000220964 0.003447525223 0.000004730071
0.008430413616 0.038050896597 -0.001082631887 0.000017702373 0.000056185780 -0.014361518048 0.000010629940 0.000004730071 0.002955282197

State 0 :
Natural orbital occupations
9
1.932598737232 0.036622923817 0.010166302403 0.010166015317 0.009415428571 0.000312651819 0.000266928324 0.000266914353 0.000184098165
Natural orbitals (in MO basis)
9 9
0.999965917232 -0.000672055945 -0.000000873039 0.000002765877 -0.003736997554 -0.006856849468 0.000012559871 -0.000001813082 -0.002594418964
-0.000722084626 -0.999814936469 0.000001125579 -0.000004542223 -0.018384805537 0.004144522965 0.000003012037 -0.000001779140 -0.003793840868
0.003773326500 -0.018220810066 -0.017572373362 0.030046880207 0.998853318044 0.015978255363 0.000875279234 -0.000434641909 -0.021862070617
-0.000062134451 0.000295477694 -0.998654701039 -0.044016861351 -0.016238258826 -0.000248245072 0.000753320669 -0.022063420625 0.000328854132
-0.000119168592 0.000557398939 -0.043501927243 0.998334339194 -0.030784080991 -0.000445513301 0.022067350277 0.000763844668 0.000628559416
0.007000654531 0.004063466287 -0.000013081568 -0.000024995335 -0.014044029478 0.996311279256 -0.000872567140 0.001028945581 0.084257096095
-0.000007747468 -0.000002559529 -0.019853869007 -0.009663802263 0.000029368627 -0.000616755358 0.365886752769 0.930397151283 -0.000280227300
0.000000577273 -0.000003083069 -0.009664522129 0.019870861250 0.000177145293 -0.001013105282 -0.930394910009 0.365884725923 -0.002089707743
0.002092292668 -0.004553400978 -0.000053271505 0.000085085987 0.023053743884 -0.083920616358 -0.001769882256 0.000939459059 0.996191105536

State 1 :
Natural orbital occupations
9
1.431585163843 0.546644672885 0.004635854796 0.003491524748 0.003489785619 0.003416855936 0.003416251963 0.003247097134 0.000072793076
Natural orbitals (in MO basis)
9 9
0.638818334616 0.766947825826 -0.052623071476 -0.000007875599 0.000021812003 -0.000237965349 0.000056628600 -0.023926473721 -0.018985353594
0.719349182748 -0.591421490995 -0.027393127881 0.000076292756 -0.000403355061 0.002568102450 -0.001195752209 0.357961394180 -0.062148504415
0.045134799251 0.037023268152 0.844569411062 -0.018466624415 0.019531145120 -0.018084078742 0.012422912513 0.124921562275 0.516222235266
-0.000774166966 -0.000614224634 -0.014567885996 -0.736991016966 -0.197499910061 0.048705900627 0.644342601554 -0.000340542240 -0.008663580496
-0.001002044949 -0.001561004096 -0.025969444692 -0.197045608149 0.736772943695 -0.644256003293 0.048346711683 0.000317005876 -0.016046870724
-0.267870046560 0.243601142495 -0.106338621654 -0.000571162105 -0.000037332351 0.005511705046 -0.003673303954 0.925011400488 -0.043656939517
0.000185369218 -0.000181194899 0.000826687692 -0.505925351509 -0.402166848156 -0.355864051266 -0.675026524871 -0.000706003925 -0.000289198382
0.000064961766 0.000006243596 0.000629553613 -0.402138028792 0.506003359999 0.674950699071 -0.355885060045 -0.005620366502 -0.000997102336
0.025587783816 -0.036007868082 -0.520564425625 -0.000682199030 0.000459003257 0.000451366065 -0.000983413830 -0.002715318520 0.852673535218

