Number of strings: 9 9, CI size = 81
String addressing array alpha: 1 9
0 1 2 3 4 5 6 7 8

Alpha strings 9 1
1
2
3
4
5
6
7
8
9

Is hamiltonian hermitian? 1
Implicit Hamiltonian constructed
E(core)= 0.000000000000
H(1,1) + E(core) energy = -0.721663375900
Davidson: iter=0 dim=0 root=0 eigenvalue=-0.721663375900
Davidson: iter=1 dim=1 root=0 eigenvalue=-0.756513001597
Davidson: iter=2 dim=2 root=0 eigenvalue=-0.759369183051
Davidson: iter=3 dim=3 root=0 eigenvalue=-0.760062986986
Davidson: iter=4 dim=4 root=0 eigenvalue=-0.760134042721
Davidson: iter=5 dim=5 root=0 eigenvalue=-0.760138114531
Davidson: iter=6 dim=6 root=0 eigenvalue=-0.760138529799
Davidson: iter=7 dim=7 root=0 eigenvalue=-0.760138546133
Davidson: iter=8 dim=8 root=0 eigenvalue=-0.760138547763
Davidson: iter=9 dim=9 root=0 eigenvalue=-0.760138547820
Davidson: iter=10 dim=10 root=0 eigenvalue=-0.760138547825
Davidson: iter=11 dim=11 root=0 eigenvalue=-0.760138547825
Davidson: iter=11 dim=11 root=1 eigenvalue=-0.515866077275
root no. 0 converged
Davidson: iter=12 dim=12 root=0 eigenvalue=-0.760138547825
Davidson: iter=12 dim=12 root=1 eigenvalue=-0.519096838180
Davidson: iter=13 dim=13 root=0 eigenvalue=-0.760138547825
Davidson: iter=13 dim=13 root=1 eigenvalue=-0.519202496796
Davidson: iter=14 dim=14 root=0 eigenvalue=-0.760138547825
Davidson: iter=14 dim=14 root=1 eigenvalue=-0.519211341631
Davidson: iter=15 dim=15 root=0 eigenvalue=-0.760138547825
Davidson: iter=15 dim=15 root=1 eigenvalue=-0.519211553331
Davidson: iter=16 dim=16 root=0 eigenvalue=-0.760138547825
Davidson: iter=16 dim=16 root=1 eigenvalue=-0.519211597779
Davidson: iter=17 dim=17 root=0 eigenvalue=-0.760138547825
Davidson: iter=17 dim=17 root=1 eigenvalue=-0.519211601722
Davidson: iter=18 dim=18 root=0 eigenvalue=-0.760138547825
Davidson: iter=18 dim=18 root=1 eigenvalue=-0.519211601743
Davidson: iter=19 dim=19 root=0 eigenvalue=-0.760138547825
Davidson: iter=19 dim=19 root=1 eigenvalue=-0.519211601755
Davidson: iter=20 dim=20 root=0 eigenvalue=-0.760138547825
Davidson: iter=20 dim=20 root=1 eigenvalue=-0.519211601759
Davidson: iter=21 dim=21 root=0 eigenvalue=-0.760138547825
Davidson: iter=21 dim=21 root=1 eigenvalue=-0.519211601759
root no. 1 converged
Davidson converged in 21 iterations.
E(core)= 0.000000000000
E(0)= -0.760138547825
E(1)= -0.519211601759
FCI Excitation energies = 2
0.000000000000 0.240926946066

Vacuum coefficients in CI state 0 = 0.974322993985
Vacuum coefficients in CI state 1 = -0.086579710679
Eigenvector 0 in string basis
0: 0.974322993985 seniority 0 ... 1
1
 | 1
1

10: -0.190382501026 seniority 0 ... 1
2
 | 1
2

20: -0.065710652010 seniority 0 ... 1
3
 | 1
3

30: -0.065441740946 seniority 0 ... 1
4
 | 1
4

40: -0.065441621756 seniority 0 ... 1
5
 | 1
5

Eigenvector 1 in string basis
0: -0.086579710679 seniority 0 ... 1
1
 | 1
1

1: 0.602842334914 seniority 2 ... 1
1
 | 1
2

2: -0.051570555184 seniority 2 ... 1
1
 | 1
3

5: 0.222242996448 seniority 2 ... 1
1
 | 1
6

9: 0.602842334373 seniority 2 ... 1
2
 | 1
1

10: -0.351768594933 seniority 0 ... 1
2
 | 1
2

14: -0.114707478779 seniority 2 ... 1
2
 | 1
6

18: -0.051570555162 seniority 2 ... 1
3
 | 1
1

45: 0.222242996386 seniority 2 ... 1
6
 | 1
1

46: -0.114707478757 seniority 2 ... 1
6
 | 1
2

Seniority vectors for all roots (nroots/seniority)
2 2
0.998992048345 0.001007951655
0.133559631191 1.023925788109

Calculating transition densities
Root 0 MO occupations numbers (density matrix diagonal)
9
1.899587433825 0.072763543874 0.008792343417 0.008572619554 0.008572579682 0.000958503603 0.000258328243 0.000258331738 0.000236316064
Root 1 MO occupations numbers (density matrix diagonal)
9
0.847813053995 1.000790319057 0.009705666958 0.003227208435 0.003226948371 0.125935691508 0.002693393999 0.002693372218 0.003914345459
Transition densities done:
Trandens between roots 0 0
9 9
1.899587433825 0.018300132372 -0.015297733164 -0.000146417254 0.000078360829 0.031998450242 -0.000022129740 -0.000005492743 -0.004419216252
0.018300132372 0.072763543874 0.000029055961 0.000000434352 -0.000000288977 0.000248048972 0.000000000792 -0.000000044799 0.000004140803
-0.015297733164 0.000029055961 0.008792343417 0.000001658843 -0.000000925869 0.000031194381 -0.000000909732 0.000001297460 0.000346313403
-0.000146417254 0.000000434352 0.000001658843 0.008572619554 -0.000000006310 0.000000365996 0.000290131439 0.000048214127 0.000002461807
0.000078360829 -0.000000288977 -0.000000925869 -0.000000006310 0.008572579682 -0.000000184134 -0.000048209257 0.000290151898 -0.000002237112
0.031998450242 0.000248048972 0.000031194381 0.000000365996 -0.000000184134 0.000958503603 -0.000000289508 -0.000000078977 -0.000060565143
-0.000022129740 0.000000000792 -0.000000909732 0.000290131439 -0.000048209257 -0.000000289508 0.000258328243 -0.000000000448 -0.000000032139
-0.000005492743 -0.000000044799 0.000001297460 0.000048214127 0.000290151898 -0.000000078977 -0.000000000448 0.000258331738 -0.000000019889
-0.004419216252 0.000004140803 0.000346313403 0.000002461807 -0.000002237112 -0.000060565143 -0.000000032139 -0.000000019889 0.000236316064

Trandens between roots 0 1
9 9
-0.146536007417 1.162817879822 -0.101405626173 -0.000872721481 0.000497003018 0.431152069074 0.000345565857 0.000088415835 0.059840068201
-0.231369355095 0.147925393451 0.000525988840 0.000018071311 -0.000006446931 0.048881556300 0.000022629124 0.000005274295 0.003584142980
0.006712273290 -0.008714433808 -0.003492544876 -0.000013981750 0.000007285763 -0.002228550188 -0.000033409247 0.000021332190 0.003353740310
0.000056488825 -0.000078892874 -0.000013179671 -0.002258008580 0.000000044781 -0.000020843700 0.004584877583 0.000763554225 0.000012233527
-0.000032232147 0.000043172284 0.000007109923 0.000000143110 -0.002258020502 0.000011024773 -0.000763398052 0.004584976767 -0.000020026556
-0.008535236174 0.023071209505 -0.001534706566 -0.000012986522 0.000007439697 0.006899489229 0.000007153508 0.000001850453 0.001280610681
-0.000001886569 -0.000012004052 -0.000004390276 0.000720900474 -0.000120057556 -0.000004171245 -0.000047814837 0.000000045230 -0.000000219577
-0.000000484722 -0.000003120965 0.000003730308 0.000120081882 0.000720902550 -0.000001096676 -0.000000050715 -0.000047788984 -0.000000281575
-0.000277539459 -0.002466758529 0.000718556945 0.000003433287 -0.000003962186 -0.000840137123 -0.000000334807 -0.000000317632 -0.000184697484

Trandens between roots 1 0
9 9
-0.146536007417 -0.231369355095 0.006712273290 0.000056488825 -0.000032232147 -0.008535236174 -0.000001886569 -0.000000484722 -0.000277539459
1.162817879822 0.147925393451 -0.008714433808 -0.000078892874 0.000043172284 0.023071209505 -0.000012004052 -0.000003120965 -0.002466758529
-0.101405626173 0.000525988840 -0.003492544876 -0.000013179671 0.000007109923 -0.001534706566 -0.000004390276 0.000003730308 0.000718556945
-0.000872721481 0.000018071311 -0.000013981750 -0.002258008580 0.000000143110 -0.000012986522 0.000720900474 0.000120081882 0.000003433287
0.000497003018 -0.000006446931 0.000007285763 0.000000044781 -0.002258020502 0.000007439697 -0.000120057556 0.000720902550 -0.000003962186
0.431152069074 0.048881556300 -0.002228550188 -0.000020843700 0.000011024773 0.006899489229 -0.000004171245 -0.000001096676 -0.000840137123
0.000345565857 0.000022629124 -0.000033409247 0.004584877583 -0.000763398052 0.000007153508 -0.000047814837 -0.000000050715 -0.000000334807
0.000088415835 0.000005274295 0.000021332190 0.000763554225 0.004584976767 0.000001850453 0.000000045230 -0.000047788984 -0.000000317632
0.059840068201 0.003584142980 0.003353740310 0.000012233527 -0.000020026556 0.001280610681 -0.000000219577 -0.000000281575 -0.000184697484

Trandens between roots 1 1
9 9
0.847813053995 -0.579478209587 -0.006856101742 -0.000116628122 0.000049864105 -0.168707017703 -0.000088392393 -0.000018470299 -0.013231521089
-0.579478209587 1.000790319057 -0.056296169850 -0.000455045528 0.000267522795 0.345079315400 0.000256703353 0.000063806243 0.043633121795
-0.006856101742 -0.056296169850 0.009705666958 0.000059480572 -0.000032611885 -0.022652833923 -0.000009457144 -0.000014548144 -0.005470366324
-0.000116628122 -0.000455045528 0.000059480572 0.003227208435 -0.000000305799 -0.000187352382 -0.001873527186 -0.000312015206 -0.000040764994
0.000049864105 0.000267522795 -0.000032611885 -0.000000305799 0.003226948371 0.000108977510 0.000312041427 -0.001873374834 0.000028534613
-0.168707017703 0.345079315400 -0.022652833923 -0.000187352382 0.000108977510 0.125935691508 0.000091861677 0.000023147995 0.015721976725
-0.000088392393 0.000256703353 -0.000009457144 -0.001873527186 0.000312041427 0.000091861677 0.002693393999 0.000000012024 0.000008913963
-0.000018470299 0.000063806243 -0.000014548144 -0.000312015206 -0.001873374834 0.000023147995 0.000000012024 0.002693372218 0.000002315851
-0.013231521089 0.043633121795 -0.005470366324 -0.000040764994 0.000028534613 0.015721976725 0.000008913963 0.000002315851 0.003914345459

State 0 :
Natural orbital occupations
9
1.900443802754 0.072580865917 0.008689701358 0.008582996948 0.008582968201 0.000409253386 0.000247939227 0.000247937553 0.000214534655
Natural orbitals (in MO basis)
9 9
0.999772603482 -0.009973022407 0.007598358873 -0.000028291204 0.000013946490 0.017092134192 -0.000001479745 0.000002444131 0.002324443663
0.010012639930 0.999945481196 -0.002761351270 0.000012629451 -0.000007380755 -0.000911232633 -0.000000233981 -0.000000128004 -0.000571015141
-0.008085128031 0.002850417907 0.998654711560 0.005630975429 -0.003684981361 0.035558775068 0.000177595144 0.000243843088 -0.036131266878
-0.000077381647 0.000029707376 0.005764567752 -0.998502518118 0.041384387854 0.000351455808 -0.001111657034 -0.035288963057 -0.000382655686
0.000041413723 -0.000016787611 -0.003441210897 -0.041404751976 -0.998512335644 -0.000185991456 0.035292833359 -0.001113810636 0.000242688814
0.016843271303 -0.000991842770 0.035102421407 -0.000140560090 0.000068452756 -0.999097910029 0.000024941790 -0.000013879995 -0.016925761123
-0.000011654964 0.000003160742 0.000088998458 -0.034560574381 0.007225235598 -0.000065654018 0.194788415968 0.980202029488 0.003847685668
-0.000002892050 0.000000142510 0.000062867567 -0.007225288399 -0.034563648104 -0.000036499060 -0.980209464122 0.194787558556 0.000598015441
-0.002327109168 0.000680919849 0.036689820463 -0.000033614094 0.000119107945 -0.015678154835 -0.000165586160 -0.003895802128 0.999193151216

State 1 :
Natural orbital occupations
9
1.604793518772 0.373868672917 0.005048072944 0.004877937594 0.004877785568 0.004160364514 0.001042218146 0.001042192992 0.000289236552
Natural orbitals (in MO basis)
9 9
-0.622841737912 -0.776138639125 0.096582723876 0.000142047922 -0.000827281412 0.006806411644 -0.000005245684 -0.000005879640 -0.017370318010
0.742009858054 -0.558418007853 0.286900817351 0.000529847069 -0.002996908238 0.232930954780 0.000019980062 -0.000106851132 0.031820062107
-0.027084618871 0.118072671206 0.702605338386 0.005174667861 -0.011981109867 -0.419498100701 -0.001228674239 -0.006925639393 -0.561669432506
-0.000196036520 0.001088833575 0.013324524546 -0.048179818493 0.753013783853 -0.002411425780 -0.229566870957 0.614605276863 -0.004875439568
0.000122250047 -0.000599001182 -0.004371165399 0.753116067130 0.048260872522 0.002005857277 -0.614627159970 -0.229538911522 0.002985907106
0.244906437254 -0.263118429656 -0.499706057757 -0.001050117970 0.006048189650 -0.780423828980 -0.000012913423 -0.000050022452 -0.109473037564
0.000167866166 -0.000276720761 -0.007382408510 0.148881178151 -0.638947271851 0.000126319347 -0.144339144269 0.740730755462 -0.003212050010
0.000040452370 -0.000076619335 -0.000923828296 -0.638984370736 -0.148881468151 0.000475323415 -0.740739851368 -0.144346677077 -0.000839589757
0.027869648133 -0.051029901505 -0.405890735677 -0.000287085626 0.005659355102 0.400807626435 0.001296063137 -0.002499608859 -0.819258903281

