Number of strings: 9 9, CI size = 81
String addressing array alpha: 1 9
0 1 2 3 4 5 6 7 8

Alpha strings 9 1
1
2
3
4
5
6
7
8
9

Is hamiltonian hermitian? 1
Implicit Hamiltonian constructed
E(core)= 0.000000000000
H(1,1) + E(core) energy = -0.895960906200
Davidson: iter=0 dim=0 root=0 eigenvalue=-0.895960906200
Davidson: iter=1 dim=1 root=0 eigenvalue=-0.927575325898
Davidson: iter=2 dim=2 root=0 eigenvalue=-0.930372369538
Davidson: iter=3 dim=3 root=0 eigenvalue=-0.930774938126
Davidson: iter=4 dim=4 root=0 eigenvalue=-0.930809798763
Davidson: iter=5 dim=5 root=0 eigenvalue=-0.930812050792
Davidson: iter=6 dim=6 root=0 eigenvalue=-0.930812320393
Davidson: iter=7 dim=7 root=0 eigenvalue=-0.930812330254
Davidson: iter=8 dim=8 root=0 eigenvalue=-0.930812331239
Davidson: iter=9 dim=9 root=0 eigenvalue=-0.930812331271
Davidson: iter=10 dim=10 root=0 eigenvalue=-0.930812331271
Davidson: iter=10 dim=10 root=1 eigenvalue=-0.535588187833
root no. 0 converged
Davidson: iter=11 dim=11 root=0 eigenvalue=-0.930812331271
Davidson: iter=11 dim=11 root=1 eigenvalue=-0.538467581540
Davidson: iter=12 dim=12 root=0 eigenvalue=-0.930812331271
Davidson: iter=12 dim=12 root=1 eigenvalue=-0.538616410326
Davidson: iter=13 dim=13 root=0 eigenvalue=-0.930812331271
Davidson: iter=13 dim=13 root=1 eigenvalue=-0.538670952790
Davidson: iter=14 dim=14 root=0 eigenvalue=-0.930812331271
Davidson: iter=14 dim=14 root=1 eigenvalue=-0.538681714379
Davidson: iter=15 dim=15 root=0 eigenvalue=-0.930812331272
Davidson: iter=15 dim=15 root=1 eigenvalue=-0.538683677851
Davidson: iter=16 dim=16 root=0 eigenvalue=-0.930812331272
Davidson: iter=16 dim=16 root=1 eigenvalue=-0.538683831292
Davidson: iter=17 dim=17 root=0 eigenvalue=-0.930812331272
Davidson: iter=17 dim=17 root=1 eigenvalue=-0.538683856226
Davidson: iter=18 dim=18 root=0 eigenvalue=-0.930812331272
Davidson: iter=18 dim=18 root=1 eigenvalue=-0.538683859437
Davidson: iter=19 dim=19 root=0 eigenvalue=-0.930812331272
Davidson: iter=19 dim=19 root=1 eigenvalue=-0.538683862486
Davidson: iter=20 dim=20 root=0 eigenvalue=-0.930812331272
Davidson: iter=20 dim=20 root=1 eigenvalue=-0.538683870224
Davidson: iter=21 dim=21 root=0 eigenvalue=-0.930812331272
Davidson: iter=21 dim=21 root=1 eigenvalue=-0.538683870305
Davidson: iter=22 dim=22 root=0 eigenvalue=-0.930812331272
Davidson: iter=22 dim=22 root=1 eigenvalue=-0.538683870309
Davidson: iter=23 dim=23 root=0 eigenvalue=-0.930812331272
Davidson: iter=23 dim=23 root=1 eigenvalue=-0.538683870309
root no. 1 converged
Davidson converged in 23 iterations.
E(core)= 0.000000000000
E(0)= -0.930812331272
E(1)= -0.538683870309
FCI Excitation energies = 2
0.000000000000 0.392128460962

Vacuum coefficients in CI state 0 = 0.985497600742
Vacuum coefficients in CI state 1 = -0.028375837092
Eigenvector 0 in string basis
0: 0.985497600742 seniority 0 ... 1
1
 | 1
1

10: -0.113787455907 seniority 0 ... 1
2
 | 1
2

20: -0.075031938089 seniority 0 ... 1
3
 | 1
3

30: -0.075032031520 seniority 0 ... 1
4
 | 1
4

40: -0.063783418574 seniority 0 ... 1
5
 | 1
5

Eigenvector 1 in string basis
1: -0.634823889759 seniority 2 ... 1
1
 | 1
2

5: -0.236632455224 seniority 2 ... 1
1
 | 1
6

9: -0.634823894570 seniority 2 ... 1
2
 | 1
1

10: -0.234930492233 seniority 0 ... 1
2
 | 1
2

14: -0.090572997498 seniority 2 ... 1
2
 | 1
6

45: -0.236632455956 seniority 2 ... 1
6
 | 1
1

46: -0.090572997639 seniority 2 ... 1
6
 | 1
2

Seniority vectors for all roots (nroots/seniority)
2 2
0.999936732576 0.000063267424
0.058298697778 1.190317066122

Calculating transition densities
Root 0 MO occupations numbers (density matrix diagonal)
9
1.942460939516 0.025899012442 0.011262943051 0.011262974740 0.008152680014 0.000307571490 0.000253785304 0.000253740256 0.000146353188
Root 1 MO occupations numbers (density matrix diagonal)
9
0.919791623036 0.933290824282 0.003372303850 0.003372634826 0.004628976023 0.128431692417 0.002994983885 0.002994487215 0.001122474466
Transition densities done:
Trandens between roots 0 0
9 9
1.942460939516 0.000820194511 0.000011968983 0.000017266661 -0.004144932035 -0.008407788002 -0.000005542409 0.000005082513 0.001966336520
0.000820194511 0.025899012442 0.000001228905 0.000001221520 -0.000411444939 0.000111305674 0.000000128605 -0.000000065883 0.000101885351
0.000011968983 0.000001228905 0.011262943051 0.000000175537 0.000008381445 -0.000000053544 0.000216091385 0.000056808392 -0.000000266874
0.000017266661 0.000001221520 0.000000175537 0.011262974740 0.000011427116 -0.000000062893 0.000057043359 -0.000216097216 -0.000000230212
-0.004144932035 -0.000411444939 0.000008381445 0.000011427116 0.008152680014 0.000056662499 0.000001638410 -0.000001351383 -0.000185551404
-0.008407788002 0.000111305674 -0.000000053544 -0.000000062893 0.000056662499 0.000307571490 0.000000023694 -0.000000023188 -0.000011917296
-0.000005542409 0.000000128605 0.000216091385 0.000057043359 0.000001638410 0.000000023694 0.000253785304 -0.000000021094 -0.000000091628
0.000005082513 -0.000000065883 0.000056808392 -0.000216097216 -0.000001351383 -0.000000023188 -0.000000021094 0.000253740256 0.000000092409
0.001966336520 0.000101885351 -0.000000266874 -0.000000230212 -0.000185551404 -0.000011917296 -0.000000091628 0.000000092409 0.000146353188

Trandens between roots 0 1
9 9
-0.054489737538 -1.250750856121 0.000949038545 0.000582394266 -0.005924003800 -0.466528385562 0.000002591694 0.000190715092 -0.018281165938
0.144662828690 0.052987529000 -0.000022036457 -0.000005471945 -0.003410443967 0.020390829703 0.000002484311 -0.000009096626 0.000874819769
-0.000068213762 -0.000022315782 0.002413809535 0.000004008044 0.000017283437 -0.000007325151 0.005502975617 0.001454063908 0.000003863582
-0.000040001430 -0.000015078424 0.000003838453 0.002414893055 0.000022925503 -0.000009038008 0.001455637439 -0.005502744600 0.000007238991
-0.000862450660 0.000401484608 0.000016193719 0.000022871575 -0.005137655248 0.000609333764 0.000015664214 -0.000014074998 -0.002445286544
0.006328549186 0.007793893902 -0.000004932107 -0.000003288196 -0.000051065854 0.002042626096 -0.000000001451 -0.000000948701 0.000097688387
-0.000000571250 0.000003527034 0.000861984061 0.000228076461 0.000001915201 0.000001272031 -0.000058694628 -0.000000014140 -0.000000248319
-0.000002282842 -0.000004105231 0.000227604276 -0.000861883088 -0.000001734629 -0.000001230264 -0.000000188028 -0.000058774323 0.000000196237
0.000565598627 -0.001005975417 0.000001030931 0.000000975967 -0.000244630911 -0.000383093560 -0.000000369120 0.000000459091 -0.000113995949

Trandens between roots 1 0
9 9
-0.054489737538 0.144662828690 -0.000068213762 -0.000040001430 -0.000862450660 0.006328549186 -0.000000571250 -0.000002282842 0.000565598627
-1.250750856121 0.052987529000 -0.000022315782 -0.000015078424 0.000401484608 0.007793893902 0.000003527034 -0.000004105231 -0.001005975417
0.000949038545 -0.000022036457 0.002413809535 0.000003838453 0.000016193719 -0.000004932107 0.000861984061 0.000227604276 0.000001030931
0.000582394266 -0.000005471945 0.000004008044 0.002414893055 0.000022871575 -0.000003288196 0.000228076461 -0.000861883088 0.000000975967
-0.005924003800 -0.003410443967 0.000017283437 0.000022925503 -0.005137655248 -0.000051065854 0.000001915201 -0.000001734629 -0.000244630911
-0.466528385562 0.020390829703 -0.000007325151 -0.000009038008 0.000609333764 0.002042626096 0.000001272031 -0.000001230264 -0.000383093560
0.000002591694 0.000002484311 0.005502975617 0.001455637439 0.000015664214 -0.000000001451 -0.000058694628 -0.000000188028 -0.000000369120
0.000190715092 -0.000009096626 0.001454063908 -0.005502744600 -0.000014074998 -0.000000948701 -0.000000014140 -0.000058774323 0.000000459091
-0.018281165938 0.000874819769 0.000003863582 0.000007238991 -0.002445286544 0.000097688387 -0.000000248319 0.000000196237 -0.000113995949

Trandens between roots 1 1
9 9
0.919791623036 0.377150276418 -0.000182319181 -0.000063413442 -0.020781007608 0.126737570912 -0.000028163739 -0.000044230196 0.005429580612
0.377150276418 0.933290824282 -0.000669775678 -0.000394884924 -0.002708160675 0.342413774154 -0.000008153244 -0.000138764151 0.014192869701
-0.000182319181 -0.000669775678 0.003372303850 0.000002669895 -0.000002088452 -0.000246930435 0.000618368771 0.000161273804 -0.000014494359
-0.000063413442 -0.000394884924 0.000002669895 0.003372634826 -0.000003597926 -0.000145431350 0.000165624963 -0.000617684601 -0.000012035842
-0.020781007608 -0.002708160675 -0.000002088452 -0.000003597926 0.004628976023 -0.001255176022 0.000003163097 -0.000001140003 0.001888926998
0.126737570912 0.342413774154 -0.000246930435 -0.000145431350 -0.001255176022 0.128431692417 -0.000002104538 -0.000050826581 0.005096429900
-0.000028163739 -0.000008153244 0.000618368771 0.000165624963 0.000003163097 -0.000002104538 0.002994983885 -0.000000663575 -0.000000124162
-0.000044230196 -0.000138764151 0.000161273804 -0.000617684601 -0.000001140003 -0.000050826581 -0.000000663575 0.002994487215 -0.000002442396
0.005429580612 0.014192869701 -0.000014494359 -0.000012035842 0.001888926998 0.005096429900 -0.000000124162 -0.000002442396 0.001122474466

State 0 :
Natural orbital occupations
9
1.942508562827 0.025909045333 0.011267738222 0.011267312721 0.008138508325 0.000270515926 0.000249255389 0.000249201573 0.000139859684
Natural orbitals (in MO basis)
9 9
-0.999987729028 -0.000462446967 0.000000780307 0.000000372265 0.002177501903 -0.004340286295 -0.000005387608 -0.000002094922 -0.000865044179
-0.000428197570 0.999715163090 -0.000010288992 -0.000019275321 0.023148982569 0.004482501820 0.000007295538 0.000000923015 -0.003666140666
-0.000006188180 0.000070261168 -0.660730734591 0.750344044424 -0.002705860595 -0.000009875430 0.016934668352 -0.011162509107 0.000002726011
-0.000008927811 0.000064783351 -0.750334746952 -0.660736376708 -0.003685861991 -0.000010178309 0.011182074838 0.016928646917 -0.000012972574
0.002143085676 -0.023085537513 -0.004550432011 -0.000404468044 0.999454810776 0.005666119853 0.000230903418 0.000090900000 0.022349716743
0.004328991030 0.004445266789 -0.000016871965 -0.000002460381 0.005257014166 -0.999712864033 -0.000354636271 -0.000063527798 0.022537139010
0.000002854490 0.000004362341 -0.016850221265 0.011299852811 0.000105981526 0.000326480984 -0.947235809439 0.319894345555 0.000441043488
-0.000002617543 -0.000001822294 0.011314394607 0.016834632172 -0.000088843151 -0.000186353191 0.319893687567 0.947236128997 -0.000530642121
-0.001012584186 0.004082552680 0.000107602031 0.000002358599 -0.022380833864 0.022427932270 0.000590776086 0.000361392561 0.999488820529

State 1 :
Natural orbital occupations
9
1.393680419292 0.586257112219 0.005117906808 0.003853934339 0.003846039549 0.002517711067 0.002516021264 0.002210521929 0.000000333534
Natural orbitals (in MO basis)
9 9
0.643207252928 0.765121703687 0.020308788013 0.000041771935 -0.000003824163 0.000041423974 0.000102580369 -0.018179566077 -0.011412748851
0.720244045078 -0.598554510428 0.053998378656 -0.000604467665 0.000181357471 -0.000634745542 -0.001166475503 0.346394000841 0.008615278345
-0.000477510286 0.000548722998 -0.001964288004 -0.529283270779 0.601152267864 -0.442317364864 -0.403514480573 -0.001182651295 0.000892534918
-0.000261062714 0.000381349370 -0.002728520990 -0.601264521107 -0.529191190675 0.403641730328 -0.442155545247 0.000072069293 0.001350227032
-0.011246709543 -0.024072017391 0.891265001395 -0.002890782841 -0.000311935659 0.000494049819 -0.002090572269 -0.146505323180 -0.428326824474
0.259402938231 -0.235902805008 -0.178806004610 -0.000036021228 0.000287203821 0.001567354284 0.001575425726 -0.917830101447 -0.051684402591
-0.000017911119 -0.000027165509 0.000219228892 -0.497238399942 0.333413562176 0.433937360572 0.673263530334 0.001973482401 0.000110677156
-0.000101753426 0.000104773192 0.000019386342 0.333294824576 0.497401059910 0.673144831402 -0.434030535800 0.000478797187 0.000156547557
0.010782654009 -0.009551069165 0.412717199234 0.000058453360 -0.000063370265 -0.000005616869 0.000163841212 -0.125695135064 0.902029779785

