Number of strings: 9 9, CI size = 81
String addressing array alpha: 1 9
0 1 2 3 4 5 6 7 8

Alpha strings 9 1
1
2
3
4
5
6
7
8
9

Is hamiltonian hermitian? 1
Implicit Hamiltonian constructed
E(core)= 0.000000000000
H(1,1) + E(core) energy = -0.819132010100
Davidson: iter=0 dim=0 root=0 eigenvalue=-0.819132010100
Davidson: iter=1 dim=1 root=0 eigenvalue=-0.851309195119
Davidson: iter=2 dim=2 root=0 eigenvalue=-0.853954712265
Davidson: iter=3 dim=3 root=0 eigenvalue=-0.854385605543
Davidson: iter=4 dim=4 root=0 eigenvalue=-0.854426459666
Davidson: iter=5 dim=5 root=0 eigenvalue=-0.854428751487
Davidson: iter=6 dim=6 root=0 eigenvalue=-0.854429004419
Davidson: iter=7 dim=7 root=0 eigenvalue=-0.854429011992
Davidson: iter=8 dim=8 root=0 eigenvalue=-0.854429012635
Davidson: iter=9 dim=9 root=0 eigenvalue=-0.854429012653
Davidson: iter=10 dim=10 root=0 eigenvalue=-0.854429012655
Davidson: iter=11 dim=11 root=0 eigenvalue=-0.854429012655
Davidson: iter=11 dim=11 root=1 eigenvalue=-0.510798313381
root no. 0 converged
Davidson: iter=12 dim=12 root=0 eigenvalue=-0.854429012655
Davidson: iter=12 dim=12 root=1 eigenvalue=-0.518964815725
Davidson: iter=13 dim=13 root=0 eigenvalue=-0.854429012655
Davidson: iter=13 dim=13 root=1 eigenvalue=-0.519651549981
Davidson: iter=14 dim=14 root=0 eigenvalue=-0.854429012655
Davidson: iter=14 dim=14 root=1 eigenvalue=-0.519707635982
Davidson: iter=15 dim=15 root=0 eigenvalue=-0.854429012655
Davidson: iter=15 dim=15 root=1 eigenvalue=-0.519717203846
Davidson: iter=16 dim=16 root=0 eigenvalue=-0.854429012655
Davidson: iter=16 dim=16 root=1 eigenvalue=-0.519718675774
Davidson: iter=17 dim=17 root=0 eigenvalue=-0.854429012655
Davidson: iter=17 dim=17 root=1 eigenvalue=-0.519718679405
Davidson: iter=18 dim=18 root=0 eigenvalue=-0.854429012655
Davidson: iter=18 dim=18 root=1 eigenvalue=-0.519718679689
Davidson: iter=19 dim=19 root=0 eigenvalue=-0.854429012655
Davidson: iter=19 dim=19 root=1 eigenvalue=-0.519718679714
Davidson: iter=20 dim=20 root=0 eigenvalue=-0.854429012655
Davidson: iter=20 dim=20 root=1 eigenvalue=-0.519718679726
Davidson: iter=21 dim=21 root=0 eigenvalue=-0.854429012655
Davidson: iter=21 dim=21 root=1 eigenvalue=-0.519718679736
Davidson: iter=22 dim=22 root=0 eigenvalue=-0.854429012655
Davidson: iter=22 dim=22 root=1 eigenvalue=-0.519718679741
Davidson: iter=23 dim=23 root=0 eigenvalue=-0.854429012655
Davidson: iter=23 dim=23 root=1 eigenvalue=-0.519718679741
root no. 1 converged
Davidson converged in 23 iterations.
E(core)= 0.000000000000
E(0)= -0.854429012655
E(1)= -0.519718679741
FCI Excitation energies = 2
0.000000000000 0.334710332914

Vacuum coefficients in CI state 0 = 0.982936745068
Vacuum coefficients in CI state 1 = 0.037589962946
Eigenvector 0 in string basis
0: 0.982936745068 seniority 0 ... 1
1
 | 1
1

10: -0.135292994263 seniority 0 ... 1
2
 | 1
2

20: -0.068579290990 seniority 0 ... 1
3
 | 1
3

30: -0.071264577737 seniority 0 ... 1
4
 | 1
4

40: -0.071264224158 seniority 0 ... 1
5
 | 1
5

Eigenvector 1 in string basis
1: -0.626216920277 seniority 2 ... 1
1
 | 1
2

5: -0.241800912059 seniority 2 ... 1
1
 | 1
6

9: -0.626216920125 seniority 2 ... 1
2
 | 1
1

10: 0.249759069395 seniority 0 ... 1
2
 | 1
2

14: 0.101167101100 seniority 2 ... 1
2
 | 1
6

45: -0.241800912037 seniority 2 ... 1
6
 | 1
1

46: 0.101167101095 seniority 2 ... 1
6
 | 1
2

Seniority vectors for all roots (nroots/seniority)
2 2
0.999845412057 0.000154587943
0.065137636592 1.151715968508

Calculating transition densities
Root 0 MO occupations numbers (density matrix diagonal)
9
1.932467742656 0.036613653430 0.009445617376 0.010160780519 0.010160695069 0.000408819094 0.000271745145 0.000271762639 0.000199184072
Root 1 MO occupations numbers (density matrix diagonal)
9
0.905775055097 0.932438695772 0.007037714789 0.003460222912 0.003462764849 0.137967711164 0.003447786307 0.003447977012 0.002962072097
Transition densities done:
Trandens between roots 0 0
9 9
1.932467742656 0.001369982556 -0.007257381483 -0.000081301549 -0.000200513145 0.013528499269 -0.000000430494 0.000009967634 -0.004038752905
0.001369982556 0.036613653430 0.000487751947 0.000005366940 0.000013415187 0.000154852125 -0.000000085377 -0.000000387501 0.000158685277
-0.007257381483 0.000487751947 0.009445617376 -0.000007817777 -0.000019412856 0.000078812549 -0.000005533406 -0.000006169236 0.000230725211
-0.000081301549 0.000005366940 -0.000007817777 0.010160780519 -0.000000205255 0.000000844030 -0.000089013742 0.000200089305 0.000002683044
-0.000200513145 0.000013415187 -0.000019412856 -0.000000205255 0.010160695069 0.000001942689 0.000199617514 0.000088693558 0.000005821549
0.013528499269 0.000154852125 0.000078812549 0.000000844030 0.000001942689 0.000408819094 -0.000000045678 -0.000000003143 -0.000013840541
-0.000000430494 -0.000000085377 -0.000005533406 -0.000089013742 0.000199617514 -0.000000045678 0.000271745145 -0.000000005323 -0.000000118969
0.000009967634 -0.000000387501 -0.000006169236 0.000200089305 0.000088693558 -0.000000003143 -0.000000005323 0.000271762639 -0.000000035716
-0.004038752905 0.000158685277 0.000230725211 0.000002683044 0.000005821549 -0.000013840541 -0.000000118969 -0.000000035716 0.000199184072

Trandens between roots 0 1
9 9
0.069724011990 -1.229567613662 -0.022457640824 -0.000007155578 -0.000448185410 -0.475400129529 0.000026902683 0.000197702826 -0.052987825904
0.169794924846 -0.068781958927 -0.010265241121 -0.000103881535 -0.000279317401 -0.027800154326 0.000002767398 0.000007285988 -0.001043540214
0.003276799245 -0.001023684189 0.004346378426 0.000060803402 0.000152652102 -0.000439448229 0.000120059174 0.000131013027 -0.003278654832
0.000018408204 -0.000005585346 0.000061567374 -0.001112783758 0.000001328636 -0.000004204678 0.002371552828 -0.005319775530 -0.000044769310
0.000076923075 -0.000025806389 0.000153028918 0.000001496093 -0.001110819633 -0.000012617760 -0.005318856308 -0.002369295148 -0.000092238144
0.007175942246 -0.011546172987 -0.000543004983 -0.000004149772 -0.000013736623 -0.003360385009 0.000000308078 0.000001790111 -0.000514430627
-0.000001241917 0.000001199809 0.000019763855 0.000394133019 -0.000883989389 0.000000349348 0.000045048809 0.000000031153 0.000000432357
-0.000004690155 -0.000004194127 0.000021381274 -0.000884180325 -0.000393773212 -0.000001750632 0.000000215880 0.000044795415 0.000000100163
0.001214531543 0.002102022913 -0.000406209240 -0.000006207897 -0.000011546485 0.000778247083 0.000000279209 -0.000000136484 0.000205712686

Trandens between roots 1 0
9 9
0.069724011990 0.169794924846 0.003276799245 0.000018408204 0.000076923075 0.007175942246 -0.000001241917 -0.000004690155 0.001214531543
-1.229567613662 -0.068781958927 -0.001023684189 -0.000005585346 -0.000025806389 -0.011546172987 0.000001199809 -0.000004194127 0.002102022913
-0.022457640824 -0.010265241121 0.004346378426 0.000061567374 0.000153028918 -0.000543004983 0.000019763855 0.000021381274 -0.000406209240
-0.000007155578 -0.000103881535 0.000060803402 -0.001112783758 0.000001496093 -0.000004149772 0.000394133019 -0.000884180325 -0.000006207897
-0.000448185410 -0.000279317401 0.000152652102 0.000001328636 -0.001110819633 -0.000013736623 -0.000883989389 -0.000393773212 -0.000011546485
-0.475400129529 -0.027800154326 -0.000439448229 -0.000004204678 -0.000012617760 -0.003360385009 0.000000349348 -0.000001750632 0.000778247083
0.000026902683 0.000002767398 0.000120059174 0.002371552828 -0.005318856308 0.000000308078 0.000045048809 0.000000215880 0.000000279209
0.000197702826 0.000007285988 0.000131013027 -0.005319775530 -0.002369295148 0.000001790111 0.000000031153 0.000044795415 -0.000000136484
-0.052987825904 -0.001043540214 -0.003278654832 -0.000044769310 -0.000092238144 -0.000514430627 0.000000432357 0.000000100163 0.000205712686

Trandens between roots 1 1
9 9
0.905775055097 -0.409883183507 -0.056527028346 -0.000565414942 -0.001532634432 -0.142878664975 0.000016499222 0.000056624876 -0.008449664487
-0.409883183507 0.932438695772 0.034388942045 0.000206612282 0.000830967694 0.353493900235 -0.000021986037 -0.000147660291 0.038123972563
-0.056527028346 0.034388942045 0.007037714789 0.000033147185 0.000095313594 0.012360681505 -0.000003013438 -0.000002090756 -0.001088187670
-0.000565414942 0.000206612282 0.000033147185 0.003460222912 0.000001123953 0.000069920088 -0.000014590289 0.000033171623 -0.000019473332
-0.001532634432 0.000830967694 0.000095313594 0.000001123953 0.003462764849 0.000295481600 0.000033494664 0.000015144678 -0.000035898783
-0.142878664975 0.353493900235 0.012360681505 0.000069920088 0.000295481600 0.137967711164 -0.000008252034 -0.000055397130 0.014388682278
0.000016499222 -0.000021986037 -0.000003013438 -0.000014590289 0.000033494664 -0.000008252034 0.003447786307 0.000000146323 -0.000001714869
0.000056624876 -0.000147660291 -0.000002090756 0.000033171623 0.000015144678 -0.000055397130 0.000000146323 0.003447977012 -0.000003597578
-0.008449664487 0.038123972563 -0.001088187670 -0.000019473332 -0.000035898783 0.014388682278 -0.000001714869 -0.000003597578 0.002962072097

State 0 :
Natural orbital occupations
9
1.932599305079 0.036622956133 0.010166049716 0.010165714203 0.009415340984 0.000312635239 0.000266918063 0.000266913066 0.000184167517
Natural orbitals (in MO basis)
9 9
0.999965919319 -0.000672167058 -0.000001576393 0.000000796755 -0.003736447852 -0.006856601818 0.000012394081 0.000001329530 0.002595034143
0.000721970781 0.999815906621 0.000004851346 -0.000000474613 0.018333862585 -0.004145019415 -0.000003652471 -0.000000224390 -0.003784162528
-0.003773338678 0.018173144575 0.027420287864 -0.010382352194 -0.999030764211 -0.015955611885 -0.000797567532 -0.000263549828 -0.021865002755
-0.000042271328 0.000199982659 -0.020890990425 0.999476718969 -0.010955870614 -0.000160939062 0.014432864912 -0.016774716257 -0.000239332106
-0.000104253795 0.000499859165 -0.999161641158 -0.021182567171 -0.027192783224 -0.000389166885 0.016724315759 0.014402427336 -0.000566918727
0.007001318665 0.004061969670 0.000018662430 -0.000000509592 -0.014010804418 0.996281556482 -0.001205284227 -0.000260360942 -0.084615120790
-0.000000220864 -0.000002871387 -0.019985463326 -0.009413637017 0.000117955232 -0.000667485177 -0.427383445158 -0.903799714904 0.000985585800
0.000005160947 -0.000011610902 -0.009396163574 0.020029404096 0.000165777396 -0.001007044148 -0.903799364435 0.427382843051 -0.000328043719
-0.002090389500 0.004544038185 0.000046496379 0.000016050995 -0.023056842899 0.084277206066 0.000018272977 0.001011205931 0.996162482345

State 1 :
Natural orbital occupations
9
1.431566009503 0.546660769452 0.004637312956 0.003491563308 0.003490423986 0.003417139472 0.003416723580 0.003247020054 0.000073037690
Natural orbitals (in MO basis)
9 9
-0.638821782306 -0.766944369226 -0.052642463625 -0.000009837023 0.000003991887 -0.000123018814 0.000082221358 -0.023907480656 0.018980156732
0.719359477231 -0.591428042958 0.027172916728 -0.000159755288 0.000093631829 -0.000889064791 0.000758839884 -0.357972132270 -0.062056402349
0.045019623503 0.037142922587 -0.844751078788 0.022942187371 -0.000150772373 0.005819083306 -0.017596465680 -0.124591251951 0.516329746961
0.000370803660 0.000545568953 -0.008726318037 -0.279988839525 0.709734746849 -0.646288553688 0.009075768627 0.000091013735 0.005914609194
0.001161931285 0.001135597941 -0.023295850210 -0.709485229265 -0.280135462564 0.009251233608 0.645993918935 -0.002236537888 0.014517749093
0.267848951088 -0.243570975642 -0.106261410482 -0.000177767347 0.000091763946 0.002062692624 -0.001844507559 0.925063439326 0.043457659385
-0.000020105033 0.000004306141 0.000345197219 -0.452523706684 -0.461462894862 -0.320446093179 -0.692522825661 -0.000678978625 0.000385049081
-0.000110206973 0.000105820136 -0.001560059003 -0.461446363846 0.452605832430 0.692457782879 -0.320480639710 -0.002378983887 -0.001214723361
0.025638754658 -0.036072000187 0.520550797656 -0.000325877942 0.000793038060 0.001765883350 -0.000402767680 0.002811953821 0.852676028375

