Number of strings: 9 9, CI size = 81
String addressing array alpha: 1 9
0 1 2 3 4 5 6 7 8

Alpha strings 9 1
1
2
3
4
5
6
7
8
9

Is hamiltonian hermitian? 1
Implicit Hamiltonian constructed
E(core)= 0.000000000000
H(1,1) + E(core) energy = -0.856977002600
Davidson: iter=0 dim=0 root=0 eigenvalue=-0.856977002600
Davidson: iter=1 dim=1 root=0 eigenvalue=-0.888683454854
Davidson: iter=2 dim=2 root=0 eigenvalue=-0.891377112441
Davidson: iter=3 dim=3 root=0 eigenvalue=-0.891779117146
Davidson: iter=4 dim=4 root=0 eigenvalue=-0.891816162784
Davidson: iter=5 dim=5 root=0 eigenvalue=-0.891818442359
Davidson: iter=6 dim=6 root=0 eigenvalue=-0.891818687588
Davidson: iter=7 dim=7 root=0 eigenvalue=-0.891818693362
Davidson: iter=8 dim=8 root=0 eigenvalue=-0.891818693798
Davidson: iter=9 dim=9 root=0 eigenvalue=-0.891818693813
Davidson: iter=10 dim=10 root=0 eigenvalue=-0.891818693814
Davidson: iter=10 dim=10 root=1 eigenvalue=-0.518553982989
root no. 0 converged
Davidson: iter=11 dim=11 root=0 eigenvalue=-0.891818693814
Davidson: iter=11 dim=11 root=1 eigenvalue=-0.526044605883
Davidson: iter=12 dim=12 root=0 eigenvalue=-0.891818693814
Davidson: iter=12 dim=12 root=1 eigenvalue=-0.526584103662
Davidson: iter=13 dim=13 root=0 eigenvalue=-0.891818693814
Davidson: iter=13 dim=13 root=1 eigenvalue=-0.526671771109
Davidson: iter=14 dim=14 root=0 eigenvalue=-0.891818693814
Davidson: iter=14 dim=14 root=1 eigenvalue=-0.526678409865
Davidson: iter=15 dim=15 root=0 eigenvalue=-0.891818693814
Davidson: iter=15 dim=15 root=1 eigenvalue=-0.526682115930
Davidson: iter=16 dim=16 root=0 eigenvalue=-0.891818693814
Davidson: iter=16 dim=16 root=1 eigenvalue=-0.526682227651
Davidson: iter=17 dim=17 root=0 eigenvalue=-0.891818693814
Davidson: iter=17 dim=17 root=1 eigenvalue=-0.526682246399
Davidson: iter=18 dim=18 root=0 eigenvalue=-0.891818693814
Davidson: iter=18 dim=18 root=1 eigenvalue=-0.526682257347
Davidson: iter=19 dim=19 root=0 eigenvalue=-0.891818693814
Davidson: iter=19 dim=19 root=1 eigenvalue=-0.526682259172
Davidson: iter=20 dim=20 root=0 eigenvalue=-0.891818693814
Davidson: iter=20 dim=20 root=1 eigenvalue=-0.526682259211
Davidson: iter=21 dim=21 root=0 eigenvalue=-0.891818693814
Davidson: iter=21 dim=21 root=1 eigenvalue=-0.526682259233
Davidson: iter=22 dim=22 root=0 eigenvalue=-0.891818693814
Davidson: iter=22 dim=22 root=1 eigenvalue=-0.526682259233
root no. 1 converged
Davidson converged in 22 iterations.
E(core)= 0.000000000000
E(0)= -0.891818693814
E(1)= -0.526682259233
FCI Excitation energies = 2
0.000000000000 0.365136434581

Vacuum coefficients in CI state 0 = -0.984511367384
Vacuum coefficients in CI state 1 = -0.031026112414
Eigenvector 0 in string basis
0: -0.984511367384 seniority 0 ... 1
1
 | 1
1

10: 0.122129307282 seniority 0 ... 1
2
 | 1
2

20: 0.073135307237 seniority 0 ... 1
3
 | 1
3

30: 0.073132759533 seniority 0 ... 1
4
 | 1
4

40: 0.067411102641 seniority 0 ... 1
5
 | 1
5

Eigenvector 1 in string basis
1: -0.629604069341 seniority 2 ... 1
1
 | 1
2

5: -0.244200361770 seniority 2 ... 1
1
 | 1
6

9: -0.629604068061 seniority 2 ... 1
2
 | 1
1

10: -0.236465081036 seniority 0 ... 1
2
 | 1
2

14: -0.096444824132 seniority 2 ... 1
2
 | 1
6

45: -0.244200361572 seniority 2 ... 1
6
 | 1
1

46: -0.096444824091 seniority 2 ... 1
6
 | 1
2

Seniority vectors for all roots (nroots/seniority)
2 2
0.999905395088 0.000094604912
0.058864298541 1.180809248259

Calculating transition densities
Root 0 MO occupations numbers (density matrix diagonal)
9
1.938604224406 0.029836663476 0.010700833927 0.010700118230 0.009113604712 0.000347666326 0.000265620894 0.000265592188 0.000165675842
Root 1 MO occupations numbers (density matrix diagonal)
9
0.914672870461 0.925427097119 0.003547283145 0.003546850813 0.006642286914 0.138157565607 0.003300643623 0.003300136295 0.001405266022
Transition densities done:
Trandens between roots 0 0
9 9
1.938604224406 0.000424272037 0.000007398064 -0.000084299097 0.005381553557 -0.010310965398 0.000006982882 0.000000817853 -0.003209158886
0.000424272037 0.029836663476 0.000000765049 -0.000008306529 0.000557358371 0.000152560123 -0.000000059539 0.000000036669 -0.000131812125
0.000007398064 0.000000765049 0.010700833927 0.000000016713 -0.000002104228 0.000000184259 0.000177932250 -0.000124033343 -0.000000174092
-0.000084299097 -0.000008306529 0.000000016713 0.010700118230 0.000023260821 -0.000000425545 0.000124215342 0.000178210467 0.000001914927
0.005381553557 0.000557358371 -0.000002104228 0.000023260821 0.009113604712 0.000029094027 0.000002502172 0.000004438385 -0.000207390504
-0.010310965398 0.000152560123 0.000000184259 -0.000000425545 0.000029094027 0.000347666326 -0.000000024365 0.000000028881 0.000008544516
0.000006982882 -0.000000059539 0.000177932250 0.000124215342 0.000002502172 -0.000000024365 0.000265620894 -0.000000007645 -0.000000086456
0.000000817853 0.000000036669 -0.000124033343 0.000178210467 0.000004438385 0.000000028881 -0.000000007645 0.000265592188 -0.000000136143
-0.003209158886 -0.000131812125 -0.000000174092 0.000001914927 -0.000207390504 0.000008544516 -0.000000086456 -0.000000136143 0.000165675842

Trandens between roots 0 1
9 9
0.058935743687 1.238996274769 0.000207458133 0.000219325789 0.026269111457 0.480996005963 -0.000171408418 0.000033241134 -0.024758928119
-0.154102535324 -0.057653940557 -0.000018671107 0.000099497477 -0.007995005865 -0.023466852464 0.000008624125 -0.000002328245 0.000213065186
-0.000017993245 -0.000006821746 -0.001994108585 -0.000000021897 0.000010343271 -0.000004233393 -0.004793813540 0.003345141781 0.000003660571
0.000009422357 0.000008268901 0.000000082046 -0.001991695564 -0.000105681832 -0.000000095669 -0.003344802492 -0.004792573432 -0.000037988605
-0.003685885108 -0.001528259897 0.000010750715 -0.000104657670 0.005078749080 -0.000356330531 -0.000041067819 -0.000073595066 0.002783427592
-0.006951725878 -0.009294144643 -0.000002170172 0.000002255478 -0.000429300789 -0.002619705927 0.000000898564 -0.000000150875 0.000201970494
0.000001683052 0.000004900126 -0.000780085813 -0.000544282524 -0.000006125354 0.000001566117 0.000048925905 -0.000000051893 0.000000209957
-0.000001515679 -0.000000574903 0.000544308052 -0.000779881115 -0.000011331345 -0.000000062410 -0.000000163671 0.000048865092 0.000000620862
0.000851573611 -0.001714168331 0.000000053771 -0.000004138240 0.000270601795 -0.000642693143 0.000000515148 0.000000528247 0.000147166869

Trandens between roots 1 0
9 9
0.058935743687 -0.154102535324 -0.000017993245 0.000009422357 -0.003685885108 -0.006951725878 0.000001683052 -0.000001515679 0.000851573611
1.238996274769 -0.057653940557 -0.000006821746 0.000008268901 -0.001528259897 -0.009294144643 0.000004900126 -0.000000574903 -0.001714168331
0.000207458133 -0.000018671107 -0.001994108585 0.000000082046 0.000010750715 -0.000002170172 -0.000780085813 0.000544308052 0.000000053771
0.000219325789 0.000099497477 -0.000000021897 -0.001991695564 -0.000104657670 0.000002255478 -0.000544282524 -0.000779881115 -0.000004138240
0.026269111457 -0.007995005865 0.000010343271 -0.000105681832 0.005078749080 -0.000429300789 -0.000006125354 -0.000011331345 0.000270601795
0.480996005963 -0.023466852464 -0.000004233393 -0.000000095669 -0.000356330531 -0.002619705927 0.000001566117 -0.000000062410 -0.000642693143
-0.000171408418 0.000008624125 -0.004793813540 -0.003344802492 -0.000041067819 0.000000898564 0.000048925905 -0.000000163671 0.000000515148
0.000033241134 -0.000002328245 0.003345141781 -0.004792573432 -0.000073595066 -0.000000150875 -0.000000051893 0.000048865092 0.000000528247
-0.024758928119 0.000213065186 0.000003660571 -0.000037988605 0.002783427592 0.000201970494 0.000000209957 0.000000620862 0.000147166869

Trandens between roots 1 1
9 9
0.914672870461 0.384838756574 0.000118585334 -0.000565789785 0.047444428821 0.135164446830 -0.000028615380 0.000029685331 -0.003097702848
0.384838756574 0.925427097119 0.000171654797 -0.000045016147 0.032255933695 0.353144569949 -0.000120866847 0.000028877702 -0.017951772660
0.000118585334 0.000171654797 0.003547283145 0.000000053058 0.000008924284 0.000065699033 0.000414370233 -0.000289218751 0.000000232092
-0.000565789785 -0.000045016147 0.000000053058 0.003546850813 -0.000032550915 -0.000012791292 0.000288863658 0.000413974459 -0.000032518331
0.047444428821 0.032255933695 0.000008924284 -0.000032550915 0.006642286914 0.012123240993 0.000000537524 0.000009566422 0.001591413022
0.135164446830 0.353144569949 0.000065699033 -0.000012791292 0.012123240993 0.138157565607 -0.000046642568 0.000010603611 -0.006669168347
-0.000028615380 -0.000120866847 0.000414370233 0.000288863658 0.000000537524 -0.000046642568 0.003300643623 -0.000000218618 0.000002031273
0.000029685331 0.000028877702 -0.000289218751 0.000413974459 0.000009566422 0.000010603611 -0.000000218618 0.003300136295 -0.000001200179
-0.003097702848 -0.017951772660 0.000000232092 -0.000032518331 0.001591413022 -0.006669168347 0.000002031273 -0.000001200179 0.001405266022

State 0 :
Natural orbital occupations
9
1.938679495117 0.029852930648 0.010705343585 0.010704981077 0.009087922099 0.000291984442 0.000261115277 0.000261068784 0.000155158971
Natural orbitals (in MO basis)
9 9
-0.999980565939 -0.000277042100 0.000000187334 -0.000002421425 0.002785328122 0.005254335850 -0.000002885882 0.000007631048 0.001850627443
-0.000222766072 0.999614926396 0.000001408553 -0.000004879396 0.026975189404 -0.005310980779 0.000001906446 -0.000005439445 0.003752583374
-0.000003834129 0.000036937127 -0.998978267437 -0.040114734458 -0.001329521942 -0.000016372099 -0.020112678465 -0.005190352511 0.000019955921
0.000043690725 -0.000400267891 0.040090828157 -0.998871132260 0.014703030625 0.000085678642 -0.005197616187 0.020143773576 -0.000226346975
-0.002789104418 0.026845144950 0.001918175878 -0.014637249766 -0.999266147382 -0.007302434094 -0.000083027534 0.000524572926 0.021614571279
0.005319349276 0.005290577975 -0.000014133965 0.000001621283 -0.006120734814 0.998772896434 0.000091566018 0.000990790429 0.048558850988
-0.000003603585 -0.000001255887 -0.016548892531 -0.012572547221 -0.000101385222 0.000239205309 0.937023978970 -0.348645797809 0.000410127694
-0.000000424076 0.000002718799 0.012553925443 -0.016581297486 -0.000187010596 0.000925421148 -0.348646660653 -0.937022706388 0.000722408051
0.001655778680 -0.004594405640 -0.000014071801 0.000108319930 0.021824124610 -0.048400826545 -0.000136056546 0.000766211429 0.998577287888

State 1 :
Natural orbital occupations
9
1.404401966106 0.574104058807 0.005065108101 0.003944130276 0.003942901521 0.002903883532 0.002903455083 0.002730350655 0.000004145920
Natural orbitals (in MO basis)
9 9
-0.641687819503 -0.765457849728 0.039802845995 -0.000003715767 -0.000031852918 0.000073040942 0.000095265638 0.022502049917 0.014845819329
-0.717026161246 0.594666250736 0.064827176378 0.000124881256 0.000328050226 -0.000726862505 -0.001034463823 -0.356121245496 0.034912868352
-0.000155019587 0.000047432212 -0.001418738139 -0.784446909804 0.056134729000 0.546791896171 -0.287241760465 -0.000441110688 -0.000705370630
0.000285345844 0.000709036790 0.012865529243 -0.056127098367 -0.784338742839 0.287260534249 0.546746765147 0.000694278346 0.006727373532
-0.040646645093 -0.025033141632 -0.876073822112 0.000376693587 -0.011549802030 0.003077678655 0.008276014304 -0.163674838769 -0.450793625823
-0.268920371855 0.243959069465 -0.155177897946 -0.000192699201 0.000060279850 0.001031269131 0.002094499158 0.918494379379 -0.021170967293
0.000083927074 -0.000107173143 0.000004058077 -0.530453310173 -0.316442096248 -0.780247563677 -0.098469540846 0.001066857066 0.000132737675
-0.000030580505 -0.000005084375 -0.000394547414 0.316404616985 -0.530464307176 0.098502158981 -0.780249880853 0.001703765463 0.000354715609
0.011823569754 -0.017410579410 -0.449955507253 -0.000062962341 0.000370168827 -0.000050100232 0.000245500555 -0.047383761537 0.891544554012

