Number of strings: 9 9, CI size = 81
String addressing array alpha: 1 9
0 1 2 3 4 5 6 7 8

Alpha strings 9 1
1
2
3
4
5
6
7
8
9

Is hamiltonian hermitian? 1
Implicit Hamiltonian constructed
E(core)= 0.000000000000
H(1,1) + E(core) energy = -0.577269372700
Davidson: iter=0 dim=0 root=0 eigenvalue=-0.577269372700
Davidson: iter=1 dim=1 root=0 eigenvalue=-0.620595510748
Davidson: iter=2 dim=2 root=0 eigenvalue=-0.626575944358
Davidson: iter=3 dim=3 root=0 eigenvalue=-0.628786670676
Davidson: iter=4 dim=4 root=0 eigenvalue=-0.629348472009
Davidson: iter=5 dim=5 root=0 eigenvalue=-0.629420219409
Davidson: iter=6 dim=6 root=0 eigenvalue=-0.629430658223
Davidson: iter=7 dim=7 root=0 eigenvalue=-0.629431119035
Davidson: iter=8 dim=8 root=0 eigenvalue=-0.629431134319
Davidson: iter=9 dim=9 root=0 eigenvalue=-0.629431136308
Davidson: iter=10 dim=10 root=0 eigenvalue=-0.629431136372
Davidson: iter=11 dim=11 root=0 eigenvalue=-0.629431136378
Davidson: iter=12 dim=12 root=0 eigenvalue=-0.629431136379
Davidson: iter=12 dim=12 root=1 eigenvalue=-0.534450667370
root no. 0 converged
Davidson: iter=13 dim=13 root=0 eigenvalue=-0.629431136379
Davidson: iter=13 dim=13 root=1 eigenvalue=-0.534538734797
Davidson: iter=14 dim=14 root=0 eigenvalue=-0.629431136379
Davidson: iter=14 dim=14 root=1 eigenvalue=-0.534547226947
Davidson: iter=15 dim=15 root=0 eigenvalue=-0.629431136379
Davidson: iter=15 dim=15 root=1 eigenvalue=-0.534547648437
Davidson: iter=16 dim=16 root=0 eigenvalue=-0.629431136379
Davidson: iter=16 dim=16 root=1 eigenvalue=-0.534547699443
Davidson: iter=17 dim=17 root=0 eigenvalue=-0.629431136379
Davidson: iter=17 dim=17 root=1 eigenvalue=-0.534547700532
Davidson: iter=18 dim=18 root=0 eigenvalue=-0.629431136379
Davidson: iter=18 dim=18 root=1 eigenvalue=-0.534547700578
Davidson: iter=19 dim=19 root=0 eigenvalue=-0.629431136379
Davidson: iter=19 dim=19 root=1 eigenvalue=-0.534547700591
Davidson: iter=20 dim=20 root=0 eigenvalue=-0.629431136379
Davidson: iter=20 dim=20 root=1 eigenvalue=-0.534547700591
root no. 1 converged
Davidson converged in 20 iterations.
E(core)= 0.000000000000
E(0)= -0.629431136379
E(1)= -0.534547700591
FCI Excitation energies = 2
0.000000000000 0.094883435788

Vacuum coefficients in CI state 0 = -0.903760342990
Vacuum coefficients in CI state 1 = 0.345276771122
Eigenvector 0 in string basis
0: -0.903760342990 seniority 0 ... 1
1
 | 1
1

1: -0.123721712086 seniority 2 ... 1
1
 | 1
2

5: -0.071845290431 seniority 2 ... 1
1
 | 1
6

9: -0.123721712087 seniority 2 ... 1
2
 | 1
1

10: 0.365419570601 seniority 0 ... 1
2
 | 1
2

45: -0.071845290431 seniority 2 ... 1
6
 | 1
1

Eigenvector 1 in string basis
0: 0.345276771122 seniority 0 ... 1
1
 | 1
1

1: -0.529521037630 seniority 2 ... 1
1
 | 1
2

2: -0.070379958530 seniority 2 ... 1
1
 | 1
3

5: -0.206170202301 seniority 2 ... 1
1
 | 1
6

9: -0.529521037640 seniority 2 ... 1
2
 | 1
1

10: 0.433118786604 seniority 0 ... 1
2
 | 1
2

14: 0.101685527413 seniority 2 ... 1
2
 | 1
6

18: -0.070379958530 seniority 2 ... 1
3
 | 1
1

20: -0.064602551560 seniority 0 ... 1
3
 | 1
3

30: -0.059209099384 seniority 0 ... 1
4
 | 1
4

40: -0.059208460741 seniority 0 ... 1
5
 | 1
5

45: -0.206170202302 seniority 2 ... 1
6
 | 1
1

46: 0.101685527414 seniority 2 ... 1
6
 | 1
2

50: -0.058645957725 seniority 0 ... 1
6
 | 1
6

Seniority vectors for all roots (nroots/seniority)
2 2
0.956937671856 0.043062328144
0.321842815910 0.797387379390

Calculating transition densities
Root 0 MO occupations numbers (density matrix diagonal)
9
1.676066735992 0.297923396047 0.006072485433 0.004266894423 0.004266904554 0.010925321985 0.000153974962 0.000162146946 0.000162139657
Root 1 MO occupations numbers (density matrix diagonal)
9
0.894230020545 0.957385330359 0.019429573561 0.007254447010 0.007254099521 0.112879507882 0.000651672297 0.000457731180 0.000457617646
Transition densities done:
Trandens between roots 0 0
9 9
1.676066735992 0.134846466019 0.050993144207 0.000218535301 0.000092888501 0.130910774089 0.001537018054 0.000047049865 -0.000021511232
0.134846466019 0.297923396047 0.001509143544 0.000012978965 0.000004318603 0.011309149931 -0.000483658626 -0.000009485787 0.000003010001
0.050993144207 0.001509143544 0.006072485433 0.000006860418 0.000002943026 0.003032680477 0.000547273409 0.000012808266 -0.000005400495
0.000218535301 0.000012978965 0.000006860418 0.004266894423 0.000000014491 0.000012870550 -0.000011206472 0.000395103362 -0.000326857498
0.000092888501 0.000004318603 0.000002943026 0.000000014491 0.004266904554 0.000005443543 -0.000003264854 0.000326862190 0.000395209952
0.130910774089 0.011309149931 0.003032680477 0.000012870550 0.000005443543 0.010925321985 -0.000007393407 0.000000149796 -0.000000284561
0.001537018054 -0.000483658626 0.000547273409 -0.000011206472 -0.000003264854 -0.000007393407 0.000153974962 -0.000000089849 0.000000050355
0.000047049865 -0.000009485787 0.000012808266 0.000395103362 0.000326862190 0.000000149796 -0.000000089849 0.000162146946 -0.000000002603
-0.000021511232 0.000003010001 -0.000005400495 -0.000326857498 0.000395209952 -0.000000284561 0.000000050355 -0.000000002603 0.000162139657

Trandens between roots 0 1
9 9
-0.459519944848 0.834307705017 0.127828441153 0.000593093231 0.000243306957 0.356556547474 -0.010959761633 -0.000238554866 0.000084310267
-0.467880384159 0.445543716613 0.032017889828 0.000170053146 0.000067315488 0.126518830319 -0.005343910249 -0.000121924352 0.000044750008
-0.014600927819 0.023458985397 -0.001928044756 0.000016011352 0.000006513097 0.010191029717 0.000694635274 0.000015368371 -0.000006958798
-0.000072868674 0.000110847723 0.000015490716 -0.005334596318 0.000000068463 0.000046853803 -0.000022463242 0.000703207528 -0.000581919375
-0.000028682599 0.000045131183 0.000006460254 0.000000036667 -0.005334632255 0.000019544573 -0.000006958753 0.000582035642 0.000703477085
-0.043758594992 0.070500711701 0.010731447661 0.000050253305 0.000020675234 0.026723590406 -0.001199982503 -0.000027558558 0.000010147357
0.000397688135 -0.000101802396 -0.000300474878 0.000008980966 0.000002634798 0.000120024733 -0.000044922584 0.000000316440 -0.000000113256
0.000004016213 0.000004489410 -0.000006022229 -0.000307282885 -0.000254167144 0.000005680748 0.000000208903 -0.000052575638 -0.000000020861
0.000000076540 -0.000003939599 0.000002289694 0.000254190784 -0.000307380150 -0.000003018641 -0.000000049309 0.000000012146 -0.000052590620

Trandens between roots 1 0
9 9
-0.459519944848 -0.467880384159 -0.014600927819 -0.000072868674 -0.000028682599 -0.043758594992 0.000397688135 0.000004016213 0.000000076540
0.834307705017 0.445543716613 0.023458985397 0.000110847723 0.000045131183 0.070500711701 -0.000101802396 0.000004489410 -0.000003939599
0.127828441153 0.032017889828 -0.001928044756 0.000015490716 0.000006460254 0.010731447661 -0.000300474878 -0.000006022229 0.000002289694
0.000593093231 0.000170053146 0.000016011352 -0.005334596318 0.000000036667 0.000050253305 0.000008980966 -0.000307282885 0.000254190784
0.000243306957 0.000067315488 0.000006513097 0.000000068463 -0.005334632255 0.000020675234 0.000002634798 -0.000254167144 -0.000307380150
0.356556547474 0.126518830319 0.010191029717 0.000046853803 0.000019544573 0.026723590406 0.000120024733 0.000005680748 -0.000003018641
-0.010959761633 -0.005343910249 0.000694635274 -0.000022463242 -0.000006958753 -0.001199982503 -0.000044922584 0.000000208903 -0.000000049309
-0.000238554866 -0.000121924352 0.000015368371 0.000703207528 0.000582035642 -0.000027558558 0.000000316440 -0.000052575638 0.000000012146
0.000084310267 0.000044750008 -0.000006958798 -0.000581919375 0.000703477085 0.000010147357 -0.000000113256 -0.000000020861 -0.000052590620

Trandens between roots 1 1
9 9
0.894230020545 -0.868960452390 -0.054378351526 -0.000293770196 -0.000115903075 -0.224376306050 0.010505537039 0.000239611623 -0.000088001591
-0.868960452390 0.957385330359 0.085816348438 0.000429841214 0.000172793858 0.294137891785 -0.012117027717 -0.000273626323 0.000099752232
-0.054378351526 0.085816348438 0.019429573561 0.000058088814 0.000023825662 0.035433969081 -0.002658980588 -0.000058212267 0.000023008660
-0.000293770196 0.000429841214 0.000058088814 0.007254447010 0.000000084449 0.000169290304 0.000030003670 -0.001180894161 0.000977118532
-0.000115903075 0.000172793858 0.000023825662 0.000000084449 0.007254099521 0.000068661133 0.000008546618 -0.000977287701 -0.001181150918
-0.224376306050 0.294137891785 0.035433969081 0.000169290304 0.000068661133 0.112879507882 -0.003328619680 -0.000072057351 0.000025426688
0.010505537039 -0.012117027717 -0.002658980588 0.000030003670 0.000008546618 -0.003328619680 0.000651672297 0.000004204002 -0.000001608045
0.000239611623 -0.000273626323 -0.000058212267 -0.001180894161 -0.000977287701 -0.000072057351 0.000004204002 0.000457731180 -0.000000019703
-0.000088001591 0.000099752232 0.000023008660 0.000977118532 -0.001181150918 0.000025426688 -0.000001608045 -0.000000019703 0.000457617646

State 0 :
Natural orbital occupations
9
1.700896675520 0.284902518115 0.004774118771 0.004330011385 0.004329984557 0.000474019593 0.000099030788 0.000099026376 0.000094614895
Natural orbitals (in MO basis)
9 9
-0.991901757558 0.095586153794 0.012516290259 0.000004480294 0.000009431322 0.082671040513 -0.000008033823 -0.000006034939 0.001741230995
-0.095993435969 -0.995333311484 -0.009767586683 0.000001324818 0.000009647473 0.000582032835 -0.000005246835 -0.000004290020 -0.001055769423
-0.030068410949 0.012149620989 -0.967239160235 0.001629050702 0.002672970215 -0.230508059453 0.000168667791 0.000035802907 0.101256557817
-0.000129209443 0.000028917039 -0.002669450677 -0.127768150678 -0.984250423348 -0.001079612563 -0.087867682720 -0.084837013301 0.000215073868
-0.000054851358 0.000016546999 -0.001189677626 -0.984254069963 0.127772499986 -0.000463056233 -0.084833107002 0.087862429495 0.000135687650
-0.077532328666 0.004721975624 0.228329860074 0.000221349848 0.000391424560 -0.969243619766 0.000175173448 0.000089351573 -0.048974285294
-0.000878453654 0.002229802647 -0.109744712574 0.001327873853 0.002896204356 0.024415328212 -0.022892433834 -0.011264026302 -0.993324293998
-0.000027178792 0.000049560207 -0.002841869622 -0.089296539752 -0.083276396712 0.000661922160 0.989316159442 0.075992122906 -0.023693587825
0.000012496393 -0.000017987924 0.001139813089 -0.083311988023 0.089300884497 -0.000272012261 0.076236659186 -0.989535842860 0.009480428624

State 1 :
Natural orbital occupations
9
1.878196668734 0.096372298756 0.007583956564 0.007583859330 0.006988442746 0.002906151310 0.000127834116 0.000127820277 0.000112968168
Natural orbitals (in MO basis)
9 9
-0.674381669659 -0.641399639808 -0.000067894303 0.000027288174 0.044370440781 0.363057855749 -0.000009496825 -0.000002920471 0.006009791450
0.707153485068 -0.422834858690 -0.000081406352 0.000013116532 0.002803753375 0.566459871589 -0.000086861305 0.000160533785 -0.016122765431
0.056291824800 -0.283057722217 -0.002716962670 0.001032259121 -0.888576003952 -0.283326092813 -0.000746303057 0.002014196068 -0.216461325153
0.000288646658 -0.001200353553 0.977616071806 -0.005378503262 -0.002274465165 -0.001090596182 0.140771117887 -0.156237501139 -0.001826663241
0.000115334140 -0.000504067014 -0.005385315559 -0.977617726671 -0.000807945955 -0.000498575040 -0.156241087235 -0.140789318679 -0.000707489289
0.204688342310 -0.574085107713 -0.000542255828 0.000319448810 0.390987925630 -0.683332559905 0.000179651682 -0.000466712548 0.093345487446
-0.008779730893 0.010956580647 0.005437415563 -0.001715055920 0.235667605238 -0.009677387186 -0.013306413463 0.029983315348 -0.971113500545
-0.000198963844 0.000227416910 -0.161231873150 0.134950516691 0.005800785175 -0.000220067006 0.041006741709 -0.976294624509 -0.030431982705
0.000072718561 -0.000077563990 0.134925331021 0.161303751680 -0.002415559733 0.000082067930 -0.976684700733 -0.041397069385 0.011986649895

