Number of strings: 9 9, CI size = 81
String addressing array alpha: 1 9
0 1 2 3 4 5 6 7 8

Alpha strings 9 1
1
2
3
4
5
6
7
8
9

Is hamiltonian hermitian? 1
Implicit Hamiltonian constructed
E(core)= 0.000000000000
H(1,1) + E(core) energy = -0.876430100500
Davidson: iter=0 dim=0 root=0 eigenvalue=-0.876430100500
Davidson: iter=1 dim=1 root=0 eigenvalue=-0.908027876120
Davidson: iter=2 dim=2 root=0 eigenvalue=-0.910770387728
Davidson: iter=3 dim=3 root=0 eigenvalue=-0.911170494404
Davidson: iter=4 dim=4 root=0 eigenvalue=-0.911206103085
Davidson: iter=5 dim=5 root=0 eigenvalue=-0.911208376937
Davidson: iter=6 dim=6 root=0 eigenvalue=-0.911208629883
Davidson: iter=7 dim=7 root=0 eigenvalue=-0.911208636757
Davidson: iter=8 dim=8 root=0 eigenvalue=-0.911208637309
Davidson: iter=9 dim=9 root=0 eigenvalue=-0.911208637330
Davidson: iter=10 dim=10 root=0 eigenvalue=-0.911208637330
Davidson: iter=10 dim=10 root=1 eigenvalue=-0.526511795923
root no. 0 converged
Davidson: iter=11 dim=11 root=0 eigenvalue=-0.911208637330
Davidson: iter=11 dim=11 root=1 eigenvalue=-0.531404603140
Davidson: iter=12 dim=12 root=0 eigenvalue=-0.911208637330
Davidson: iter=12 dim=12 root=1 eigenvalue=-0.531813172621
Davidson: iter=13 dim=13 root=0 eigenvalue=-0.911208637330
Davidson: iter=13 dim=13 root=1 eigenvalue=-0.531940014145
Davidson: iter=14 dim=14 root=0 eigenvalue=-0.911208637330
Davidson: iter=14 dim=14 root=1 eigenvalue=-0.531953458054
Davidson: iter=15 dim=15 root=0 eigenvalue=-0.911208637330
Davidson: iter=15 dim=15 root=1 eigenvalue=-0.531954070567
Davidson: iter=16 dim=16 root=0 eigenvalue=-0.911208637330
Davidson: iter=16 dim=16 root=1 eigenvalue=-0.531954342756
Davidson: iter=17 dim=17 root=0 eigenvalue=-0.911208637330
Davidson: iter=17 dim=17 root=1 eigenvalue=-0.531954358847
Davidson: iter=18 dim=18 root=0 eigenvalue=-0.911208637330
Davidson: iter=18 dim=18 root=1 eigenvalue=-0.531954360965
Davidson: iter=19 dim=19 root=0 eigenvalue=-0.911208637330
Davidson: iter=19 dim=19 root=1 eigenvalue=-0.531954368829
Davidson: iter=20 dim=20 root=0 eigenvalue=-0.911208637330
Davidson: iter=20 dim=20 root=1 eigenvalue=-0.531954368907
Davidson: iter=21 dim=21 root=0 eigenvalue=-0.911208637330
Davidson: iter=21 dim=21 root=1 eigenvalue=-0.531954368925
Davidson: iter=22 dim=22 root=0 eigenvalue=-0.911208637330
Davidson: iter=22 dim=22 root=1 eigenvalue=-0.531954368926
Davidson: iter=23 dim=23 root=0 eigenvalue=-0.911208637330
Davidson: iter=23 dim=23 root=1 eigenvalue=-0.531954368926
root no. 1 converged
Davidson converged in 23 iterations.
E(core)= 0.000000000000
E(0)= -0.911208637330
E(1)= -0.531954368926
FCI Excitation energies = 2
0.000000000000 0.379254268404

Vacuum coefficients in CI state 0 = -0.985076430588
Vacuum coefficients in CI state 1 = -0.029289691355
Eigenvector 0 in string basis
0: -0.985076430588 seniority 0 ... 1
1
 | 1
1

10: 0.117253279172 seniority 0 ... 1
2
 | 1
2

20: 0.074088200962 seniority 0 ... 1
3
 | 1
3

30: 0.074087921364 seniority 0 ... 1
4
 | 1
4

40: 0.065970524566 seniority 0 ... 1
5
 | 1
5

Eigenvector 1 in string basis
1: -0.632019646249 seniority 2 ... 1
1
 | 1
2

5: -0.241682499393 seniority 2 ... 1
1
 | 1
6

9: -0.632019645551 seniority 2 ... 1
2
 | 1
1

10: -0.234691580383 seniority 0 ... 1
2
 | 1
2

14: -0.093696461987 seniority 2 ... 1
2
 | 1
6

45: -0.241682499285 seniority 2 ... 1
6
 | 1
1

46: -0.093696461965 seniority 2 ... 1
6
 | 1
2

Seniority vectors for all roots (nroots/seniority)
2 2
0.999923376685 0.000076623315
0.058205075928 1.189512887772

Calculating transition densities
Root 0 MO occupations numbers (density matrix diagonal)
9
1.940813166721 0.027501917069 0.010981395429 0.010981314300 0.008724336063 0.000326070535 0.000260314799 0.000260324841 0.000151160244
Root 1 MO occupations numbers (density matrix diagonal)
9
0.917646072641 0.927871497056 0.003511433155 0.003511085018 0.005503335817 0.134501954333 0.003165040946 0.003165297302 0.001124283732
Transition densities done:
Trandens between roots 0 0
9 9
1.940813166721 0.000788145484 0.000002943636 0.000014636303 0.004684989293 -0.009232994383 0.000005004590 -0.000016376762 -0.002613365388
0.000788145484 0.027501917069 0.000000232809 0.000001449633 0.000514555247 0.000134299910 -0.000000056997 0.000000199982 -0.000113527232
0.000002943636 0.000000232809 0.010981395429 0.000000000211 -0.000001058395 -0.000000290016 -0.000190020655 0.000107942183 -0.000000041534
0.000014636303 0.000001449633 0.000000000211 0.010981314300 -0.000006391612 -0.000000239805 0.000107953898 0.000190035124 -0.000000191009
0.004684989293 0.000514555247 -0.000001058395 -0.000006391612 0.008724336063 -0.000012470099 -0.000000392496 -0.000001093228 -0.000196483298
-0.009232994383 0.000134299910 -0.000000290016 -0.000000239805 -0.000012470099 0.000326070535 -0.000000028792 0.000000079976 0.000009320250
0.000005004590 -0.000000056997 -0.000190020655 0.000107953898 -0.000000392496 -0.000000028792 0.000260314799 0.000000001061 0.000000009639
-0.000016376762 0.000000199982 0.000107942183 0.000190035124 -0.000001093228 0.000000079976 0.000000001061 0.000260324841 0.000000050138
-0.002613365388 -0.000113527232 -0.000000041534 -0.000000191009 -0.000196483298 0.000009320250 0.000000009639 0.000000050138 0.000151160244

Trandens between roots 0 1
9 9
0.056041189037 1.244631302187 -0.000776006365 -0.000621686307 0.011200689157 0.476309164178 -0.000090112081 0.000452962929 -0.016795708877
-0.148468590860 -0.054631645394 0.000026407422 0.000006656599 -0.005775611671 -0.021768737543 0.000005179481 -0.000023331297 0.000312434637
0.000058085662 0.000018954548 -0.002292672734 0.000000123154 0.000000447465 0.000010306097 0.005032814937 -0.002865002865 0.000001551452
0.000042478064 0.000013605040 -0.000000058685 -0.002292151611 0.000018950006 0.000009976819 -0.002864818295 -0.005032853625 0.000006932451
-0.002429383994 -0.000747465729 -0.000000845579 0.000018004938 0.005254189487 0.000064653772 0.000006342751 0.000013103314 0.002585878646
-0.006681473711 -0.008469435105 0.000005427892 0.000004108291 -0.000241396794 -0.002311250294 0.000000356947 -0.000002122409 0.000119668666
0.000001079833 0.000003781777 0.000805320132 -0.000458373625 0.000001033400 0.000001195473 0.000053382218 0.000000083257 -0.000000162670
-0.000005528805 -0.000012790251 -0.000458398510 -0.000805336944 0.000001490799 -0.000003931814 -0.000000095621 0.000053361740 0.000000083839
0.000659562936 -0.001396711017 0.000001146785 0.000001381124 0.000245190604 -0.000524255601 -0.000000021505 -0.000000582299 0.000125597551

Trandens between roots 1 0
9 9
0.056041189037 -0.148468590860 0.000058085662 0.000042478064 -0.002429383994 -0.006681473711 0.000001079833 -0.000005528805 0.000659562936
1.244631302187 -0.054631645394 0.000018954548 0.000013605040 -0.000747465729 -0.008469435105 0.000003781777 -0.000012790251 -0.001396711017
-0.000776006365 0.000026407422 -0.002292672734 -0.000000058685 -0.000000845579 0.000005427892 0.000805320132 -0.000458398510 0.000001146785
-0.000621686307 0.000006656599 0.000000123154 -0.002292151611 0.000018004938 0.000004108291 -0.000458373625 -0.000805336944 0.000001381124
0.011200689157 -0.005775611671 0.000000447465 0.000018950006 0.005254189487 -0.000241396794 0.000001033400 0.000001490799 0.000245190604
0.476309164178 -0.021768737543 0.000010306097 0.000009976819 0.000064653772 -0.002311250294 0.000001195473 -0.000003931814 -0.000524255601
-0.000090112081 0.000005179481 0.005032814937 -0.002864818295 0.000006342751 0.000000356947 0.000053382218 -0.000000095621 -0.000000021505
0.000452962929 -0.000023331297 -0.002865002865 -0.005032853625 0.000013103314 -0.000002122409 0.000000083257 0.000053361740 -0.000000582299
-0.016795708877 0.000312434637 0.000001551452 0.000006932451 0.002585878646 0.000119668666 -0.000000162670 0.000000083839 0.000125597551

Trandens between roots 1 1
9 9
0.917646072641 0.379281562976 -0.000198137209 -0.000072228909 0.035157554134 0.131008116034 -0.000015416206 0.000098763600 -0.002777708264
0.379281562976 0.927871497056 -0.000561836194 -0.000422107733 0.018360445671 0.349166505758 -0.000063196221 0.000325409600 -0.012548857268
-0.000198137209 -0.000561836194 0.003511433155 0.000000343872 -0.000010486920 -0.000213419904 -0.000546282303 0.000310790149 0.000006933541
-0.000072228909 -0.000422107733 0.000000343872 0.003511085018 -0.000003530278 -0.000160560027 0.000310912157 0.000545992413 0.000010507946
0.035157554134 0.018360445671 -0.000010486920 -0.000003530278 0.005503335817 0.006944973321 -0.000002576760 0.000005621374 0.001816258314
0.131008116034 0.349166505758 -0.000213419904 -0.000160560027 0.006944973321 0.134501954333 -0.000024195113 0.000123194301 -0.004557049208
-0.000015416206 -0.000063196221 -0.000546282303 0.000310912157 -0.000002576760 -0.000024195113 0.003165040946 -0.000000089039 0.000001228961
0.000098763600 0.000325409600 0.000310790149 0.000545992413 0.000005621374 0.000123194301 -0.000000089039 0.003165297302 -0.000004962660
-0.002777708264 -0.012548857268 0.000006933541 0.000010507946 0.001816258314 -0.004557049208 0.000001228961 -0.000004962660 0.001124283732

State 0 :
Natural orbital occupations
9
1.940872303054 0.027516776376 0.010985848962 0.010985785997 0.008703072099 0.000281474862 0.000255871236 0.000255861609 0.000143005806
Natural orbitals (in MO basis)
9 9
0.999984748884 0.000459967116 0.000000400484 -0.000000587247 -0.002438186247 -0.004739064091 -0.000006969347 0.000001617777 0.001373643464
0.000412306578 -0.999605116173 -0.000000696129 0.000000925396 -0.027389857092 0.005118421526 0.000006700989 -0.000001005905 0.003610978710
0.000001524001 -0.000012239961 -0.998521198050 -0.050400414954 0.000470697823 -0.000017430756 0.008744700418 -0.018399005076 0.000005606013
0.000007576205 -0.000076717262 -0.050398883580 0.998517305223 0.002840767146 -0.000013346855 0.018400515991 0.008745722425 0.000031242952
0.002424997465 -0.027297018963 0.000613145285 -0.002812609936 0.999378566237 0.001241266145 -0.000115895244 -0.000035371816 0.021946100848
-0.004757856751 -0.005079429796 0.000027093043 -0.000017152249 0.000736119076 -0.999826893416 0.000270072651 -0.000320725372 0.017234462285
0.000002578666 0.000002356226 0.017183167028 0.010943302407 -0.000022018309 0.000299027307 -0.072841756987 -0.997135379408 -0.000080994852
-0.000008439567 -0.000007106033 -0.010942194720 0.017184913818 -0.000055489050 -0.000295070956 -0.997135362140 0.072841715180 -0.000104609303
-0.001346866945 0.004297232733 -0.000006504275 0.000033802282 -0.021851667499 0.017199085049 -0.000113003933 -0.000067034401 0.999603119940

State 1 :
Natural orbital occupations
9
1.397153423892 0.581862746356 0.005164696100 0.003990131515 0.003989738781 0.002686259524 0.002686055216 0.002466708903 0.000000239713
Natural orbitals (in MO basis)
9 9
0.642618372238 0.765172116754 -0.030940480314 -0.000026262175 0.000018484025 -0.000109657588 0.000044756005 -0.020676638990 0.012977196252
0.718172312369 -0.596353738349 -0.062317449209 0.000532000457 -0.000265156484 0.001055380965 -0.000490641868 0.352890427739 0.013187954604
-0.000421715426 0.000405652353 -0.000303301707 0.772927993790 0.187712334643 0.312888497256 -0.519081225906 -0.001194053658 0.000069859806
-0.000281459062 0.000406461914 0.001982209282 0.187703127907 -0.772914282899 0.519100026806 0.312891091245 -0.000332412174 -0.001044112838
0.027023229325 0.024807618051 0.886845439431 -0.000324698982 0.001827914462 -0.000627548790 -0.001146965230 0.159684568038 -0.432036082298
0.265454737270 -0.241107205808 0.166938129561 -0.000368533836 0.000290555859 -0.000747485186 0.000717589693 -0.918420227351 0.005979193102
-0.000044227438 0.000054569942 -0.000302342412 -0.441089166285 -0.415677471086 0.019851897634 -0.795146458740 -0.000675403904 -0.000214978200
0.000236572790 -0.000255330706 0.000547443601 0.415679683455 -0.441108073316 -0.795134847646 -0.019843765218 0.000562553917 0.000360745976
-0.008565626681 0.011195979450 0.425195998818 -0.000274549010 0.000045347963 0.000590143444 -0.000326908011 0.077740841478 0.901645979122

