Number of strings: 9 9, CI size = 81
String addressing array alpha: 1 9
0 1 2 3 4 5 6 7 8

Alpha strings 9 1
1
2
3
4
5
6
7
8
9

Is hamiltonian hermitian? 1
Implicit Hamiltonian constructed
E(core)= 0.000000000000
H(1,1) + E(core) energy = -0.876430099900
Davidson: iter=0 dim=0 root=0 eigenvalue=-0.876430099900
Davidson: iter=1 dim=1 root=0 eigenvalue=-0.908025369855
Davidson: iter=2 dim=2 root=0 eigenvalue=-0.910770535260
Davidson: iter=3 dim=3 root=0 eigenvalue=-0.911170585409
Davidson: iter=4 dim=4 root=0 eigenvalue=-0.911206180763
Davidson: iter=5 dim=5 root=0 eigenvalue=-0.911208461029
Davidson: iter=6 dim=6 root=0 eigenvalue=-0.911208715633
Davidson: iter=7 dim=7 root=0 eigenvalue=-0.911208722503
Davidson: iter=8 dim=8 root=0 eigenvalue=-0.911208723055
Davidson: iter=9 dim=9 root=0 eigenvalue=-0.911208723075
Davidson: iter=10 dim=10 root=0 eigenvalue=-0.911208723075
Davidson: iter=10 dim=10 root=1 eigenvalue=-0.526511164680
root no. 0 converged
Davidson: iter=11 dim=11 root=0 eigenvalue=-0.911208723075
Davidson: iter=11 dim=11 root=1 eigenvalue=-0.531392452202
Davidson: iter=12 dim=12 root=0 eigenvalue=-0.911208723075
Davidson: iter=12 dim=12 root=1 eigenvalue=-0.531808653461
Davidson: iter=13 dim=13 root=0 eigenvalue=-0.911208723075
Davidson: iter=13 dim=13 root=1 eigenvalue=-0.531938377907
Davidson: iter=14 dim=14 root=0 eigenvalue=-0.911208723075
Davidson: iter=14 dim=14 root=1 eigenvalue=-0.531951714702
Davidson: iter=15 dim=15 root=0 eigenvalue=-0.911208723075
Davidson: iter=15 dim=15 root=1 eigenvalue=-0.531952530867
Davidson: iter=16 dim=16 root=0 eigenvalue=-0.911208723075
Davidson: iter=16 dim=16 root=1 eigenvalue=-0.531952821076
Davidson: iter=17 dim=17 root=0 eigenvalue=-0.911208723075
Davidson: iter=17 dim=17 root=1 eigenvalue=-0.531952837184
Davidson: iter=18 dim=18 root=0 eigenvalue=-0.911208723075
Davidson: iter=18 dim=18 root=1 eigenvalue=-0.531952840223
Davidson: iter=19 dim=19 root=0 eigenvalue=-0.911208723075
Davidson: iter=19 dim=19 root=1 eigenvalue=-0.531952848377
Davidson: iter=20 dim=20 root=0 eigenvalue=-0.911208723075
Davidson: iter=20 dim=20 root=1 eigenvalue=-0.531952848433
Davidson: iter=21 dim=21 root=0 eigenvalue=-0.911208723075
Davidson: iter=21 dim=21 root=1 eigenvalue=-0.531952848446
Davidson: iter=22 dim=22 root=0 eigenvalue=-0.911208723075
Davidson: iter=22 dim=22 root=1 eigenvalue=-0.531952848447
root no. 1 converged
Davidson converged in 22 iterations.
E(core)= 0.000000000000
E(0)= -0.911208723075
E(1)= -0.531952848447
FCI Excitation energies = 2
0.000000000000 0.379255874628

Vacuum coefficients in CI state 0 = 0.985076891932
Vacuum coefficients in CI state 1 = -0.029284553696
Eigenvector 0 in string basis
0: 0.985076891932 seniority 0 ... 1
1
 | 1
1

10: -0.117253975379 seniority 0 ... 1
2
 | 1
2

20: -0.074081809653 seniority 0 ... 1
3
 | 1
3

30: -0.074088105636 seniority 0 ... 1
4
 | 1
4

40: -0.065969649642 seniority 0 ... 1
5
 | 1
5

Eigenvector 1 in string basis
1: -0.632018147266 seniority 2 ... 1
1
 | 1
2

5: -0.241686751658 seniority 2 ... 1
1
 | 1
6

9: -0.632018146681 seniority 2 ... 1
2
 | 1
1

10: -0.234700536952 seniority 0 ... 1
2
 | 1
2

14: -0.093699901428 seniority 2 ... 1
2
 | 1
6

45: -0.241686751567 seniority 2 ... 1
6
 | 1
1

46: -0.093699901410 seniority 2 ... 1
6
 | 1
2

Seniority vectors for all roots (nroots/seniority)
2 2
0.999923322317 0.000076677683
0.058190578785 1.189556422815

Calculating transition densities
Root 0 MO occupations numbers (density matrix diagonal)
9
1.940814974472 0.027502259064 0.010979546318 0.010981368229 0.008724126592 0.000326060669 0.000260262147 0.000260249517 0.000151152992
Root 1 MO occupations numbers (density matrix diagonal)
9
0.917646173799 0.927877444683 0.003502778054 0.003512144170 0.005504097821 0.134507424267 0.003163916819 0.003161998035 0.001124022353
Transition densities done:
Trandens between roots 0 0
9 9
1.940814974472 0.000790520452 -0.000001292282 0.000010720163 -0.004685589708 -0.009231473622 -0.000015266124 0.000007868042 -0.002613006847
0.000790520452 0.027502259064 -0.000000114663 0.000000941061 -0.000515318773 0.000134375779 0.000000063460 -0.000000295235 -0.000113652519
-0.000001292282 -0.000000114663 0.010979546318 -0.000000008291 -0.000000813036 -0.000000119569 -0.000124171438 -0.000181621267 0.000000209223
0.000010720163 0.000000941061 -0.000000008291 0.010981368229 0.000004355917 -0.000000422913 0.000180435830 -0.000123321512 -0.000000071598
-0.004685589708 -0.000515318773 -0.000000813036 0.000004355917 0.008724126592 0.000012410892 0.000000785207 -0.000000158922 0.000196692712
-0.009231473622 0.000134375779 -0.000000119569 -0.000000422913 0.000012410892 0.000326060669 0.000000078602 -0.000000042783 0.000009309989
-0.000015266124 0.000000063460 -0.000124171438 0.000180435830 0.000000785207 0.000000078602 0.000260262147 -0.000000001095 0.000000007173
0.000007868042 -0.000000295235 -0.000181621267 -0.000123321512 -0.000000158922 -0.000000042783 -0.000000001095 0.000260249517 -0.000000100344
-0.002613006847 -0.000113652519 0.000000209223 -0.000000071598 0.000196692712 0.000009309989 0.000000007173 -0.000000100344 0.000151152992

Trandens between roots 0 1
9 9
-0.056033158865 -1.244629715232 -0.000378050677 0.001263795555 0.011194807029 -0.476318030844 -0.000176978219 0.000430744973 0.016799282987
0.148469233379 0.054632506603 0.000012916888 -0.000036728006 -0.005775502076 0.021769043077 0.000011151756 -0.000020515752 -0.000312430356
0.000028046757 0.000009080829 0.002281718872 -0.000000663687 -0.000002973487 -0.000000427027 -0.003269415982 -0.004774855478 0.000005846808
-0.000092853552 -0.000030632428 -0.000000808737 0.002294219537 0.000009933577 -0.000015598355 0.004778387519 -0.003270971198 -0.000003552070
-0.002431788712 -0.000748097721 -0.000002139742 0.000007835838 -0.005254809750 0.000064083861 0.000008694414 0.000000063947 0.002585371270
0.006681948098 0.008468710422 0.000001737309 -0.000008389576 -0.000241417174 0.002311005532 0.000000661970 -0.000002067298 -0.000119705661
0.000001275183 0.000010527322 -0.000523130541 0.000764560586 0.000000942083 0.000003487583 -0.000053120324 0.000000341941 -0.000000158772
-0.000006183941 -0.000007526976 -0.000764031961 -0.000523308699 0.000000263932 -0.000002058379 0.000000488025 -0.000052845639 0.000000060979
-0.000660237433 0.001396174057 0.000001302400 -0.000001826826 0.000245020892 0.000524054247 0.000000179932 -0.000000490364 -0.000125515966

Trandens between roots 1 0
9 9
-0.056033158865 0.148469233379 0.000028046757 -0.000092853552 -0.002431788712 0.006681948098 0.000001275183 -0.000006183941 -0.000660237433
-1.244629715232 0.054632506603 0.000009080829 -0.000030632428 -0.000748097721 0.008468710422 0.000010527322 -0.000007526976 0.001396174057
-0.000378050677 0.000012916888 0.002281718872 -0.000000808737 -0.000002139742 0.000001737309 -0.000523130541 -0.000764031961 0.000001302400
0.001263795555 -0.000036728006 -0.000000663687 0.002294219537 0.000007835838 -0.000008389576 0.000764560586 -0.000523308699 -0.000001826826
0.011194807029 -0.005775502076 -0.000002973487 0.000009933577 -0.005254809750 -0.000241417174 0.000000942083 0.000000263932 0.000245020892
-0.476318030844 0.021769043077 -0.000000427027 -0.000015598355 0.000064083861 0.002311005532 0.000003487583 -0.000002058379 0.000524054247
-0.000176978219 0.000011151756 -0.003269415982 0.004778387519 0.000008694414 0.000000661970 -0.000053120324 0.000000488025 0.000000179932
0.000430744973 -0.000020515752 -0.004774855478 -0.003270971198 0.000000063947 -0.000002067298 0.000000341941 -0.000052845639 -0.000000490364
0.016799282987 -0.000312430356 0.000005846808 -0.000003552070 0.002585371270 -0.000119705661 -0.000000158772 0.000000060979 -0.000125515966

Trandens between roots 1 1
9 9
0.917646173799 0.379288026940 0.000094311021 -0.000284449628 -0.035159013749 0.131010436223 0.000011395720 -0.000105954056 -0.002777715413
0.379288026940 0.927877444683 0.000273731541 -0.000903098162 -0.018357411189 0.349174759256 0.000118670976 -0.000313632566 -0.012551051552
0.000094311021 0.000273731541 0.003502778054 -0.000000928444 -0.000005345791 0.000103527661 -0.000352201224 -0.000513784568 -0.000003654461
-0.000284449628 -0.000903098162 -0.000000928444 0.003512144170 0.000014629536 -0.000342940733 0.000519330877 -0.000354763307 0.000013896656
-0.035159013749 -0.018357411189 -0.000005345791 0.000014629536 0.005504097821 -0.006943487743 -0.000002951181 0.000004024366 -0.001816133546
0.131010436223 0.349174759256 0.000103527661 -0.000342940733 -0.006943487743 0.134507424267 0.000046192978 -0.000117936079 -0.004558016900
0.000011395720 0.000118670976 -0.000352201224 0.000519330877 -0.000002951181 0.000046192978 0.003163916819 -0.000001633030 -0.000002914941
-0.000105954056 -0.000313632566 -0.000513784568 -0.000354763307 0.000004024366 -0.000117936079 -0.000001633030 0.003161998035 0.000002983032
-0.002777715413 -0.012551051552 -0.000003654461 0.000013896656 -0.001816133546 -0.004558016900 -0.000002914941 0.000002983032 0.001124022353

State 0 :
Natural orbital occupations
9
1.940874100134 0.027517159290 0.010985830163 0.010984060328 0.008702837830 0.000281478683 0.000255805877 0.000255738458 0.000142989237
Natural orbitals (in MO basis)
9 9
0.999984751637 0.000461306651 -0.000000810364 -0.000000267157 -0.002438434730 0.004738267104 0.000006379513 0.000000304259 0.001373502361
0.000413548485 -0.999604000683 0.000003707027 -0.000004328445 -0.027429516477 -0.005121553920 -0.000004844756 -0.000004510576 0.003614143125
-0.000000668332 0.000005537569 -0.005949767701 0.999771841854 -0.000360114316 0.000011438460 0.001453436278 -0.020460257825 -0.000005328616
0.000005549538 -0.000049381997 0.999772873372 0.005950532990 0.001935968023 0.000023029057 -0.020321570686 -0.001440569281 0.000019505499
-0.002425306181 0.027336519535 0.001937440280 -0.000348376147 -0.999379155005 0.001248591798 -0.000079650609 0.000011502488 -0.021970358016
-0.004757068487 -0.005082610504 -0.000036398469 -0.000011686012 0.000742153461 0.999826328434 -0.000558532452 -0.000059936240 0.017262170666
-0.000007867134 -0.000002163804 0.016888166927 -0.011476313546 -0.000042084264 0.000448741810 0.863247735883 -0.504367109210 0.000215588888
0.000004054367 0.000010979712 -0.011394556378 -0.017000821298 -0.000002776721 -0.000347181150 -0.504368820320 -0.863245347088 0.000761118501
-0.001346681316 0.004302114564 0.000028692648 0.000013194179 -0.021875785183 -0.017226431259 0.000206164322 0.000767295792 0.999601793768

State 1 :
Natural orbital occupations
9
1.397167081039 0.581861169208 0.005164948587 0.003990699539 0.003977653898 0.002686019742 0.002685370753 0.002466821054 0.000000236180
Natural orbitals (in MO basis)
9 9
-0.642614170389 -0.765175404209 0.030947357943 0.000032777579 0.000003450620 -0.000083570248 -0.000159676571 -0.020677331985 0.012973211609
-0.718174350786 0.596347055710 0.062271614833 -0.000755807102 0.000147350196 0.000951206529 0.001734172241 0.352900886434 0.013209703094
-0.000204457093 0.000200602437 -0.000029980581 0.060489753102 -0.792834500294 -0.605706386335 0.029541148468 0.001191006307 0.000193840750
0.000662145995 -0.000697223487 -0.000661135979 -0.793143280956 -0.060491880019 0.029488698865 0.605300823006 -0.002070516527 -0.000387214965
0.027021748774 0.024813768160 0.886906718696 -0.000765613174 0.000209951140 -0.000584151397 -0.000255669381 -0.159608139746 0.431943027748
-0.265459080287 0.241112138747 -0.166826933416 0.000284433067 0.000432325852 -0.002272328027 -0.002225330677 -0.918433288694 0.005924387673
-0.000074964725 0.000125651366 -0.000836700201 -0.524658145376 0.303541574336 -0.480615195348 -0.633715768735 0.002916065747 0.000690421631
0.000232884524 -0.000231874720 -0.000290615452 0.303310501720 0.524991601031 -0.633444086244 0.480764180884 0.000671586910 0.000553974995
0.008566888566 -0.011198548192 -0.425121783867 0.000237267035 -0.000516122617 0.001182078842 0.000557438235 0.077616288492 0.901690828863

