Number of strings: 9 9, CI size = 81
String addressing array alpha: 1 9
0 1 2 3 4 5 6 7 8

Alpha strings 9 1
1
2
3
4
5
6
7
8
9

Is hamiltonian hermitian? 1
Implicit Hamiltonian constructed
E(core)= 0.000000000000
H(1,1) + E(core) energy = -0.549758820400
Davidson: iter=0 dim=0 root=0 eigenvalue=-0.549758820400
Davidson: iter=1 dim=1 root=0 eigenvalue=-0.595130604006
Davidson: iter=2 dim=2 root=0 eigenvalue=-0.604928156109
Davidson: iter=3 dim=3 root=0 eigenvalue=-0.607257538717
Davidson: iter=4 dim=4 root=0 eigenvalue=-0.607948729854
Davidson: iter=5 dim=5 root=0 eigenvalue=-0.608102307632
Davidson: iter=6 dim=6 root=0 eigenvalue=-0.608116714203
Davidson: iter=7 dim=7 root=0 eigenvalue=-0.608117666091
Davidson: iter=8 dim=8 root=0 eigenvalue=-0.608117701810
Davidson: iter=9 dim=9 root=0 eigenvalue=-0.608117708481
Davidson: iter=10 dim=10 root=0 eigenvalue=-0.608117708626
Davidson: iter=11 dim=11 root=0 eigenvalue=-0.608117708641
Davidson: iter=12 dim=12 root=0 eigenvalue=-0.608117708641
Davidson: iter=12 dim=12 root=1 eigenvalue=-0.533292495902
root no. 0 converged
Davidson: iter=13 dim=13 root=0 eigenvalue=-0.608117708641
Davidson: iter=13 dim=13 root=1 eigenvalue=-0.533509356735
Davidson: iter=14 dim=14 root=0 eigenvalue=-0.608117708641
Davidson: iter=14 dim=14 root=1 eigenvalue=-0.533521177440
Davidson: iter=15 dim=15 root=0 eigenvalue=-0.608117708642
Davidson: iter=15 dim=15 root=1 eigenvalue=-0.533521483662
Davidson: iter=16 dim=16 root=0 eigenvalue=-0.608117708642
Davidson: iter=16 dim=16 root=1 eigenvalue=-0.533521525060
Davidson: iter=17 dim=17 root=0 eigenvalue=-0.608117708642
Davidson: iter=17 dim=17 root=1 eigenvalue=-0.533521525596
Davidson: iter=18 dim=18 root=0 eigenvalue=-0.608117708642
Davidson: iter=18 dim=18 root=1 eigenvalue=-0.533521525602
Davidson: iter=19 dim=19 root=0 eigenvalue=-0.608117708642
Davidson: iter=19 dim=19 root=1 eigenvalue=-0.533521525603
Davidson: iter=20 dim=20 root=0 eigenvalue=-0.608117708642
Davidson: iter=20 dim=20 root=1 eigenvalue=-0.533521525604
root no. 1 converged
Davidson converged in 20 iterations.
E(core)= 0.000000000000
E(0)= -0.608117708642
E(1)= -0.533521525604
FCI Excitation energies = 2
0.000000000000 0.074596183038

Vacuum coefficients in CI state 0 = -0.845483261016
Vacuum coefficients in CI state 1 = -0.466176544320
Eigenvector 0 in string basis
0: -0.845483261016 seniority 0 ... 1
1
 | 1
1

1: -0.193824150086 seniority 2 ... 1
1
 | 1
2

2: 0.058241362590 seniority 2 ... 1
1
 | 1
3

5: -0.086451941530 seniority 2 ... 1
1
 | 1
6

9: -0.193824150086 seniority 2 ... 1
2
 | 1
1

10: 0.427612612059 seniority 0 ... 1
2
 | 1
2

18: 0.058241362590 seniority 2 ... 1
3
 | 1
1

45: -0.086451941530 seniority 2 ... 1
6
 | 1
1

Eigenvector 1 in string basis
0: -0.466176544320 seniority 0 ... 1
1
 | 1
1

1: 0.507402337642 seniority 2 ... 1
1
 | 1
2

2: -0.104392289951 seniority 2 ... 1
1
 | 1
3

5: 0.168768775858 seniority 2 ... 1
1
 | 1
6

9: 0.507402337674 seniority 2 ... 1
2
 | 1
1

10: -0.390668973089 seniority 0 ... 1
2
 | 1
2

14: -0.080376726436 seniority 2 ... 1
2
 | 1
6

18: -0.104392289953 seniority 2 ... 1
3
 | 1
1

20: 0.077618992204 seniority 0 ... 1
3
 | 1
3

30: 0.066757516127 seniority 0 ... 1
4
 | 1
4

40: 0.066757318416 seniority 0 ... 1
5
 | 1
5

45: 0.168768775860 seniority 2 ... 1
6
 | 1
1

46: -0.080376726439 seniority 2 ... 1
6
 | 1
2

50: 0.070760420585 seniority 0 ... 1
6
 | 1
6

Seniority vectors for all roots (nroots/seniority)
2 2
0.901356543710 0.098643456290
0.390228726722 0.745342542578

Calculating transition densities
Root 0 MO occupations numbers (density matrix diagonal)
9
1.526562799681 0.441879915145 0.009627538693 0.002653520365 0.002654439736 0.016267041435 0.000134115107 0.000110316772 0.000110313066
Root 1 MO occupations numbers (density matrix diagonal)
9
1.028558238598 0.835503173249 0.036524042127 0.008963438940 0.008968353748 0.080245141322 0.000679543974 0.000279058558 0.000279009484
Transition densities done:
Trandens between roots 0 0
9 9
1.526562799681 0.166555528126 -0.104776065533 -0.000070268822 -0.001167758078 0.152017862054 -0.003111231833 0.000065527284 0.000017327142
0.166555528126 0.441879915145 -0.007514981329 -0.000004019716 -0.000200278220 0.020954251374 -0.002707663637 0.000026696190 0.000014471071
-0.104776065533 -0.007514981329 0.009627538693 0.000004106100 0.000071056417 -0.009179936336 -0.000173727464 -0.000006571141 0.000002748001
-0.000070268822 -0.000004019716 0.000004106100 0.002653520365 0.000000045262 -0.000006224734 0.000002504534 0.000197539927 0.000326366404
-0.001167758078 -0.000200278220 0.000071056417 0.000000045262 0.002654439736 -0.000105881170 0.000007831392 -0.000326383378 0.000197451255
0.152017862054 0.020954251374 -0.009179936336 -0.000006224734 -0.000105881170 0.016267041435 -0.000561330037 0.000002980712 0.000005864823
-0.003111231833 -0.002707663637 -0.000173727464 0.000002504534 0.000007831392 -0.000561330037 0.000134115107 -0.000000120723 -0.000000185124
0.000065527284 0.000026696190 -0.000006571141 0.000197539927 -0.000326383378 0.000002980712 -0.000000120723 0.000110316772 0.000000005937
0.000017327142 0.000014471071 0.000002748001 0.000326366404 0.000197451255 0.000005864823 -0.000000185124 0.000000005937 0.000110313066

Trandens between roots 0 1
9 9
0.550202980201 -0.688662334849 0.174511672425 0.000098317736 0.002223432627 -0.267861307364 0.015484953777 -0.000182435257 -0.000083398635
0.606080504906 -0.527263154584 0.072564959343 0.000050479537 0.001152334123 -0.136720034725 0.010460865325 -0.000082897290 -0.000065809428
-0.037031784126 0.044881806384 -0.007035773578 -0.000006992000 -0.000152428238 0.018622558982 -0.000622109504 0.000013452020 0.000001987049
-0.000021394907 0.000028693261 -0.000008574083 0.004779789738 -0.000000118285 0.000013256632 -0.000002532348 -0.000137573908 -0.000226934840
-0.000567702655 0.000638194981 -0.000151520911 -0.000000058637 0.004777854311 0.000240017485 -0.000019107057 0.000227198288 -0.000137488481
0.065707485925 -0.076723520367 0.019403563183 0.000011682959 0.000249073628 -0.025597809748 0.001918737035 -0.000016321977 -0.000012416525
-0.004255921129 0.004086758780 -0.001134534547 0.000002867848 -0.000003220299 0.000910209568 -0.000024217737 0.000000641303 0.000000697152
0.000050188844 -0.000050385032 0.000006822934 0.000283298689 -0.000467879739 -0.000021182953 0.000000968389 0.000080159806 0.000000017798
0.000022901098 -0.000022662721 0.000008703245 0.000468106994 0.000283233671 -0.000001339878 0.000000649761 -0.000000023730 0.000080171591

Trandens between roots 1 0
9 9
0.550202980201 0.606080504906 -0.037031784126 -0.000021394907 -0.000567702655 0.065707485925 -0.004255921129 0.000050188844 0.000022901098
-0.688662334849 -0.527263154584 0.044881806384 0.000028693261 0.000638194981 -0.076723520367 0.004086758780 -0.000050385032 -0.000022662721
0.174511672425 0.072564959343 -0.007035773578 -0.000008574083 -0.000151520911 0.019403563183 -0.001134534547 0.000006822934 0.000008703245
0.000098317736 0.000050479537 -0.000006992000 0.004779789738 -0.000000058637 0.000011682959 0.000002867848 0.000283298689 0.000468106994
0.002223432627 0.001152334123 -0.000152428238 -0.000000118285 0.004777854311 0.000249073628 -0.000003220299 -0.000467879739 0.000283233671
-0.267861307364 -0.136720034725 0.018622558982 0.000013256632 0.000240017485 -0.025597809748 0.000910209568 -0.000021182953 -0.000001339878
0.015484953777 0.010460865325 -0.000622109504 -0.000002532348 -0.000019107057 0.001918737035 -0.000024217737 0.000000968389 0.000000649761
-0.000182435257 -0.000082897290 0.000013452020 -0.000137573908 0.000227198288 -0.000016321977 0.000000641303 0.000080159806 -0.000000023730
-0.000083398635 -0.000065809428 0.000001987049 -0.000226934840 -0.000137488481 -0.000012416525 0.000000697152 0.000000017798 0.000080171591

Trandens between roots 1 1
9 9
1.028558238598 -0.903927299667 0.111412437011 0.000079234578 0.001787654667 -0.212586329265 0.017753715196 -0.000144223541 -0.000109586752
-0.903927299667 0.835503173249 -0.125198469849 -0.000081930891 -0.001861477017 0.221931238079 -0.016979030137 0.000147705608 0.000102909612
0.111412437011 -0.125198469849 0.036524042127 0.000016036682 0.000372695831 -0.044280703103 0.003651285520 -0.000025116866 -0.000023944742
0.000079234578 -0.000081930891 0.000016036682 0.008963438940 0.000000238094 -0.000024401164 -0.000003471556 -0.000402593474 -0.000664342323
0.001787654667 -0.001861477017 0.000372695831 0.000000238094 0.008968353748 -0.000603407138 0.000026252747 0.000664132543 -0.000402732509
-0.212586329265 0.221931238079 -0.044280703103 -0.000024401164 -0.000603407138 0.080245141322 -0.004210208515 0.000055123328 0.000019444716
0.017753715196 -0.016979030137 0.003651285520 -0.000003471556 0.000026252747 -0.004210208515 0.000679543974 -0.000003166952 -0.000002328327
-0.000144223541 0.000147705608 -0.000025116866 -0.000402593474 0.000664132543 0.000055123328 -0.000003166952 0.000279058558 0.000000000789
-0.000109586752 0.000102909612 -0.000023944742 -0.000664342323 -0.000402732509 0.000019444716 -0.000002328327 0.000000000789 0.000279009484

State 0 :
Natural orbital occupations
9
1.573821761221 0.417058274188 0.003181775512 0.002709596731 0.002709513029 0.000356427061 0.000054323295 0.000054320898 0.000054008065
Natural orbitals (in MO basis)
9 9
0.981994359513 0.146088497013 0.009033753596 0.000049763074 0.000000563992 0.119429401686 -0.000090324583 -0.000001109578 0.000477072594
0.146760805204 -0.989057822771 -0.013981595314 0.000118885130 0.000014461033 0.004183999398 -0.000071102277 0.000151711818 -0.003585526194
-0.067059237561 -0.019421052333 0.850045438280 -0.000527120623 -0.000251826731 0.511266436976 -0.000219642106 0.004076291706 -0.105537950501
-0.000044853961 -0.000015441496 -0.000584632292 -0.053188252108 -0.987968256976 0.000431837301 -0.060051190460 -0.132131163536 -0.004940917316
-0.000758237586 0.000062069638 -0.003029667898 0.987948686187 -0.053183472340 0.006083230103 0.132203076338 -0.060008543286 -0.001862717768
0.098213482506 0.004137757507 0.507808200384 0.006647308292 -0.001034279917 -0.850648266207 0.001259006265 0.002934508336 -0.093861050288
-0.002221582675 0.005335676647 -0.138794408985 0.001355133389 -0.000883559493 0.026182683443 -0.007429961498 0.047113123938 -0.988807213975
0.000043996416 -0.000040089642 -0.000964794588 -0.128084270907 -0.068408314413 0.000565260574 0.982503889953 0.116603456329 -0.001791193399
0.000012306402 -0.000028311216 0.001466729310 0.068384978502 -0.128096174644 -0.000474530973 -0.116384949529 0.981376109027 0.047623140204

State 1 :
Natural orbital occupations
9
1.908993172042 0.062323775101 0.009032371866 0.009032240400 0.008470830308 0.001532702916 0.000210059301 0.000210051036 0.000194797030
Natural orbitals (in MO basis)
9 9
-0.728100335691 0.510177087075 -0.000003092306 -0.000272254339 -0.009316525283 0.457702439306 -0.000410680730 -0.000267798753 0.003256668920
0.658435703549 0.339386660979 0.000031897279 -0.000668936001 0.043286877177 0.670132713431 -0.000852900099 -0.000518295245 -0.018057318043
-0.091317210441 -0.498466511710 -0.000649915246 0.003647001711 -0.758949271561 0.394130040682 0.000517597768 0.000176370739 0.108792444517
-0.000061695949 -0.000195913478 -0.985382428846 0.145616597279 0.001795347813 0.000263920799 -0.026063954013 0.084466469568 -0.000161934249
-0.001401157055 -0.005166766351 -0.145612103533 -0.985363460032 0.000339235264 0.002860638741 -0.084490908046 -0.026081388484 -0.000239833404
0.166787079095 0.612958852172 -0.002096486927 -0.004613434987 -0.637112415604 -0.431359308886 -0.000184955696 -0.000000014218 0.066743681816
-0.013174855526 -0.017938125089 0.000617396033 0.001564581623 -0.126953809075 0.003494408518 -0.015694938682 0.000397609217 -0.991527028393
0.000111534421 0.000315293251 0.034262091691 -0.081507116186 -0.001027298331 0.000858413676 0.661758000452 0.744415200982 -0.010156397151
0.000080480968 0.000082596930 0.081483086882 0.034259222463 0.001248345206 -0.000283617418 -0.744319001694 0.661838844202 0.011988667426

