Number of strings: 9 9, CI size = 81
String addressing array alpha: 1 9
0 1 2 3 4 5 6 7 8

Alpha strings 9 1
1
2
3
4
5
6
7
8
9

Is hamiltonian hermitian? 1
Implicit Hamiltonian constructed
E(core)= 0.000000000000
H(1,1) + E(core) energy = -0.501155313700
Davidson: iter=0 dim=0 root=0 eigenvalue=-0.501155313700
Davidson: iter=1 dim=1 root=0 eigenvalue=-0.547640826240
Davidson: iter=2 dim=2 root=0 eigenvalue=-0.563201696906
Davidson: iter=3 dim=3 root=0 eigenvalue=-0.574335434751
Davidson: iter=4 dim=4 root=0 eigenvalue=-0.579151950622
Davidson: iter=5 dim=5 root=0 eigenvalue=-0.579732121798
Davidson: iter=6 dim=6 root=0 eigenvalue=-0.579816182998
Davidson: iter=7 dim=7 root=0 eigenvalue=-0.579823628140
Davidson: iter=8 dim=8 root=0 eigenvalue=-0.579825420921
Davidson: iter=9 dim=9 root=0 eigenvalue=-0.579825567022
Davidson: iter=10 dim=10 root=0 eigenvalue=-0.579825584837
Davidson: iter=11 dim=11 root=0 eigenvalue=-0.579825585730
Davidson: iter=12 dim=12 root=0 eigenvalue=-0.579825585825
Davidson: iter=13 dim=13 root=0 eigenvalue=-0.579825585827
Davidson: iter=14 dim=14 root=0 eigenvalue=-0.579825585827
Davidson: iter=14 dim=14 root=1 eigenvalue=-0.521552275930
root no. 0 converged
Davidson: iter=15 dim=15 root=0 eigenvalue=-0.579825585827
Davidson: iter=15 dim=15 root=1 eigenvalue=-0.521669997864
Davidson: iter=16 dim=16 root=0 eigenvalue=-0.579825585827
Davidson: iter=16 dim=16 root=1 eigenvalue=-0.521680720001
Davidson: iter=17 dim=17 root=0 eigenvalue=-0.579825585827
Davidson: iter=17 dim=17 root=1 eigenvalue=-0.521681559532
Davidson: iter=18 dim=18 root=0 eigenvalue=-0.579825585827
Davidson: iter=18 dim=18 root=1 eigenvalue=-0.521681576742
Davidson: iter=19 dim=19 root=0 eigenvalue=-0.579825585827
Davidson: iter=19 dim=19 root=1 eigenvalue=-0.521681577802
Davidson: iter=20 dim=20 root=0 eigenvalue=-0.579825585827
Davidson: iter=20 dim=20 root=1 eigenvalue=-0.521681577963
Davidson: iter=21 dim=21 root=0 eigenvalue=-0.579825585827
Davidson: iter=21 dim=21 root=1 eigenvalue=-0.521681577975
Davidson: iter=22 dim=22 root=0 eigenvalue=-0.579825585827
Davidson: iter=22 dim=22 root=1 eigenvalue=-0.521681577976
root no. 1 converged
Davidson converged in 22 iterations.
E(core)= 0.000000000000
E(0)= -0.579825585827
E(1)= -0.521681577976
FCI Excitation energies = 2
0.000000000000 0.058144007851

Vacuum coefficients in CI state 0 = 0.604920560671
Vacuum coefficients in CI state 1 = -0.745793299316
Eigenvector 0 in string basis
0: 0.604920560671 seniority 0 ... 1
1
 | 1
1

1: 0.374773510395 seniority 2 ... 1
1
 | 1
2

2: -0.176711045582 seniority 2 ... 1
1
 | 1
3

9: 0.374773510395 seniority 2 ... 1
2
 | 1
1

10: -0.526683486465 seniority 0 ... 1
2
 | 1
2

11: -0.058926048906 seniority 2 ... 1
2
 | 1
3

18: -0.176711045582 seniority 2 ... 1
3
 | 1
1

19: -0.058926048906 seniority 2 ... 1
3
 | 1
2

Eigenvector 1 in string basis
0: -0.745793299316 seniority 0 ... 1
1
 | 1
1

1: 0.388161035069 seniority 2 ... 1
1
 | 1
2

2: -0.157559087066 seniority 2 ... 1
1
 | 1
3

9: 0.388161035403 seniority 2 ... 1
2
 | 1
1

10: -0.199481728562 seniority 0 ... 1
2
 | 1
2

11: 0.078239569145 seniority 2 ... 1
2
 | 1
3

18: -0.157559087085 seniority 2 ... 1
3
 | 1
1

19: 0.078239569208 seniority 2 ... 1
3
 | 1
2

20: 0.132743613037 seniority 0 ... 1
3
 | 1
3

30: 0.071974047396 seniority 0 ... 1
4
 | 1
4

40: 0.069396451171 seniority 0 ... 1
5
 | 1
5

50: 0.070526843499 seniority 0 ... 1
6
 | 1
6

Seniority vectors for all roots (nroots/seniority)
2 2
0.645722155184 0.354277844816
0.618266642523 0.550228903777

Calculating transition densities
Root 0 MO occupations numbers (density matrix diagonal)
9
1.078800944933 0.842782270681 0.073613955114 0.000937646034 0.000219537923 0.000228501231 0.002897230010 0.000511748990 0.000008165086
Root 1 MO occupations numbers (density matrix diagonal)
9
1.469201564876 0.394917895349 0.097364739400 0.011806218293 0.009641423841 0.009972660804 0.005892944022 0.000965574013 0.000236979402
Transition densities done:
Trandens between roots 0 0
9 9
1.078800944933 0.078837194462 -0.274642625967 -0.016577899583 0.000210753783 0.000023643357 -0.041943237458 0.020269902436 -0.000032444452
0.078837194462 0.842782270681 -0.075474589052 -0.017174484267 0.000207495329 0.000030150323 -0.035514893464 0.011467972462 -0.000013268915
-0.274642625967 -0.075474589052 0.073613955114 0.005279481132 -0.000066320355 -0.000007948591 0.012818221712 -0.005816905786 0.000008972838
-0.016577899583 -0.017174484267 0.005279481132 0.000937646034 -0.000008487939 -0.000001250309 0.001301260466 -0.000458613982 0.000000705934
0.000210753783 0.000207495329 -0.000066320355 -0.000008487939 0.000219537923 0.000007819624 -0.000016047366 0.000005847473 0.000009273876
0.000023643357 0.000030150323 -0.000007948591 -0.000001250309 0.000007819624 0.000228501231 -0.000002119152 0.000000677496 0.000016048086
-0.041943237458 -0.035514893464 0.012818221712 0.001301260466 -0.000016047366 -0.000002119152 0.002897230010 -0.001168953621 0.000001665765
0.020269902436 0.011467972462 -0.005816905786 -0.000458613982 0.000005847473 0.000000677496 -0.001168953621 0.000511748990 -0.000000753440
-0.000032444452 -0.000013268915 0.000008972838 0.000000705934 0.000009273876 0.000016048086 0.000001665765 -0.000000753440 0.000008165086

Trandens between roots 0 1
9 9
-0.551109206952 0.290053041606 -0.179785167458 -0.013166559495 0.000178976420 0.000011867871 -0.044009852355 0.018994276818 -0.000028818991
-0.950126484234 0.492324520842 -0.216010661186 -0.033348025954 0.000396777811 0.000061743219 -0.060058343512 0.019734593537 -0.000023332845
0.202605932283 -0.106092171300 0.058531114925 0.005490925427 -0.000071251455 -0.000006849607 0.014992693187 -0.006056154970 0.000008747123
0.026539430778 -0.014039151159 0.006575933149 -0.001153010912 -0.000005161828 -0.000000457649 0.001715236203 -0.000740923893 0.000000487820
-0.000323487607 0.000170720330 -0.000081382298 -0.000005034598 -0.001454405575 -0.000047332738 -0.000021154558 0.000008718492 -0.000049412487
-0.000045193256 0.000024130719 -0.000010524146 -0.000000535320 -0.000047330912 -0.001509442742 -0.000002765548 0.000001255909 -0.000085441434
0.056332349618 -0.029376093145 0.015004904300 0.001583756415 -0.000019886657 -0.000002330442 0.003883580078 -0.001470185417 0.000002002934
-0.020879308929 0.010869529007 -0.005891211317 -0.000837212289 0.000009768453 0.000001420597 -0.001520143784 0.000530833469 -0.000000772858
0.000027689071 -0.000014384225 0.000008225685 0.000000593763 -0.000059502644 -0.000102864051 0.000002100748 -0.000000792895 -0.000043983134

Trandens between roots 1 0
9 9
-0.551109206952 -0.950126484234 0.202605932283 0.026539430778 -0.000323487607 -0.000045193256 0.056332349618 -0.020879308929 0.000027689071
0.290053041606 0.492324520842 -0.106092171300 -0.014039151159 0.000170720330 0.000024130719 -0.029376093145 0.010869529007 -0.000014384225
-0.179785167458 -0.216010661186 0.058531114925 0.006575933149 -0.000081382298 -0.000010524146 0.015004904300 -0.005891211317 0.000008225685
-0.013166559495 -0.033348025954 0.005490925427 -0.001153010912 -0.000005034598 -0.000000535320 0.001583756415 -0.000837212289 0.000000593763
0.000178976420 0.000396777811 -0.000071251455 -0.000005161828 -0.001454405575 -0.000047330912 -0.000019886657 0.000009768453 -0.000059502644
0.000011867871 0.000061743219 -0.000006849607 -0.000000457649 -0.000047332738 -0.001509442742 -0.000002330442 0.000001420597 -0.000102864051
-0.044009852355 -0.060058343512 0.014992693187 0.001715236203 -0.000021154558 -0.000002765548 0.003883580078 -0.001520143784 0.000002100748
0.018994276818 0.019734593537 -0.006056154970 -0.000740923893 0.000008718492 0.000001255909 -0.001470185417 0.000530833469 -0.000000792895
-0.000028818991 -0.000023332845 0.000008747123 0.000000487820 -0.000049412487 -0.000085441434 0.000002002934 -0.000000772858 -0.000043983134

Trandens between roots 1 1
9 9
1.469201564876 -0.761533298566 0.252786611737 0.039691079709 -0.000476094991 -0.000071453431 0.083606675591 -0.028841606165 0.000036223930
-0.761533298566 0.394917895349 -0.132197993200 -0.019426550027 0.000235370265 0.000033679766 -0.043497818636 0.015132401126 -0.000019234136
0.252786611737 -0.132197993200 0.097364739400 0.009935415036 -0.000123689514 -0.000015236858 0.021064373944 -0.007783907595 0.000010400250
0.039691079709 -0.019426550027 0.009935415036 0.011806218293 -0.000021819708 -0.000001245007 0.002857378247 -0.000510724626 0.000004172522
-0.000476094991 0.000235370265 -0.000123689514 -0.000021819708 0.009641423841 0.000285541739 -0.000034638459 0.000008625025 0.000316466502
-0.000071453431 0.000033679766 -0.000015236858 -0.000001245007 0.000285541739 0.009972660804 -0.000005049602 0.000000667890 0.000547372243
0.083606675591 -0.043497818636 0.021064373944 0.002857378247 -0.000034638459 -0.000005049602 0.005892944022 -0.002009444848 0.000002572848
-0.028841606165 0.015132401126 -0.007783907595 -0.000510724626 0.000008625025 0.000000667890 -0.002009444848 0.000965574013 -0.000000990952
0.000036223930 -0.000019234136 0.000010400250 0.000004172522 0.000316466502 0.000547372243 0.000002572848 -0.000000990952 0.000236979402

State 0 :
Natural orbital occupations
9
1.179403572198 0.819715693962 0.000387140203 0.000234510732 0.000214943296 0.000029157872 0.000007772299 0.000006645338 0.000000564099
Natural orbitals (in MO basis)
9 9
0.925790492680 0.287907426176 -0.015395479486 0.000000051892 -0.000061018803 0.215785428795 -0.002517948374 -0.000004522536 -0.114954607300
0.279077549527 -0.957120603545 -0.021337366468 0.000001063093 0.000019124960 0.047599954653 -0.006267452267 -0.000006176524 -0.057232432814
-0.249689022727 -0.008549983093 -0.000355624647 -0.000005080356 -0.000441278631 0.917088192606 -0.010693162672 -0.000012213860 -0.310510662624
-0.018265730929 0.014237883443 -0.987838185512 -0.007509755702 -0.007347291598 0.006784264338 0.150214958306 -0.000462099951 0.030302019592
0.000229447780 -0.000168322929 0.009997017340 -0.497382837153 -0.866508158628 -0.000483026593 -0.001500867816 -0.040881675755 -0.000325070455
0.000027492973 -0.000026922169 0.002814403565 -0.863648979967 0.499108578883 0.000209717995 -0.000460903989 -0.070660317351 -0.000081711312
-0.044189886806 0.026728728605 -0.099304036740 0.000013190244 0.000135147257 -0.294147663863 -0.482800606225 0.000031959155 -0.817222273479
0.019915812380 -0.006260245954 -0.116249710502 -0.000142158349 -0.000108917750 0.153463073533 -0.862655183040 0.001890187703 0.467249066238
-0.000030591252 0.000004074056 0.000375035635 -0.081635383665 -0.000160871419 -0.000270900094 0.001626750768 0.996660433931 -0.000869701660

State 1 :
Natural orbital occupations
9
1.915420021265 0.053519933114 0.010660943553 0.010177270982 0.009476791828 0.000314847448 0.000233136632 0.000196759207 0.000000295970
Natural orbitals (in MO basis)
9 9
0.875430885931 0.152441319482 0.036218991854 -0.000041250311 0.000064009780 -0.115472207069 -0.079611015271 -0.000077448104 0.435199766252
-0.453895390621 -0.058824757541 0.097749270068 -0.000113335137 0.000195384326 -0.154522337598 -0.164406360886 -0.000158739173 0.854433743447
0.155515606087 -0.976014834755 -0.069131211972 0.000078954751 -0.000384105300 -0.135753775815 0.000579987473 -0.000000920357 -0.001111902512
0.023777186801 -0.068606924534 0.990985756757 0.006403227072 -0.005689382944 0.016879391318 0.065096609331 -0.000349178702 -0.089883204662
-0.000286118799 0.000917396994 -0.008006724968 0.498037686217 -0.866534561879 -0.000114784817 -0.000591247712 -0.031780780581 0.000950939803
-0.000042286555 0.000067219769 -0.002699527711 0.864805016141 0.499084442004 -0.000068625092 -0.000232290317 -0.054950897059 0.000224265394
0.050438779709 -0.116530182566 0.012706445522 -0.000026398937 0.000010249901 0.886488265863 -0.434765699692 -0.000013620354 0.093981552270
-0.017467837467 0.049084514610 0.045480860644 0.000049193298 -0.000018210389 -0.397760176147 -0.879415246602 0.001632737210 -0.252250023050
0.000022030183 -0.000071409901 -0.000112825151 0.063480090984 -0.000116162546 0.000627657066 0.001391653603 0.997981744201 0.000594834962

