Number of strings: 9 9, CI size = 81
String addressing array alpha: 1 9
0 1 2 3 4 5 6 7 8

Alpha strings 9 1
1
2
3
4
5
6
7
8
9

Is hamiltonian hermitian? 1
Implicit Hamiltonian constructed
E(core)= 0.000000000000
H(1,1) + E(core) energy = -0.856977003200
Davidson: iter=0 dim=0 root=0 eigenvalue=-0.856977003200
Davidson: iter=1 dim=1 root=0 eigenvalue=-0.888694124022
Davidson: iter=2 dim=2 root=0 eigenvalue=-0.891376650877
Davidson: iter=3 dim=3 root=0 eigenvalue=-0.891779107862
Davidson: iter=4 dim=4 root=0 eigenvalue=-0.891816189177
Davidson: iter=5 dim=5 root=0 eigenvalue=-0.891818429447
Davidson: iter=6 dim=6 root=0 eigenvalue=-0.891818665622
Davidson: iter=7 dim=7 root=0 eigenvalue=-0.891818671398
Davidson: iter=8 dim=8 root=0 eigenvalue=-0.891818671832
Davidson: iter=9 dim=9 root=0 eigenvalue=-0.891818671848
Davidson: iter=10 dim=10 root=0 eigenvalue=-0.891818671849
Davidson: iter=10 dim=10 root=1 eigenvalue=-0.518534919556
root no. 0 converged
Davidson: iter=11 dim=11 root=0 eigenvalue=-0.891818671849
Davidson: iter=11 dim=11 root=1 eigenvalue=-0.526078515897
Davidson: iter=12 dim=12 root=0 eigenvalue=-0.891818671849
Davidson: iter=12 dim=12 root=1 eigenvalue=-0.526608914766
Davidson: iter=13 dim=13 root=0 eigenvalue=-0.891818671849
Davidson: iter=13 dim=13 root=1 eigenvalue=-0.526676175953
Davidson: iter=14 dim=14 root=0 eigenvalue=-0.891818671849
Davidson: iter=14 dim=14 root=1 eigenvalue=-0.526681772515
Davidson: iter=15 dim=15 root=0 eigenvalue=-0.891818671849
Davidson: iter=15 dim=15 root=1 eigenvalue=-0.526685191194
Davidson: iter=16 dim=16 root=0 eigenvalue=-0.891818671849
Davidson: iter=16 dim=16 root=1 eigenvalue=-0.526685295059
Davidson: iter=17 dim=17 root=0 eigenvalue=-0.891818671849
Davidson: iter=17 dim=17 root=1 eigenvalue=-0.526685308295
Davidson: iter=18 dim=18 root=0 eigenvalue=-0.891818671849
Davidson: iter=18 dim=18 root=1 eigenvalue=-0.526685316472
Davidson: iter=19 dim=19 root=0 eigenvalue=-0.891818671849
Davidson: iter=19 dim=19 root=1 eigenvalue=-0.526685318197
Davidson: iter=20 dim=20 root=0 eigenvalue=-0.891818671849
Davidson: iter=20 dim=20 root=1 eigenvalue=-0.526685318462
Davidson: iter=21 dim=21 root=0 eigenvalue=-0.891818671849
Davidson: iter=21 dim=21 root=1 eigenvalue=-0.526685318486
Davidson: iter=22 dim=22 root=0 eigenvalue=-0.891818671849
Davidson: iter=22 dim=22 root=1 eigenvalue=-0.526685318488
Davidson: iter=23 dim=23 root=0 eigenvalue=-0.891818671849
Davidson: iter=23 dim=23 root=1 eigenvalue=-0.526685318488
root no. 1 converged
Davidson converged in 23 iterations.
E(core)= 0.000000000000
E(0)= -0.891818671849
E(1)= -0.526685318488
FCI Excitation energies = 2
0.000000000000 0.365133353361

Vacuum coefficients in CI state 0 = -0.984511231580
Vacuum coefficients in CI state 1 = 0.031027852322
Eigenvector 0 in string basis
0: -0.984511231580 seniority 0 ... 1
1
 | 1
1

10: 0.122129926449 seniority 0 ... 1
2
 | 1
2

20: 0.073134933505 seniority 0 ... 1
3
 | 1
3

30: 0.073134218794 seniority 0 ... 1
4
 | 1
4

40: 0.067410887112 seniority 0 ... 1
5
 | 1
5

Eigenvector 1 in string basis
1: 0.629604130776 seniority 2 ... 1
1
 | 1
2

5: -0.244199448387 seniority 2 ... 1
1
 | 1
6

9: 0.629604131041 seniority 2 ... 1
2
 | 1
1

10: 0.236469220729 seniority 0 ... 1
2
 | 1
2

14: -0.096444582305 seniority 2 ... 1
2
 | 1
6

45: -0.244199448428 seniority 2 ... 1
6
 | 1
1

46: -0.096444582313 seniority 2 ... 1
6
 | 1
2

Seniority vectors for all roots (nroots/seniority)
2 2
0.999905416958 0.000094583042
0.058869376054 1.180783389746

Calculating transition densities
Root 0 MO occupations numbers (density matrix diagonal)
9
1.938603680049 0.029836940844 0.010700735052 0.010700548943 0.009113514865 0.000347660780 0.000265600538 0.000265640181 0.000165678749
Root 1 MO occupations numbers (density matrix diagonal)
9
0.914671165587 0.925430005845 0.003547810519 0.003548195973 0.006640969091 0.138156421870 0.003300464533 0.003300949057 0.001404017524
Transition densities done:
Trandens between roots 0 0
9 9
1.938603680049 0.000423356281 0.000048719911 -0.000071360702 -0.005380223473 0.010310601709 -0.000008902371 -0.000006543953 0.003210071423
0.000423356281 0.029836940844 0.000005194744 -0.000007088475 -0.000555878510 -0.000152563184 0.000000211450 0.000000080002 0.000131530732
0.000048719911 0.000005194744 0.010700735052 0.000000177135 0.000014004457 -0.000000502965 -0.000210577766 -0.000052462140 0.000001274385
-0.000071360702 -0.000007088475 0.000000177135 0.010700548943 -0.000019716288 0.000000343585 0.000052577697 -0.000211091543 -0.000001621116
-0.005380223473 -0.000555878510 0.000014004457 -0.000019716288 0.009113514865 0.000028914927 -0.000004127232 0.000003385965 -0.000207379142
0.010310601709 -0.000152563184 -0.000000502965 0.000000343585 0.000028914927 0.000347660780 -0.000000088022 -0.000000015922 0.000008562132
-0.000008902371 0.000000211450 -0.000210577766 0.000052577697 -0.000004127232 -0.000000088022 0.000265600538 -0.000000011486 0.000000080611
-0.000006543953 0.000000080002 -0.000052462140 -0.000211091543 0.000003385965 -0.000000015922 -0.000000011486 0.000265640181 -0.000000122747
0.003210071423 0.000131530732 0.000001274385 -0.000001621116 -0.000207379142 0.000008562132 0.000000080611 -0.000000122747 0.000165678749

Trandens between roots 0 1
9 9
-0.058938464485 -1.238995885799 -0.000873373189 -0.000133142864 0.026249803142 0.480993997388 -0.000221707364 -0.000159585095 -0.024718139620
0.154103202897 0.057655646055 0.000101164663 -0.000086489555 -0.007992883288 -0.023467077058 0.000013141463 0.000007816501 0.000210885768
0.000081385631 0.000031571681 0.001993702793 0.000000624924 0.000066674704 -0.000012379223 -0.005670560862 -0.001417437197 0.000025692991
-0.000012063181 -0.000008421164 0.000000809786 0.001993724879 -0.000089642076 -0.000000177507 0.001416984334 -0.005671148544 -0.000032023174
-0.003679032478 -0.001525729817 0.000068319749 -0.000088908560 -0.005079544833 0.000355377239 -0.000070779694 0.000055548832 -0.002783219062
-0.006951680656 -0.009293837171 -0.000008914709 0.000002181588 0.000429156184 0.002619573208 -0.000001122696 -0.000000863668 -0.000201640051
0.000003731887 0.000007835086 -0.000922726536 0.000230593006 -0.000011170111 -0.000002413176 -0.000048913911 -0.000000020500 0.000000780822
0.000001381116 0.000004406465 -0.000230606164 -0.000922964589 0.000008372753 -0.000001430480 -0.000000177424 -0.000048598281 -0.000000347337
0.000849750123 -0.001715455232 0.000001361699 -0.000003399762 -0.000270489051 0.000643163001 0.000000307527 -0.000000619231 -0.000147125424

Trandens between roots 1 0
9 9
-0.058938464485 0.154103202897 0.000081385631 -0.000012063181 -0.003679032478 -0.006951680656 0.000003731887 0.000001381116 0.000849750123
-1.238995885799 0.057655646055 0.000031571681 -0.000008421164 -0.001525729817 -0.009293837171 0.000007835086 0.000004406465 -0.001715455232
-0.000873373189 0.000101164663 0.001993702793 0.000000809786 0.000068319749 -0.000008914709 -0.000922726536 -0.000230606164 0.000001361699
-0.000133142864 -0.000086489555 0.000000624924 0.001993724879 -0.000088908560 0.000002181588 0.000230593006 -0.000922964589 -0.000003399762
0.026249803142 -0.007992883288 0.000066674704 -0.000089642076 -0.005079544833 0.000429156184 -0.000011170111 0.000008372753 -0.000270489051
0.480993997388 -0.023467077058 -0.000012379223 -0.000000177507 0.000355377239 0.002619573208 -0.000002413176 -0.000001430480 0.000643163001
-0.000221707364 0.000013141463 -0.005670560862 0.001416984334 -0.000070779694 -0.000001122696 -0.000048913911 -0.000000177424 0.000000307527
-0.000159585095 0.000007816501 -0.001417437197 -0.005671148544 0.000055548832 -0.000000863668 -0.000000020500 -0.000048598281 -0.000000619231
-0.024718139620 0.000210885768 0.000025692991 -0.000032023174 -0.002783219062 -0.000201640051 0.000000780822 -0.000000347337 -0.000147125424

Trandens between roots 1 1
9 9
0.914671165587 0.384845154865 0.000626831093 -0.000494173762 -0.047428700505 -0.135164489788 0.000053101105 0.000019566364 0.003084958722
0.384845154865 0.925430005845 0.000763864298 -0.000076688875 -0.032238296834 -0.353143649989 0.000159314839 0.000111051796 0.017921018717
0.000626831093 0.000763864298 0.003547810519 -0.000000402825 -0.000045052555 -0.000291245121 -0.000490159439 -0.000122400916 -0.000007340139
-0.000494173762 -0.000076688875 -0.000000402825 0.003548195973 0.000028902339 0.000025642649 0.000122695141 -0.000490816274 0.000026907365
-0.047428700505 -0.032238296834 -0.000045052555 0.000028902339 0.006640969091 0.012116541029 -0.000012760034 0.000002967482 0.001592871046
-0.135164489788 -0.353143649989 -0.000291245121 0.000025642649 0.012116541029 0.138156421870 -0.000061485262 -0.000042998778 -0.006657286443
0.000053101105 0.000159314839 -0.000490159439 0.000122695141 -0.000012760034 -0.000061485262 0.003300464533 -0.000000165702 0.000003481896
0.000019566364 0.000111051796 -0.000122400916 -0.000490816274 0.000002967482 -0.000042998778 -0.000000165702 0.003300949057 0.000001518031
0.003084958722 0.017921018717 -0.000007340139 0.000026907365 0.001592871046 -0.006657286443 0.000003481896 0.000001518031 0.001404017524

State 0 :
Natural orbital occupations
9
1.938678942307 0.029853126693 0.010705370719 0.010705328415 0.009087891975 0.000291984236 0.000261108395 0.000261085232 0.000155162029
Natural orbitals (in MO basis)
9 9
0.999980568124 0.000276332448 -0.000000346796 0.000002050121 -0.002784806825 -0.005254174044 -0.000006859946 -0.000000249457 -0.001850802592
0.000222283880 -0.999616886266 -0.000013451827 0.000008454313 -0.026903602126 0.005310938043 0.000005306478 -0.000000354865 -0.003744480039
0.000025250100 -0.000251189910 0.998303039732 -0.053672395110 0.008849299797 0.000064301985 -0.000210864864 0.020781542373 -0.000141142506
-0.000036985007 0.000341848153 0.053780485343 0.998257599602 -0.012460016555 -0.000071546032 -0.020831898046 -0.000209679050 0.000192179129
-0.002788415977 0.026773513407 0.008166833525 -0.012917143828 -0.999260364207 -0.007281064067 0.000443603831 0.000331740837 0.021616145276
0.005319163484 0.005290173538 -0.000023903271 0.000001634092 -0.006100977445 0.998775470763 0.000749673303 0.001054530032 0.048501371343
-0.000004590475 -0.000008594701 -0.019868867193 0.006115277305 0.000184418618 -0.001181436858 0.231849047697 0.972528802906 -0.000384971016
-0.000003377533 -0.000001677406 -0.006101482342 -0.019919349643 -0.000136475615 0.000452831467 -0.972528039987 0.231850297222 0.000647180765
0.001656249786 -0.004584467559 -0.000048628846 0.000095136025 0.021824960200 -0.048343795850 0.000677650455 0.000169241201 0.998580136364

State 1 :
Natural orbital occupations
9
1.404406165330 0.574097430617 0.005065760420 0.003945251188 0.003943890325 0.002903602917 0.002903473757 0.002730286867 0.000004138580
Natural orbitals (in MO basis)
9 9
-0.641687748572 -0.765458509702 -0.039794038453 0.000024821999 -0.000011556628 -0.000099145364 -0.000096963117 -0.022502095146 -0.014838244313
-0.717027863329 0.594665768497 -0.064831079904 -0.000213994991 0.000381195711 0.001024174981 0.001075987341 0.356119063392 -0.034891445481
-0.000735220833 0.000077390063 0.008705578142 -0.092372729146 -0.780980644357 -0.086602385916 -0.611497502969 0.003292418421 0.004490992984
0.000271168133 0.000574118664 -0.010950261895 0.780926645813 -0.092457134761 -0.611527473760 0.086519639894 -0.000900336622 -0.005712342204
0.040628987801 0.025033558352 -0.876080492448 -0.010592339750 -0.006418339282 0.006515715910 -0.007834901835 -0.163644292396 -0.450742597991
0.268918753127 -0.243959857804 -0.155162907353 0.000002109026 0.000239524755 0.001718115285 0.001676916706 0.918496300041 -0.021201170826
-0.000117769773 0.000120648747 0.000623230983 0.219130609712 0.577460135697 0.081849996974 -0.782189229117 0.001289292505 -0.000276220290
-0.000074003247 0.000107500390 -0.000158807101 -0.577486146996 0.219132963203 -0.782168943675 -0.081851012134 0.001587001096 0.000298335128
-0.011799689874 0.017390823050 -0.449916325058 0.000366888937 0.000222699247 0.000178600432 -0.000461035799 -0.047351127840 0.891566637485

