Number of strings: 9 9, CI size = 81
String addressing array alpha: 1 9
0 1 2 3 4 5 6 7 8

Alpha strings 9 1
1
2
3
4
5
6
7
8
9

Is hamiltonian hermitian? 1
Implicit Hamiltonian constructed
E(core)= 0.000000000000
H(1,1) + E(core) energy = -0.837817109000
Davidson: iter=0 dim=0 root=0 eigenvalue=-0.837817109000
Davidson: iter=1 dim=1 root=0 eigenvalue=-0.869725763478
Davidson: iter=2 dim=2 root=0 eigenvalue=-0.872382707831
Davidson: iter=3 dim=3 root=0 eigenvalue=-0.872795485212
Davidson: iter=4 dim=4 root=0 eigenvalue=-0.872834342927
Davidson: iter=5 dim=5 root=0 eigenvalue=-0.872836603757
Davidson: iter=6 dim=6 root=0 eigenvalue=-0.872836846341
Davidson: iter=7 dim=7 root=0 eigenvalue=-0.872836852729
Davidson: iter=8 dim=8 root=0 eigenvalue=-0.872836853229
Davidson: iter=9 dim=9 root=0 eigenvalue=-0.872836853244
Davidson: iter=10 dim=10 root=0 eigenvalue=-0.872836853245
Davidson: iter=10 dim=10 root=1 eigenvalue=-0.512691442360
root no. 0 converged
Davidson: iter=11 dim=11 root=0 eigenvalue=-0.872836853245
Davidson: iter=11 dim=11 root=1 eigenvalue=-0.521916310238
Davidson: iter=12 dim=12 root=0 eigenvalue=-0.872836853245
Davidson: iter=12 dim=12 root=1 eigenvalue=-0.522591075625
Davidson: iter=13 dim=13 root=0 eigenvalue=-0.872836853245
Davidson: iter=13 dim=13 root=1 eigenvalue=-0.522677666476
Davidson: iter=14 dim=14 root=0 eigenvalue=-0.872836853245
Davidson: iter=14 dim=14 root=1 eigenvalue=-0.522684870160
Davidson: iter=15 dim=15 root=0 eigenvalue=-0.872836853245
Davidson: iter=15 dim=15 root=1 eigenvalue=-0.522687499759
Davidson: iter=16 dim=16 root=0 eigenvalue=-0.872836853245
Davidson: iter=16 dim=16 root=1 eigenvalue=-0.522687553148
Davidson: iter=17 dim=17 root=0 eigenvalue=-0.872836853245
Davidson: iter=17 dim=17 root=1 eigenvalue=-0.522687624075
Davidson: iter=18 dim=18 root=0 eigenvalue=-0.872836853245
Davidson: iter=18 dim=18 root=1 eigenvalue=-0.522687642546
Davidson: iter=19 dim=19 root=0 eigenvalue=-0.872836853245
Davidson: iter=19 dim=19 root=1 eigenvalue=-0.522687643309
Davidson: iter=20 dim=20 root=0 eigenvalue=-0.872836853245
Davidson: iter=20 dim=20 root=1 eigenvalue=-0.522687643639
Davidson: iter=21 dim=21 root=0 eigenvalue=-0.872836853245
Davidson: iter=21 dim=21 root=1 eigenvalue=-0.522687643649
Davidson: iter=22 dim=22 root=0 eigenvalue=-0.872836853245
Davidson: iter=22 dim=22 root=1 eigenvalue=-0.522687643650
root no. 1 converged
Davidson converged in 22 iterations.
E(core)= 0.000000000000
E(0)= -0.872836853245
E(1)= -0.522687643650
FCI Excitation energies = 2
0.000000000000 0.350149209595

Vacuum coefficients in CI state 0 = 0.983798691252
Vacuum coefficients in CI state 1 = -0.033752823088
Eigenvector 0 in string basis
0: 0.983798691252 seniority 0 ... 1
1
 | 1
1

10: -0.128213969748 seniority 0 ... 1
2
 | 1
2

20: -0.072195515610 seniority 0 ... 1
3
 | 1
3

30: -0.072189521924 seniority 0 ... 1
4
 | 1
4

40: -0.068238472482 seniority 0 ... 1
5
 | 1
5

Eigenvector 1 in string basis
1: -0.627706071160 seniority 2 ... 1
1
 | 1
2

5: 0.244154485281 seniority 2 ... 1
1
 | 1
6

9: -0.627706071081 seniority 2 ... 1
2
 | 1
1

10: -0.241282027743 seniority 0 ... 1
2
 | 1
2

14: 0.098907471778 seniority 2 ... 1
2
 | 1
6

45: 0.244154485269 seniority 2 ... 1
6
 | 1
1

46: 0.098907471775 seniority 2 ... 1
6
 | 1
2

Seniority vectors for all roots (nroots/seniority)
2 2
0.999880570477 0.000119429523
0.060984999913 1.167678026487

Calculating transition densities
Root 0 MO occupations numbers (density matrix diagonal)
9
1.935823083097 0.032882667205 0.010427758723 0.010426096733 0.009344239374 0.000374401944 0.000269468432 0.000269455702 0.000182828789
Root 1 MO occupations numbers (density matrix diagonal)
9
0.910775363529 0.926854218961 0.003522756734 0.003523316300 0.007268226112 0.139239964731 0.003396651020 0.003395300351 0.002024202263
Transition densities done:
Trandens between roots 0 0
9 9
1.935823083097 -0.000283141168 -0.000113990667 0.000217643107 -0.006241501058 0.011731060343 -0.000014790321 -0.000003864773 0.003695663403
-0.000283141168 0.032882667205 -0.000009473188 0.000018391866 -0.000542013044 -0.000159284860 0.000000127993 0.000000291955 0.000148780383
-0.000113990667 -0.000009473188 0.010427758723 0.000000641897 -0.000018777099 0.000000780253 -0.000200156889 0.000083522030 -0.000003056328
0.000217643107 0.000018391866 0.000000641897 0.010426096733 0.000036233961 -0.000002175206 -0.000083832582 -0.000200615841 0.000005893421
-0.006241501058 -0.000542013044 -0.000018777099 0.000036233961 0.009344239374 0.000059981956 0.000000839159 -0.000011538111 -0.000218076500
0.011731060343 -0.000159284860 0.000000780253 -0.000002175206 0.000059981956 0.000374401944 -0.000000100110 -0.000000129408 0.000010090735
-0.000014790321 0.000000127993 -0.000200156889 -0.000083832582 0.000000839159 -0.000000100110 0.000269468432 -0.000000003653 -0.000000036371
-0.000003864773 0.000000291955 0.000083522030 -0.000200615841 -0.000011538111 -0.000000129408 -0.000000003653 0.000269455702 0.000000275257
0.003695663403 0.000148780383 -0.000003056328 0.000005893421 -0.000218076500 0.000010090735 -0.000000036371 0.000000275257 0.000182828789

Trandens between roots 0 1
9 9
-0.063441634785 -1.234062924117 -0.000270996856 -0.000693900990 0.030615849606 0.480524938995 -0.000339016857 -0.000351696367 -0.038161571669
0.161306245385 0.062290362542 -0.000136521238 0.000320521861 -0.009569761998 -0.025479489561 0.000019276521 0.000020876277 0.000493044150
-0.000009919447 -0.000007870100 0.001588902708 0.000004093731 -0.000112306563 0.000000436775 -0.005403029394 0.002259841736 -0.000051226977
0.000109761641 0.000049235885 0.000003842974 0.001579286382 0.000219153367 -0.000022856695 -0.002261729945 -0.005397817793 0.000099840040
-0.003996381309 -0.001633690486 -0.000110194146 0.000218541595 -0.004719146164 0.000528359265 0.000016175089 -0.000222487745 -0.003029989863
-0.007111878362 -0.010313015190 0.000003075616 -0.000017259718 0.000543630512 0.002970691621 -0.000001975695 -0.000002308691 -0.000337800282
0.000004359297 0.000011221101 -0.000890360019 -0.000372663020 0.000002157654 -0.000003547309 -0.000046122472 0.000000046270 0.000000346177
0.000007750362 0.000006716218 0.000372382599 -0.000889522695 -0.000035933643 -0.000001732200 0.000000232977 -0.000045775007 0.000001383543
0.001056535778 -0.001950337829 -0.000006591300 0.000010698800 -0.000325745714 0.000728741565 -0.000000511273 0.000000504706 -0.000176564825

Trandens between roots 1 0
9 9
-0.063441634785 0.161306245385 -0.000009919447 0.000109761641 -0.003996381309 -0.007111878362 0.000004359297 0.000007750362 0.001056535778
-1.234062924117 0.062290362542 -0.000007870100 0.000049235885 -0.001633690486 -0.010313015190 0.000011221101 0.000006716218 -0.001950337829
-0.000270996856 -0.000136521238 0.001588902708 0.000003842974 -0.000110194146 0.000003075616 -0.000890360019 0.000372382599 -0.000006591300
-0.000693900990 0.000320521861 0.000004093731 0.001579286382 0.000218541595 -0.000017259718 -0.000372663020 -0.000889522695 0.000010698800
0.030615849606 -0.009569761998 -0.000112306563 0.000219153367 -0.004719146164 0.000543630512 0.000002157654 -0.000035933643 -0.000325745714
0.480524938995 -0.025479489561 0.000000436775 -0.000022856695 0.000528359265 0.002970691621 -0.000003547309 -0.000001732200 0.000728741565
-0.000339016857 0.000019276521 -0.005403029394 -0.002261729945 0.000016175089 -0.000001975695 -0.000046122472 0.000000232977 -0.000000511273
-0.000351696367 0.000020876277 0.002259841736 -0.005397817793 -0.000222487745 -0.000002308691 0.000000046270 -0.000045775007 0.000000504706
-0.038161571669 0.000493044150 -0.000051226977 0.000099840040 -0.003029989863 -0.000337800282 0.000000346177 0.000001383543 -0.000176564825

Trandens between roots 1 1
9 9
0.910775363529 0.394825352677 -0.000753825158 0.001826446917 -0.054819153576 -0.139136236361 0.000077374301 0.000140399605 0.005345959217
0.394825352677 0.926854218961 -0.000083007998 0.001062078752 -0.038068097083 -0.354466778630 0.000243582286 0.000269064327 0.027451378514
-0.000753825158 -0.000083007998 0.003522756734 -0.000001294385 0.000043310217 0.000022219350 -0.000279027841 0.000116531160 0.000038957594
0.001826446917 0.001062078752 -0.000001294385 0.003523316300 -0.000121113170 -0.000390605440 -0.000115813460 -0.000276404987 -0.000051306232
-0.054819153576 -0.038068097083 0.000043310217 -0.000121113170 0.007268226112 0.014143271153 -0.000008791758 -0.000025945410 0.001236195135
-0.139136236361 -0.354466778630 0.000022219350 -0.000390605440 0.014143271153 0.139239964731 -0.000094131848 -0.000101888944 -0.010350055057
0.000077374301 0.000243582286 -0.000279027841 -0.000115813460 -0.000008791758 -0.000094131848 0.003396651020 -0.000000366261 0.000007385226
0.000140399605 0.000269064327 0.000116531160 -0.000276404987 -0.000025945410 -0.000101888944 -0.000000366261 0.003395300351 0.000009117513
0.005345959217 0.027451378514 0.000038957594 -0.000051306232 0.001236195135 -0.010350055057 0.000007385226 0.000009117513 0.002024202263

State 0 :
Natural orbital occupations
9
1.935921533266 0.032896657513 0.010432715040 0.010431970378 0.009315416294 0.000302207399 0.000264838600 0.000264792017 0.000169869494
Natural orbitals (in MO basis)
9 9
-0.999974544420 0.000093997569 0.000002646563 -0.000003965188 0.003222474871 0.005946964360 -0.000008830611 -0.000012109185 -0.002269515413
0.000148213838 0.999709972966 0.000001491552 -0.000007753018 0.023251743878 -0.004948023064 0.000002007358 0.000000888534 -0.003849856007
0.000059166747 -0.000403455269 0.999510140491 -0.014911038551 0.017368611523 0.000174016604 -0.021218867924 -0.002221188477 0.000317373345
-0.000112966526 0.000783517541 0.015487809453 0.999088030154 -0.033535353100 -0.000370301992 -0.002238998670 0.021271196233 -0.000612506684
0.003239584280 -0.023085863705 -0.016857479293 0.033797354046 0.998709329450 0.012151596826 0.000423201352 0.001112863005 0.021464124565
-0.006060617074 -0.004903571426 -0.000023113373 -0.000019982325 0.010498434803 -0.997339749023 0.000238522379 0.002381820510 0.071670781337
0.000007641346 0.000003757078 -0.019813691920 -0.007945197322 0.000014156132 0.000459903538 -0.957745117140 0.286824629688 0.000045462450
0.000001991682 0.000011307187 0.007927437615 -0.019883684758 -0.000371211501 0.002226103107 0.286824900050 0.957739580831 -0.001753102922
-0.001909511726 0.004709796409 0.000070765404 -0.000142254154 -0.022181154772 0.071418344589 0.000527030154 0.001489283855 0.997185573021

State 1 :
Natural orbital occupations
9
1.415788894850 0.562504120153 0.004857767045 0.003768246491 0.003763929767 0.003150612796 0.003150395342 0.002992139305 0.000023894251
Natural orbitals (in MO basis)
9 9
-0.640427596419 -0.766032575140 -0.046798425103 -0.000025656629 0.000029963219 0.000011221535 0.000267776275 -0.023785711990 -0.017048797522
-0.717348259937 0.593155998953 -0.055292040040 0.000433896730 -0.000210188048 0.000118451369 -0.002956468984 0.357520438129 -0.051868818328
0.000389202075 0.000939242448 -0.014602117198 -0.773716740632 0.051179342788 0.407921341331 0.481723595981 0.000558798115 -0.008430229108
-0.001445615438 -0.001213801112 0.029717828805 -0.051613437701 -0.773230713137 0.481834507200 -0.407568373385 0.002224401578 0.016798379974
0.047004840867 0.028791424725 -0.859653572327 0.011601237139 -0.027525713186 0.009880125377 -0.021209078903 -0.156495748955 -0.481691518969
0.269662568529 -0.244613236954 -0.141052563086 0.000129378497 0.000758168955 0.001392003552 -0.006750528911 0.919927195226 -0.035163823710
-0.000177117358 0.000193266423 0.000547826287 0.597234914816 0.204688844472 0.690696198552 0.352631735978 0.001472015220 -0.000133773853
-0.000220438205 0.000137554147 0.000611725390 -0.204631646258 0.597359776273 0.352526016478 -0.690635245981 -0.005893427920 -0.000614443538
-0.018283613828 0.026326054343 -0.484515801858 -0.000099106433 0.000654973152 0.000535969104 -0.000082457969 -0.028535113949 0.873728848371

