Number of strings: 9 9, CI size = 81
String addressing array alpha: 1 9
0 1 2 3 4 5 6 7 8

Alpha strings 9 1
1
2
3
4
5
6
7
8
9

Is hamiltonian hermitian? 1
Implicit Hamiltonian constructed
E(core)= 0.000000000000
H(1,1) + E(core) energy = -0.488361567100
Davidson: iter=0 dim=0 root=0 eigenvalue=-0.488361567100
Davidson: iter=1 dim=1 root=0 eigenvalue=-0.534945443464
Davidson: iter=2 dim=2 root=0 eigenvalue=-0.552094302216
Davidson: iter=3 dim=3 root=0 eigenvalue=-0.564996258646
Davidson: iter=4 dim=4 root=0 eigenvalue=-0.569934053860
Davidson: iter=5 dim=5 root=0 eigenvalue=-0.570551881305
Davidson: iter=6 dim=6 root=0 eigenvalue=-0.570589910030
Davidson: iter=7 dim=7 root=0 eigenvalue=-0.570594470476
Davidson: iter=8 dim=8 root=0 eigenvalue=-0.570595176546
Davidson: iter=9 dim=9 root=0 eigenvalue=-0.570595257738
Davidson: iter=10 dim=10 root=0 eigenvalue=-0.570595273292
Davidson: iter=11 dim=11 root=0 eigenvalue=-0.570595273869
Davidson: iter=12 dim=12 root=0 eigenvalue=-0.570595273924
Davidson: iter=13 dim=13 root=0 eigenvalue=-0.570595273926
Davidson: iter=14 dim=14 root=0 eigenvalue=-0.570595273927
Davidson: iter=14 dim=14 root=1 eigenvalue=-0.510983060188
root no. 0 converged
Davidson: iter=15 dim=15 root=0 eigenvalue=-0.570595273927
Davidson: iter=15 dim=15 root=1 eigenvalue=-0.511213126706
Davidson: iter=16 dim=16 root=0 eigenvalue=-0.570595273927
Davidson: iter=16 dim=16 root=1 eigenvalue=-0.511228514589
Davidson: iter=17 dim=17 root=0 eigenvalue=-0.570595273927
Davidson: iter=17 dim=17 root=1 eigenvalue=-0.511229348532
Davidson: iter=18 dim=18 root=0 eigenvalue=-0.570595273927
Davidson: iter=18 dim=18 root=1 eigenvalue=-0.511229398970
Davidson: iter=19 dim=19 root=0 eigenvalue=-0.570595273927
Davidson: iter=19 dim=19 root=1 eigenvalue=-0.511229399777
Davidson: iter=20 dim=20 root=0 eigenvalue=-0.570595273927
Davidson: iter=20 dim=20 root=1 eigenvalue=-0.511229399814
Davidson: iter=21 dim=21 root=0 eigenvalue=-0.570595273927
Davidson: iter=21 dim=21 root=1 eigenvalue=-0.511229399816
Davidson: iter=22 dim=22 root=0 eigenvalue=-0.570595273927
Davidson: iter=22 dim=22 root=1 eigenvalue=-0.511229399816
root no. 1 converged
Davidson converged in 22 iterations.
E(core)= 0.000000000000
E(0)= -0.570595273927
E(1)= -0.511229399816
FCI Excitation energies = 2
0.000000000000 0.059365874110

Vacuum coefficients in CI state 0 = 0.569571217556
Vacuum coefficients in CI state 1 = 0.773143109999
Eigenvector 0 in string basis
0: 0.569571217556 seniority 0 ... 1
1
 | 1
1

1: 0.397976648556 seniority 2 ... 1
1
 | 1
2

2: -0.176933431933 seniority 2 ... 1
1
 | 1
3

9: 0.397976648560 seniority 2 ... 1
2
 | 1
1

10: -0.529449616960 seniority 0 ... 1
2
 | 1
2

11: -0.071589865015 seniority 2 ... 1
2
 | 1
3

18: -0.176933431933 seniority 2 ... 1
3
 | 1
1

19: -0.071589865014 seniority 2 ... 1
3
 | 1
2

Eigenvector 1 in string basis
0: 0.773143109999 seniority 0 ... 1
1
 | 1
1

1: -0.373805836307 seniority 2 ... 1
1
 | 1
2

2: 0.143018471488 seniority 2 ... 1
1
 | 1
3

9: -0.373805836553 seniority 2 ... 1
2
 | 1
1

10: 0.177987376650 seniority 0 ... 1
2
 | 1
2

11: -0.072747120813 seniority 2 ... 1
2
 | 1
3

18: 0.143018471500 seniority 2 ... 1
3
 | 1
1

19: -0.072747120861 seniority 2 ... 1
3
 | 1
2

20: -0.138714966308 seniority 0 ... 1
3
 | 1
3

30: -0.072287640586 seniority 0 ... 1
4
 | 1
4

40: -0.070124555612 seniority 0 ... 1
5
 | 1
5

50: -0.069726441157 seniority 0 ... 1
6
 | 1
6

Seniority vectors for all roots (nroots/seniority)
2 2
0.607340801055 0.392659198945
0.669926891582 0.504643157718

Calculating transition densities
Root 0 MO occupations numbers (density matrix diagonal)
9
1.030957851354 0.887701589442 0.077770466723 0.000324149145 0.000130380966 0.000130105303 0.002929846749 0.000051058252 0.000004552067
Root 1 MO occupations numbers (density matrix diagonal)
9
1.519769694176 0.354264686951 0.090178177086 0.010614142308 0.009858289937 0.009741412628 0.005049446933 0.000287865703 0.000236284278
Transition densities done:
Trandens between roots 0 0
9 9
1.030957851354 0.056932815593 -0.276447499700 0.004258668304 0.000038761202 -0.000028912716 0.041836388312 0.005721117237 -0.000000375448
0.056932815593 0.887701589442 -0.071862157320 0.005906490675 0.000054305266 -0.000039703763 0.035279326515 0.002709717486 0.000002311645
-0.276447499700 -0.071862157320 0.077770466723 -0.001505247561 -0.000013735228 0.000010192835 -0.013320506963 -0.001686399821 -0.000000048323
0.004258668304 0.005906490675 -0.001505247561 0.000324149145 0.000001801917 -0.000001299265 0.000393865562 -0.000004660460 0.000000058278
0.000038761202 0.000054305266 -0.000013735228 0.000001801917 0.000130380966 -0.000000859484 0.000003609169 -0.000000063029 0.000003125553
-0.000028912716 -0.000039703763 0.000010192835 -0.000001299265 -0.000000859484 0.000130105303 -0.000002660682 0.000000035244 -0.000002667561
0.041836388312 0.035279326515 -0.013320506963 0.000393865562 0.000003609169 -0.000002660682 0.002929846749 0.000319337045 0.000000075309
0.005721117237 0.002709717486 -0.001686399821 -0.000004660460 -0.000000063029 0.000000035244 0.000319337045 0.000051058252 -0.000000011832
-0.000000375448 0.000002311645 -0.000000048323 0.000000058278 0.000003125553 -0.000002667561 0.000000075309 -0.000000011832 0.000004552067

Trandens between roots 0 1
9 9
0.529302507948 -0.256896739360 0.154846086084 -0.002482062053 -0.000022125403 0.000016561834 -0.038304324213 -0.004808004345 0.000000039887
0.991131988365 -0.475783507081 0.210639837180 -0.011122286141 -0.000102571827 0.000074804478 -0.056891044027 -0.004317151394 -0.000003965222
-0.205291415587 0.099323536476 -0.053836671716 0.001366016773 0.000012397431 -0.000009159509 0.013799496774 0.001549835431 0.000000245658
0.008526570748 -0.004190189312 0.001912454597 0.001592170109 0.000004128454 -0.000002861007 -0.000495702046 -0.000145242353 -0.000000540444
0.000078218444 -0.000038455364 0.000017531493 0.000004115403 0.001133208401 -0.000024401777 -0.000004529513 -0.000001436464 0.000054827540
-0.000057429109 0.000028224160 -0.000012902944 -0.000002867874 -0.000024402456 0.001125386663 0.000003334782 0.000000967645 -0.000046785752
0.056844156962 -0.027388497500 0.013993644982 -0.000454669207 -0.000004144275 0.000003039434 -0.003577889528 -0.000352851685 -0.000000133206
0.005456571059 -0.002617107288 0.001431030414 -0.000288394635 -0.000002777040 0.000001966716 -0.000366143389 0.000013043030 -0.000000066004
0.000002375329 -0.000001170115 0.000000476248 0.000000010780 0.000032719072 -0.000027922470 -0.000000124367 -0.000000046704 0.000031752174

Trandens between roots 1 0
9 9
0.529302507948 0.991131988365 -0.205291415587 0.008526570748 0.000078218444 -0.000057429109 0.056844156962 0.005456571059 0.000002375329
-0.256896739360 -0.475783507081 0.099323536476 -0.004190189312 -0.000038455364 0.000028224160 -0.027388497500 -0.002617107288 -0.000001170115
0.154846086084 0.210639837180 -0.053836671716 0.001912454597 0.000017531493 -0.000012902944 0.013993644982 0.001431030414 0.000000476248
-0.002482062053 -0.011122286141 0.001366016773 0.001592170109 0.000004115403 -0.000002867874 -0.000454669207 -0.000288394635 0.000000010780
-0.000022125403 -0.000102571827 0.000012397431 0.000004128454 0.001133208401 -0.000024402456 -0.000004144275 -0.000002777040 0.000032719072
0.000016561834 0.000074804478 -0.000009159509 -0.000002861007 -0.000024401777 0.001125386663 0.000003039434 0.000001966716 -0.000027922470
-0.038304324213 -0.056891044027 0.013799496774 -0.000495702046 -0.000004529513 0.000003334782 -0.003577889528 -0.000366143389 -0.000000124367
-0.004808004345 -0.004317151394 0.001549835431 -0.000145242353 -0.000001436464 0.000000967645 -0.000352851685 0.000013043030 -0.000000046704
0.000000039887 -0.000003965222 0.000000245658 -0.000000540444 0.000054827540 -0.000046785752 -0.000000133206 -0.000000066004 0.000031752174

Trandens between roots 1 1
9 9
1.519769694176 -0.733682568650 0.234971094328 -0.012517765710 -0.000115303873 0.000084075018 -0.078261968784 -0.006647239807 -0.000004367274
-0.733682568650 0.354264686951 -0.112231937039 0.005489663814 0.000050489404 -0.000036864685 0.037688641436 0.003250222502 0.000001986068
0.234971094328 -0.112231937039 0.090178177086 -0.002925318327 -0.000026807297 0.000019664048 -0.018320471339 -0.001695015073 -0.000000850173
-0.012517765710 0.005489663814 -0.002925318327 0.010614142308 0.000003945697 -0.000001711226 0.000813533348 -0.000404373480 -0.000006070054
-0.000115303873 0.000050489404 -0.000026807297 0.000003945697 0.009858289937 -0.000364248527 0.000007593136 -0.000004533632 0.000517371972
0.000084075018 -0.000036864685 0.000019664048 -0.000001711226 -0.000364248527 0.009741412628 -0.000005513736 0.000002559171 -0.000441462796
-0.078261968784 0.037688641436 -0.018320471339 0.000813533348 0.000007593136 -0.000005513736 0.005049446933 0.000423424011 0.000000264524
-0.006647239807 0.003250222502 -0.001695015073 -0.000404373480 -0.000004533632 0.000002559171 0.000423424011 0.000287865703 -0.000000102940
-0.000004367274 0.000001986068 -0.000000850173 -0.000006070054 0.000517371972 -0.000441462796 0.000000264524 -0.000000102940 0.000236284278

State 0 :
Natural orbital occupations
9
1.130645966653 0.868782983789 0.000277749721 0.000131221446 0.000129372499 0.000022250192 0.000005700330 0.000004418790 0.000000336580
Natural orbitals (in MO basis)
9 9
0.916440949406 0.306034750400 0.004099468579 0.000002703085 0.000000650457 0.226424701936 -0.002166321519 0.000001343221 0.123243959493
0.299096948349 -0.951500278196 0.007180284220 0.000001300964 -0.000000585247 0.044951973814 -0.001880992225 0.000000265026 0.055789439113
-0.261643565383 -0.020102475431 -0.000436740651 0.000007648877 0.000007269690 0.907231479881 -0.011553271513 0.000011937115 0.328536007172
0.005380359570 -0.004946450407 -0.985925727183 -0.011553270184 0.000985247192 -0.005754133612 -0.166034959026 -0.000103272046 0.012722725235
0.000049124165 -0.000045619421 -0.009276232268 0.759827186665 -0.649589035826 -0.000056459315 -0.001644536043 0.024656771524 0.000117864410
-0.000036416453 0.000033148313 0.006651691170 -0.649213685917 -0.760284889418 0.000053437973 0.001166832586 -0.021044160913 -0.000091961255
0.046449368224 -0.023675340833 -0.035534182576 0.000016188885 0.000006369760 0.349708355118 0.130166381374 0.000071280237 -0.925624130214
0.005757657214 -0.000922117373 0.162753858104 -0.000075488942 0.000018722599 0.036237635999 -0.977416578751 -0.000451245513 -0.129694396189
0.000000321913 -0.000002665525 -0.000343035587 0.032415310308 -0.000017329653 0.000017807943 0.000402446171 -0.999474345542 0.000000175002

State 1 :
Natural orbital occupations
9
1.915450459481 0.053640849005 0.010533624917 0.010215077918 0.009430943403 0.000302977853 0.000230736606 0.000189925963 0.000005404853
Natural orbitals (in MO basis)
9 9
0.890506429309 0.122672848329 -0.016148563899 0.000044686423 0.000002652466 -0.097632231301 -0.041156374539 -0.000033597092 0.424809360349
-0.429823226795 -0.081775402094 -0.042345433589 0.000116593180 0.000007097194 -0.133017232810 -0.089661155336 -0.000073287584 0.883764061024
0.141545971585 -0.982611830245 0.024271319679 -0.000060316679 -0.000008420794 -0.111510939680 0.006608947543 0.000005492563 -0.037030533848
-0.007327080218 0.022652916981 0.997563579569 0.008818684776 -0.001110611554 -0.008065104316 -0.050564530547 0.000622952936 0.039985692169
-0.000067462903 0.000205482828 0.007417006344 -0.759234242814 0.648715926828 -0.000077118960 -0.000572267413 -0.051725111456 0.000362586619
0.000049210835 -0.000152290593 -0.004869365228 0.647194984485 0.761029833911 0.000048841705 0.000340532247 0.044139740544 -0.000269407364
-0.046321722041 0.109950620746 0.002784938666 -0.000019735971 0.000003671559 -0.970576941026 0.152790074221 -0.000012099366 -0.142804052467
-0.003954235483 0.011652805602 -0.046232209804 0.000172769778 -0.000057208793 -0.135111140174 -0.981998579165 0.000372167660 -0.123023402685
-0.000002551715 0.000003766630 -0.000009418387 -0.068001455334 -0.000036125571 0.000025061789 0.000346997661 0.997685152187 0.000129338777

