Number of strings: 9 9, CI size = 81
String addressing array alpha: 1 9
0 1 2 3 4 5 6 7 8

Alpha strings 9 1
1
2
3
4
5
6
7
8
9

Is hamiltonian hermitian? 1
Implicit Hamiltonian constructed
E(core)= 0.000000000000
H(1,1) + E(core) energy = -0.721663375500
Davidson: iter=0 dim=0 root=0 eigenvalue=-0.721663375500
Davidson: iter=1 dim=1 root=0 eigenvalue=-0.756508168939
Davidson: iter=2 dim=2 root=0 eigenvalue=-0.759369203811
Davidson: iter=3 dim=3 root=0 eigenvalue=-0.760063024653
Davidson: iter=4 dim=4 root=0 eigenvalue=-0.760134134980
Davidson: iter=5 dim=5 root=0 eigenvalue=-0.760138236437
Davidson: iter=6 dim=6 root=0 eigenvalue=-0.760138653359
Davidson: iter=7 dim=7 root=0 eigenvalue=-0.760138669824
Davidson: iter=8 dim=8 root=0 eigenvalue=-0.760138671455
Davidson: iter=9 dim=9 root=0 eigenvalue=-0.760138671511
Davidson: iter=10 dim=10 root=0 eigenvalue=-0.760138671517
Davidson: iter=11 dim=11 root=0 eigenvalue=-0.760138671517
Davidson: iter=11 dim=11 root=1 eigenvalue=-0.515907259150
root no. 0 converged
Davidson: iter=12 dim=12 root=0 eigenvalue=-0.760138671517
Davidson: iter=12 dim=12 root=1 eigenvalue=-0.519120281080
Davidson: iter=13 dim=13 root=0 eigenvalue=-0.760138671517
Davidson: iter=13 dim=13 root=1 eigenvalue=-0.519233851825
Davidson: iter=14 dim=14 root=0 eigenvalue=-0.760138671517
Davidson: iter=14 dim=14 root=1 eigenvalue=-0.519246365835
Davidson: iter=15 dim=15 root=0 eigenvalue=-0.760138671517
Davidson: iter=15 dim=15 root=1 eigenvalue=-0.519246528083
Davidson: iter=16 dim=16 root=0 eigenvalue=-0.760138671517
Davidson: iter=16 dim=16 root=1 eigenvalue=-0.519246559802
Davidson: iter=17 dim=17 root=0 eigenvalue=-0.760138671517
Davidson: iter=17 dim=17 root=1 eigenvalue=-0.519246562992
Davidson: iter=18 dim=18 root=0 eigenvalue=-0.760138671517
Davidson: iter=18 dim=18 root=1 eigenvalue=-0.519246563028
Davidson: iter=19 dim=19 root=0 eigenvalue=-0.760138671517
Davidson: iter=19 dim=19 root=1 eigenvalue=-0.519246563048
Davidson: iter=20 dim=20 root=0 eigenvalue=-0.760138671517
Davidson: iter=20 dim=20 root=1 eigenvalue=-0.519246563053
Davidson: iter=21 dim=21 root=0 eigenvalue=-0.760138671517
Davidson: iter=21 dim=21 root=1 eigenvalue=-0.519246563053
root no. 1 converged
Davidson converged in 21 iterations.
E(core)= 0.000000000000
E(0)= -0.760138671517
E(1)= -0.519246563053
FCI Excitation energies = 2
0.000000000000 0.240892108464

Vacuum coefficients in CI state 0 = 0.974322039902
Vacuum coefficients in CI state 1 = -0.086591444084
Eigenvector 0 in string basis
0: 0.974322039902 seniority 0 ... 1
1
 | 1
1

10: -0.190386748499 seniority 0 ... 1
2
 | 1
2

20: -0.065710274812 seniority 0 ... 1
3
 | 1
3

30: -0.065441040739 seniority 0 ... 1
4
 | 1
4

40: -0.065440940992 seniority 0 ... 1
5
 | 1
5

Eigenvector 1 in string basis
0: -0.086591444084 seniority 0 ... 1
1
 | 1
1

1: 0.602831822507 seniority 2 ... 1
1
 | 1
2

2: -0.051525817942 seniority 2 ... 1
1
 | 1
3

5: -0.222256458805 seniority 2 ... 1
1
 | 1
6

9: 0.602831821874 seniority 2 ... 1
2
 | 1
1

10: -0.351797775871 seniority 0 ... 1
2
 | 1
2

14: 0.114708846885 seniority 2 ... 1
2
 | 1
6

18: -0.051525817915 seniority 2 ... 1
3
 | 1
1

45: -0.222256458733 seniority 2 ... 1
6
 | 1
1

46: 0.114708846859 seniority 2 ... 1
6
 | 1
2

Seniority vectors for all roots (nroots/seniority)
2 2
0.998991593210 0.001008406790
0.133582914009 1.023916499391

Calculating transition densities
Root 0 MO occupations numbers (density matrix diagonal)
9
1.899584148679 0.072767046060 0.008792261800 0.008572442866 0.008572391871 0.000958759524 0.000258318254 0.000258320241 0.000236310705
Root 1 MO occupations numbers (density matrix diagonal)
9
0.847794454929 1.000807151272 0.009697127825 0.003227583901 0.003226429503 0.125949229165 0.002692535694 0.002692460660 0.003913027051
Transition densities done:
Trandens between roots 0 0
9 9
1.899584148679 0.018308683118 -0.015297577273 -0.000200404520 0.000003654768 -0.032003682081 0.000028319868 -0.000005038314 0.004420251639
0.018308683118 0.072767046060 0.000031718629 0.000000649911 -0.000000036956 -0.000245866187 0.000000084404 -0.000000044945 -0.000004403224
-0.015297577273 0.000031718629 0.008792261800 0.000002435320 -0.000000032938 -0.000031421697 -0.000004963717 0.000001740647 -0.000346303816
-0.000200404520 0.000000649911 0.000002435320 0.008572442866 0.000000003066 -0.000000511037 0.000272226571 -0.000110845246 -0.000007114729
0.000003654768 -0.000000036956 -0.000000032938 0.000000003066 0.008572391871 0.000000044864 0.000110881881 0.000272309957 -0.000000183829
-0.032003682081 -0.000245866187 -0.000031421697 -0.000000511037 0.000000044864 0.000958759524 -0.000000421843 0.000000070565 -0.000060592641
0.000028319868 0.000000084404 -0.000004963717 0.000272226571 0.000110881881 -0.000000421843 0.000258318254 0.000000000416 -0.000000080539
-0.000005038314 -0.000000044945 0.000001740647 -0.000110845246 0.000272309957 0.000000070565 0.000000000416 0.000258320241 0.000000024972
0.004420251639 -0.000004403224 -0.000346303816 -0.000007114729 -0.000000183829 -0.000060592641 -0.000000080539 0.000000024972 0.000236310705

Trandens between roots 0 1
9 9
-0.146551594043 1.162791596524 -0.101319498902 -0.001400629634 -0.000012678805 -0.431177110855 -0.000426393039 0.000105808254 -0.059830325175
-0.231368528913 0.147944402731 0.000536176480 0.000001481203 -0.000004454049 -0.048886077456 -0.000025693783 0.000006795665 -0.003584740718
0.006699216995 -0.008706312147 -0.003493532292 -0.000017410096 0.000000649082 0.002226073922 -0.000078289390 0.000029658032 -0.003352306780
0.000091456403 -0.000115131912 -0.000018040087 -0.002259287822 0.000000101916 0.000028823202 0.004302418956 -0.001754699979 -0.000071400143
0.000001095138 0.000000647344 0.000000341598 -0.000000054307 -0.002259103464 -0.000000128077 0.001754925976 0.004303164319 -0.000003261563
0.008529696333 -0.023070239866 0.001533373003 0.000021360936 0.000000328723 0.006899640266 0.000008860643 -0.000002134012 0.001280700573
0.000002684568 0.000015839372 -0.000014119708 0.000676434214 0.000275955874 -0.000005570820 -0.000047918491 -0.000000061944 -0.000001248269
-0.000000767785 -0.000002756876 0.000005073172 -0.000275922202 0.000676565988 0.000001008783 0.000000089644 -0.000047889383 0.000000319981
0.000278229276 0.002466764083 -0.000718125936 -0.000013516814 -0.000000539841 -0.000840164291 -0.000001366586 0.000000418742 -0.000184717501

Trandens between roots 1 0
9 9
-0.146551594043 -0.231368528913 0.006699216995 0.000091456403 0.000001095138 0.008529696333 0.000002684568 -0.000000767785 0.000278229276
1.162791596524 0.147944402731 -0.008706312147 -0.000115131912 0.000000647344 -0.023070239866 0.000015839372 -0.000002756876 0.002466764083
-0.101319498902 0.000536176480 -0.003493532292 -0.000018040087 0.000000341598 0.001533373003 -0.000014119708 0.000005073172 -0.000718125936
-0.001400629634 0.000001481203 -0.000017410096 -0.002259287822 -0.000000054307 0.000021360936 0.000676434214 -0.000275922202 -0.000013516814
-0.000012678805 -0.000004454049 0.000000649082 0.000000101916 -0.002259103464 0.000000328723 0.000275955874 0.000676565988 -0.000000539841
-0.431177110855 -0.048886077456 0.002226073922 0.000028823202 -0.000000128077 0.006899640266 -0.000005570820 0.000001008783 -0.000840164291
-0.000426393039 -0.000025693783 -0.000078289390 0.004302418956 0.001754925976 0.000008860643 -0.000047918491 0.000000089644 -0.000001366586
0.000105808254 0.000006795665 0.000029658032 -0.001754699979 0.004303164319 -0.000002134012 -0.000000061944 -0.000047889383 0.000000418742
-0.059830325175 -0.003584740718 -0.003352306780 -0.000071400143 -0.000003261563 0.001280700573 -0.000001248269 0.000000319981 -0.000184717501

Trandens between roots 1 1
9 9
0.847794454929 -0.579519653266 -0.006896503551 -0.000070137347 0.000018320039 0.168710703812 0.000096089430 -0.000023442096 0.013236338775
-0.579519653266 1.000807151272 -0.056221522074 -0.000790480017 -0.000017063896 -0.345097893671 -0.000310661655 0.000076884637 -0.043629490862
-0.006896503551 -0.056221522074 0.009697127825 0.000088544947 0.000000005494 0.022629447150 0.000059983007 -0.000018950108 0.005465901037
-0.000070137347 -0.000790480017 0.000088544947 0.003227583901 -0.000000022760 0.000316448716 -0.001758165942 0.000717114680 0.000086036408
0.000018320039 -0.000017063896 0.000000005494 -0.000000022760 0.003226429503 0.000005280163 -0.000717292540 -0.001758882664 0.000001722493
0.168710703812 -0.345097893671 0.022629447150 0.000316448716 0.000005280163 0.125949229165 0.000112094550 -0.000027891806 0.015721028684
0.000096089430 -0.000310661655 0.000059983007 -0.001758165942 -0.000717292540 0.000112094550 0.002692535694 -0.000000036991 0.000011297049
-0.000023442096 0.000076884637 -0.000018950108 0.000717114680 -0.001758882664 -0.000027891806 -0.000000036991 0.002692460660 -0.000002908514
0.013236338775 -0.043629490862 0.005465901037 0.000086036408 0.000001722493 0.015721028684 0.000011297049 -0.000002908514 0.003913027051

State 0 :
Natural orbital occupations
9
1.900440874848 0.072584217014 0.008689632489 0.008582798215 0.008582775987 0.000409307684 0.000247936891 0.000247935181 0.000214521692
Natural orbitals (in MO basis)
9 9
0.999772507586 -0.009976791524 -0.007598262770 -0.000026869835 -0.000005931263 -0.017095611075 -0.000007458685 -0.000004481214 -0.002324297344
0.010017319749 0.999945285395 0.002802800387 0.000013535129 0.000003301913 0.000945500257 0.000000336642 0.000000633863 0.000574164676
-0.008085040970 0.002892885338 -0.998631017914 0.009328185269 0.001680579200 -0.035591007807 0.000440810271 0.000203832255 0.036132510319
-0.000105914187 0.000041553262 -0.009459343984 -0.984731377587 -0.170201574958 -0.000481265862 -0.032084286137 -0.014695423167 0.000676201646
0.000001931202 -0.000001150236 0.000066831274 -0.170209808784 0.984775441325 0.000011782531 0.014698134346 -0.032092232611 -0.000000112686
-0.016846039820 0.001024662549 0.035137482266 0.000137385971 0.000034570193 -0.999097344700 -0.000073635814 0.000003792368 -0.016881607037
0.000014910516 -0.000002788689 0.000255775577 -0.034475472778 0.007550263361 -0.000095286846 0.684583418906 0.728073131124 0.003069016783
-0.000002652669 0.000000075979 -0.000074720201 0.007546340342 0.034480711284 0.000064917671 -0.728075354819 0.684587552344 -0.000533266280
0.002327656410 -0.000685121573 0.036692008033 0.000441240688 0.000050301864 -0.015632563405 -0.002486745342 -0.001868280720 0.999196457426

State 1 :
Natural orbital occupations
9
1.604838066556 0.373827404928 0.005047604890 0.004877645710 0.004877565865 0.004160375779 0.001041247849 0.001041236746 0.000288851677
Natural orbitals (in MO basis)
9 9
-0.622835912154 -0.776139674361 -0.096615964747 -0.000045811258 0.000346178249 -0.006796380905 -0.000011933316 -0.000012060257 -0.017368786702
0.742015037927 -0.558400775599 -0.286984895447 -0.000165834027 0.001299392409 -0.232859810054 0.000019397475 0.000071469804 0.031882825196
-0.027029844569 0.118037857692 -0.702574525853 0.004387595396 -0.006771211513 0.419756066667 -0.006338102085 -0.007128420900 -0.561581913484
-0.000390089607 0.001600825520 -0.006883076319 -0.341449010569 0.673002501376 0.006475916452 0.431568626660 0.494035229020 -0.008117280795
-0.000015832210 -0.000008937002 0.001065597614 0.673043201329 0.341476972556 0.000180595409 -0.494081219459 0.431611984235 0.000039479689
-0.244911481050 0.263167937907 -0.500066342766 -0.000393597368 0.002696242296 -0.780186368241 0.000019887864 0.000050850006 0.109528347606
-0.000199142820 0.000359015285 -0.004913351110 0.053924280042 -0.653816260214 0.001652754975 0.245111705929 0.713788565606 0.003945118535
0.000049198119 -0.000089724407 0.000777693816 -0.653832079493 -0.053929908631 -0.000529783072 -0.713798489601 0.245122786528 -0.000903659302
-0.027868790360 0.051017454251 -0.405653122177 -0.001330662152 0.004695306429 0.400997769318 -0.002016052828 -0.003188802854 0.819285563072

