Number of strings: 9 9, CI size = 81
String addressing array alpha: 1 9
0 1 2 3 4 5 6 7 8

Alpha strings 9 1
1
2
3
4
5
6
7
8
9

Is hamiltonian hermitian? 1
Implicit Hamiltonian constructed
E(core)= 0.000000000000
H(1,1) + E(core) energy = -0.613182929300
Davidson: iter=0 dim=0 root=0 eigenvalue=-0.613182929300
Davidson: iter=1 dim=1 root=0 eigenvalue=-0.653898435289
Davidson: iter=2 dim=2 root=0 eigenvalue=-0.657975052487
Davidson: iter=3 dim=3 root=0 eigenvalue=-0.659793706118
Davidson: iter=4 dim=4 root=0 eigenvalue=-0.660060545357
Davidson: iter=5 dim=5 root=0 eigenvalue=-0.660089414747
Davidson: iter=6 dim=6 root=0 eigenvalue=-0.660092919882
Davidson: iter=7 dim=7 root=0 eigenvalue=-0.660093103160
Davidson: iter=8 dim=8 root=0 eigenvalue=-0.660093105857
Davidson: iter=9 dim=9 root=0 eigenvalue=-0.660093106098
Davidson: iter=10 dim=10 root=0 eigenvalue=-0.660093106121
Davidson: iter=11 dim=11 root=0 eigenvalue=-0.660093106123
Davidson: iter=12 dim=12 root=0 eigenvalue=-0.660093106123
Davidson: iter=12 dim=12 root=1 eigenvalue=-0.532399880729
root no. 0 converged
Davidson: iter=13 dim=13 root=0 eigenvalue=-0.660093106123
Davidson: iter=13 dim=13 root=1 eigenvalue=-0.532789159576
Davidson: iter=14 dim=14 root=0 eigenvalue=-0.660093106123
Davidson: iter=14 dim=14 root=1 eigenvalue=-0.532813327110
Davidson: iter=15 dim=15 root=0 eigenvalue=-0.660093106123
Davidson: iter=15 dim=15 root=1 eigenvalue=-0.532814900511
Davidson: iter=16 dim=16 root=0 eigenvalue=-0.660093106123
Davidson: iter=16 dim=16 root=1 eigenvalue=-0.532815024706
Davidson: iter=17 dim=17 root=0 eigenvalue=-0.660093106123
Davidson: iter=17 dim=17 root=1 eigenvalue=-0.532815040993
Davidson: iter=18 dim=18 root=0 eigenvalue=-0.660093106123
Davidson: iter=18 dim=18 root=1 eigenvalue=-0.532815041013
Davidson: iter=19 dim=19 root=0 eigenvalue=-0.660093106123
Davidson: iter=19 dim=19 root=1 eigenvalue=-0.532815041014
Davidson: iter=20 dim=20 root=0 eigenvalue=-0.660093106123
Davidson: iter=20 dim=20 root=1 eigenvalue=-0.532815041014
root no. 1 converged
Davidson converged in 20 iterations.
E(core)= 0.000000000000
E(0)= -0.660093106123
E(1)= -0.532815041014
FCI Excitation energies = 2
0.000000000000 0.127278065108

Vacuum coefficients in CI state 0 = -0.939817238561
Vacuum coefficients in CI state 1 = -0.240716648160
Eigenvector 0 in string basis
0: -0.939817238561 seniority 0 ... 1
1
 | 1
1

1: -0.070077788392 seniority 2 ... 1
1
 | 1
2

9: -0.070077788392 seniority 2 ... 1
2
 | 1
1

10: 0.303284563789 seniority 0 ... 1
2
 | 1
2

20: 0.054663951820 seniority 0 ... 1
3
 | 1
3

30: 0.053747646943 seniority 0 ... 1
4
 | 1
4

40: 0.053747256880 seniority 0 ... 1
5
 | 1
5

Eigenvector 1 in string basis
0: -0.240716648160 seniority 0 ... 1
1
 | 1
1

1: 0.547764844067 seniority 2 ... 1
1
 | 1
2

2: 0.067921831719 seniority 2 ... 1
1
 | 1
3

5: 0.217732721592 seniority 2 ... 1
1
 | 1
6

9: 0.547764844064 seniority 2 ... 1
2
 | 1
1

10: -0.445831980516 seniority 0 ... 1
2
 | 1
2

14: -0.114588454987 seniority 2 ... 1
2
 | 1
6

18: 0.067921831719 seniority 2 ... 1
3
 | 1
1

20: 0.055084455423 seniority 0 ... 1
3
 | 1
3

45: 0.217732721592 seniority 2 ... 1
6
 | 1
1

46: -0.114588454986 seniority 2 ... 1
6
 | 1
2

Seniority vectors for all roots (nroots/seniority)
2 2
0.984448214406 0.015551785594
0.266767575666 0.854276832334

Calculating transition densities
Root 0 MO occupations numbers (density matrix diagonal)
9
1.781855127349 0.193831686949 0.006757631374 0.005811744118 0.005811653477 0.005342031749 0.000199550480 0.000199576346 0.000190998159
Root 1 MO occupations numbers (density matrix diagonal)
9
0.820079511073 1.024451610640 0.016623407712 0.005570919710 0.005571034786 0.125044876224 0.000883664044 0.000883792223 0.000891183588
Transition densities done:
Trandens between roots 0 0
9 9
1.781855127349 0.089704759729 0.033389248217 -0.000132616400 -0.000039533959 0.091806238309 0.000083966821 0.000018267582 -0.004170465431
0.089704759729 0.193831686949 0.000611681519 -0.000001638735 -0.000000923286 0.004416906488 0.000006588602 0.000001181518 -0.000284118386
0.033389248217 0.000611681519 0.006757631374 -0.000003599285 -0.000000997767 0.001037058760 0.000013075452 0.000002465571 -0.000573538787
-0.000132616400 -0.000001638735 -0.000003599285 0.005811744118 0.000000020960 -0.000003990836 0.000501624021 -0.000132936262 0.000011917487
-0.000039533959 -0.000000923286 -0.000000997767 0.000000020960 0.005811653477 -0.000001101197 0.000132844630 0.000501791957 0.000005425789
0.091806238309 0.004416906488 0.001037058760 -0.000003990836 -0.000001101197 0.005342031749 0.000003076214 0.000000676839 -0.000148043745
0.000083966821 0.000006588602 0.000013075452 0.000501624021 0.000132844630 0.000003076214 0.000199550480 0.000000000309 0.000000157271
0.000018267582 0.000001181518 0.000002465571 -0.000132936262 0.000501791957 0.000000676839 0.000000000309 0.000199576346 0.000000018436
-0.004170465431 -0.000284118386 -0.000573538787 0.000011917487 0.000005425789 -0.000148043745 0.000000157271 0.000000018436 0.000190998159

Trandens between roots 0 1
9 9
0.351803205382 -0.955247116713 -0.128336223023 0.000521256886 0.000171781405 -0.397830692017 0.000205061242 0.000052382837 -0.009510511467
0.363895675439 -0.346202775200 -0.019948718449 0.000081854693 0.000030625185 -0.100420632597 0.000053120804 0.000013648013 -0.002600214257
0.010674522597 -0.018075801487 0.003377082917 0.000006660823 0.000002221062 -0.006625894117 -0.000041402308 -0.000007014213 0.001634299762
-0.000041299536 0.000070697777 0.000006414020 0.005160606203 -0.000000037852 0.000026100480 -0.001841647562 0.000488734840 -0.000039080676
-0.000013708157 0.000022358911 0.000001906401 0.000000059092 0.005160609092 0.000008129114 -0.000488347632 -0.001842357368 -0.000018357989
0.024803509261 -0.053447201308 -0.006849500279 0.000027970839 0.000009302997 -0.019416941826 0.000017484435 0.000004150736 -0.000835892529
0.000024634320 -0.000049045320 -0.000004410876 0.000069455629 0.000018290629 -0.000017778113 0.000028863234 0.000000049343 -0.000000666196
0.000004855506 -0.000010232445 -0.000000913669 -0.000018273200 0.000069421096 -0.000003754924 -0.000000047170 0.000028803764 -0.000000106357
-0.001176351355 0.002375256917 0.000193169138 0.000001117228 0.000000595589 0.000863711575 -0.000000699957 -0.000000135270 0.000060546435

Trandens between roots 1 0
9 9
0.351803205382 0.363895675439 0.010674522597 -0.000041299536 -0.000013708157 0.024803509261 0.000024634320 0.000004855506 -0.001176351355
-0.955247116713 -0.346202775200 -0.018075801487 0.000070697777 0.000022358911 -0.053447201308 -0.000049045320 -0.000010232445 0.002375256917
-0.128336223023 -0.019948718449 0.003377082917 0.000006414020 0.000001906401 -0.006849500279 -0.000004410876 -0.000000913669 0.000193169138
0.000521256886 0.000081854693 0.000006660823 0.005160606203 0.000000059092 0.000027970839 0.000069455629 -0.000018273200 0.000001117228
0.000171781405 0.000030625185 0.000002221062 -0.000000037852 0.005160609092 0.000009302997 0.000018290629 0.000069421096 0.000000595589
-0.397830692017 -0.100420632597 -0.006625894117 0.000026100480 0.000008129114 -0.019416941826 -0.000017778113 -0.000003754924 0.000863711575
0.000205061242 0.000053120804 -0.000041402308 -0.001841647562 -0.000488347632 0.000017484435 0.000028863234 -0.000000047170 -0.000000699957
0.000052382837 0.000013648013 -0.000007014213 0.000488734840 -0.001842357368 0.000004150736 0.000000049343 0.000028803764 -0.000000135270
-0.009510511467 -0.002600214257 0.001634299762 -0.000039080676 -0.000018357989 -0.000835892529 -0.000000666196 -0.000000106357 0.000060546435

Trandens between roots 1 1
9 9
0.820079511073 -0.804313441172 -0.038551349364 0.000158120379 0.000060503454 -0.210306666994 0.000120933478 0.000031543899 -0.005962113572
-0.804313441172 1.024451610640 0.084812650258 -0.000345736906 -0.000120253426 0.330563684986 -0.000191030509 -0.000048731662 0.009164403864
-0.038551349364 0.084812650258 0.016623407712 -0.000045238390 -0.000014945262 0.035256423276 -0.000068310163 -0.000013400290 0.002858839728
0.000158120379 -0.000345736906 -0.000045238390 0.005570919710 0.000000005358 -0.000143596622 -0.002123821463 0.000563621416 -0.000049363564
0.000060503454 -0.000120253426 -0.000014945262 0.000000005358 0.005571034786 -0.000048581627 -0.000563138039 -0.002124695283 -0.000022682971
-0.210306666994 0.330563684986 0.035256423276 -0.000143596622 -0.000048581627 0.125044876224 -0.000058343289 -0.000015172913 0.002730242734
0.000120933478 -0.000191030509 -0.000068310163 -0.002123821463 -0.000563138039 -0.000058343289 0.000883664044 0.000000003808 -0.000001353621
0.000031543899 -0.000048731662 -0.000013400290 0.000563621416 -0.002124695283 -0.000015172913 0.000000003808 0.000883792223 -0.000000295519
-0.005962113572 0.009164403864 0.002858839728 -0.000049363564 -0.000022682971 0.002730242734 -0.000001353621 -0.000000295519 0.000891183588

State 0 :
Natural orbital occupations
9
1.792269166091 0.188792215672 0.006249652245 0.005859339470 0.005859261426 0.000526599993 0.000151963817 0.000151948243 0.000139853043
Natural orbitals (in MO basis)
9 9
0.996925027824 0.055848158044 -0.012779836296 0.000001729785 0.000001096126 -0.053419846432 -0.000002024378 -0.000013745610 0.002113702052
0.056097225684 -0.998407516776 0.005629265015 -0.000005748920 0.000000984277 0.001783709052 -0.000000696011 -0.000008708090 0.000813241734
0.018692405327 0.006910640348 0.989046848690 0.003869305446 0.000135883051 0.122601762853 -0.000084822048 -0.000769506248 0.079639101903
-0.000074213032 -0.000031766603 -0.003710222272 0.973158088666 -0.211206555182 -0.000515462165 0.024363877414 -0.088015677564 -0.000854122609
-0.000022133578 -0.000007091674 -0.000938222181 0.211204497923 0.973164611855 -0.000172572713 -0.088027198512 -0.024361704343 -0.000327706778
0.051368319953 0.003949122475 -0.121775286726 0.000063349809 0.000041912270 0.990891487047 0.000014521556 0.000136842367 -0.025505212637
0.000047118775 -0.000009560539 0.001574013858 0.091216835788 0.004123093562 -0.000310361486 -0.011076635680 0.995662453247 -0.013910433068
0.000010243610 -0.000000737279 0.000355409429 -0.004130492696 0.091242458311 -0.000056782783 0.995754065227 0.011034104178 -0.003116619075
-0.002339131333 0.000244985362 -0.082127023286 0.001856568406 0.000472186043 0.015672013333 0.002959073314 0.013916338315 0.996392451847

State 1 :
Natural orbital occupations
9
1.826521606386 0.150567676551 0.006440603033 0.006440097111 0.005879760921 0.004103083860 0.000018721303 0.000014240042 0.000014210792
Natural orbitals (in MO basis)
9 9
0.636908144581 0.723633394203 0.000020334737 -0.000112554936 0.088060627096 0.250633368332 0.011439319505 0.000301327545 0.000069879011
-0.736142609278 0.472923897015 -0.000008567283 -0.000073697326 0.081798627463 0.477068643190 -0.012305528107 -0.000317083452 -0.000092732166
-0.052412918416 0.211443024291 -0.000567110432 0.005241970900 -0.902200425871 -0.144638794789 -0.342799766956 -0.010680879192 -0.002276572637
0.000213977140 -0.000856391603 0.213774123535 0.904975461906 0.005082039242 0.000486107850 0.009849615615 -0.356431585347 0.090292330115
0.000076150576 -0.000264704425 -0.904978815089 0.213772085221 0.001827719440 0.000081071917 0.004924495067 -0.090176343581 -0.356588548930
-0.222837534251 0.455886777636 0.000133781111 -0.000402929543 0.203701763142 -0.827395606590 0.128143341129 0.003350669700 0.000811222404
0.000128032873 -0.000280070292 0.010013481348 -0.367630631071 0.006691976734 -0.001191511323 0.006100809555 -0.929813231784 -0.010549233526
0.000032869662 -0.000066103525 0.367710577757 0.010042536218 0.001376744872 -0.000238360194 0.001822629141 0.010560917699 -0.929823244397
-0.006190672488 0.012486216299 0.001513124113 -0.006333781003 -0.360580709538 0.063897059501 0.930388903853 0.005922291299 0.001869598615

