Number of strings: 9 9, CI size = 81
String addressing array alpha: 1 9
0 1 2 3 4 5 6 7 8

Alpha strings 9 1
1
2
3
4
5
6
7
8
9

Is hamiltonian hermitian? 1
Implicit Hamiltonian constructed
E(core)= 0.000000000000
H(1,1) + E(core) energy = -0.613182929100
Davidson: iter=0 dim=0 root=0 eigenvalue=-0.613182929100
Davidson: iter=1 dim=1 root=0 eigenvalue=-0.653891025542
Davidson: iter=2 dim=2 root=0 eigenvalue=-0.657973214503
Davidson: iter=3 dim=3 root=0 eigenvalue=-0.659792588174
Davidson: iter=4 dim=4 root=0 eigenvalue=-0.660060239299
Davidson: iter=5 dim=5 root=0 eigenvalue=-0.660089157798
Davidson: iter=6 dim=6 root=0 eigenvalue=-0.660092637029
Davidson: iter=7 dim=7 root=0 eigenvalue=-0.660092818494
Davidson: iter=8 dim=8 root=0 eigenvalue=-0.660092821077
Davidson: iter=9 dim=9 root=0 eigenvalue=-0.660092821301
Davidson: iter=10 dim=10 root=0 eigenvalue=-0.660092821323
Davidson: iter=11 dim=11 root=0 eigenvalue=-0.660092821324
Davidson: iter=12 dim=12 root=0 eigenvalue=-0.660092821324
Davidson: iter=12 dim=12 root=1 eigenvalue=-0.532389289178
root no. 0 converged
Davidson: iter=13 dim=13 root=0 eigenvalue=-0.660092821324
Davidson: iter=13 dim=13 root=1 eigenvalue=-0.532778356228
Davidson: iter=14 dim=14 root=0 eigenvalue=-0.660092821324
Davidson: iter=14 dim=14 root=1 eigenvalue=-0.532802386780
Davidson: iter=15 dim=15 root=0 eigenvalue=-0.660092821324
Davidson: iter=15 dim=15 root=1 eigenvalue=-0.532803970369
Davidson: iter=16 dim=16 root=0 eigenvalue=-0.660092821324
Davidson: iter=16 dim=16 root=1 eigenvalue=-0.532804115514
Davidson: iter=17 dim=17 root=0 eigenvalue=-0.660092821324
Davidson: iter=17 dim=17 root=1 eigenvalue=-0.532804130606
Davidson: iter=18 dim=18 root=0 eigenvalue=-0.660092821324
Davidson: iter=18 dim=18 root=1 eigenvalue=-0.532804130650
Davidson: iter=19 dim=19 root=0 eigenvalue=-0.660092821324
Davidson: iter=19 dim=19 root=1 eigenvalue=-0.532804130652
Davidson: iter=20 dim=20 root=0 eigenvalue=-0.660092821324
Davidson: iter=20 dim=20 root=1 eigenvalue=-0.532804130652
root no. 1 converged
Davidson converged in 20 iterations.
E(core)= 0.000000000000
E(0)= -0.660092821324
E(1)= -0.532804130652
FCI Excitation energies = 2
0.000000000000 0.127288690672

Vacuum coefficients in CI state 0 = -0.939821334076
Vacuum coefficients in CI state 1 = -0.240699869635
Eigenvector 0 in string basis
0: -0.939821334076 seniority 0 ... 1
1
 | 1
1

1: -0.070067781561 seniority 2 ... 1
1
 | 1
2

9: -0.070067781561 seniority 2 ... 1
2
 | 1
1

10: 0.303277944798 seniority 0 ... 1
2
 | 1
2

20: 0.054666513848 seniority 0 ... 1
3
 | 1
3

30: 0.053747843557 seniority 0 ... 1
4
 | 1
4

40: 0.053748445372 seniority 0 ... 1
5
 | 1
5

Eigenvector 1 in string basis
0: -0.240699869635 seniority 0 ... 1
1
 | 1
1

1: 0.547769116481 seniority 2 ... 1
1
 | 1
2

2: -0.067910396402 seniority 2 ... 1
1
 | 1
3

5: 0.217729013394 seniority 2 ... 1
1
 | 1
6

9: 0.547769116467 seniority 2 ... 1
2
 | 1
1

10: -0.445837740018 seniority 0 ... 1
2
 | 1
2

14: -0.114588726665 seniority 2 ... 1
2
 | 1
6

18: -0.067910396402 seniority 2 ... 1
3
 | 1
1

20: 0.055078459841 seniority 0 ... 1
3
 | 1
3

45: 0.217729013393 seniority 2 ... 1
6
 | 1
1

46: -0.114588726664 seniority 2 ... 1
6
 | 1
2

Seniority vectors for all roots (nroots/seniority)
2 2
0.984452291208 0.015547708792
0.266758460178 0.854305678522

Calculating transition densities
Root 0 MO occupations numbers (density matrix diagonal)
9
1.781866599297 0.193820812361 0.006757782878 0.005811811402 0.005811886776 0.005341085893 0.000199532348 0.000199525319 0.000190963725
Root 1 MO occupations numbers (density matrix diagonal)
9
0.820066611991 1.024471142356 0.016619047765 0.005571877291 0.005571369452 0.125041317417 0.000883591344 0.000883679378 0.000891363007
Transition densities done:
Trandens between roots 0 0
9 9
1.781866599297 0.089693287427 -0.033381652486 -0.000212239788 0.000075683310 0.091798277274 0.000050468138 -0.000120233655 -0.004170155356
0.089693287427 0.193820812361 -0.000612408918 -0.000004867736 0.000002082249 0.004415909550 0.000003259438 -0.000008843130 -0.000284887597
-0.033381652486 -0.000612408918 0.006757782878 0.000005493510 -0.000001877757 -0.001036845376 -0.000009614227 0.000015525207 0.000573131144
-0.000212239788 -0.000004867736 0.000005493510 0.005811811402 -0.000000038185 -0.000006360661 0.000436343870 0.000281238404 0.000001780061
0.000075683310 0.000002082249 -0.000001877757 -0.000000038185 0.005811886776 0.000002067820 -0.000280920817 0.000435975948 -0.000016830942
0.091798277274 0.004415909550 -0.001036845376 -0.000006360661 0.000002067820 0.005341085893 0.000001933681 -0.000004314377 -0.000148088813
0.000050468138 0.000003259438 -0.000009614227 0.000436343870 -0.000280920817 0.000001933681 0.000199532348 0.000000022374 0.000000180747
-0.000120233655 -0.000008843130 0.000015525207 0.000281238404 0.000435975948 -0.000004314377 0.000000022374 0.000199525319 -0.000000076232
-0.004170155356 -0.000284887597 0.000573131144 0.000001780061 -0.000016830942 -0.000148088813 0.000000180747 -0.000000076232 0.000190963725

Trandens between roots 0 1
9 9
0.351787128439 -0.955268931728 0.128315232152 0.000837532345 -0.000358624783 -0.397827062987 0.000164988053 -0.000307243545 -0.009501106343
0.363884629538 -0.346190294641 0.019943333075 0.000136797850 -0.000067829390 -0.100414240284 0.000041573489 -0.000080661516 -0.002596578688
-0.010674882435 0.018074061375 0.003377671216 -0.000011700930 0.000004469807 0.006624355688 0.000032556785 -0.000043463771 -0.001634624372
-0.000069571720 0.000117047217 -0.000011471290 0.005160974161 0.000000106831 0.000043213337 -0.001601624194 -0.001032681965 -0.000000740194
0.000028513366 -0.000044419785 0.000003350153 0.000000021930 0.005161068250 -0.000015713164 0.001032213269 -0.001601003191 0.000058114475
0.024800982112 -0.053443693286 0.006847507490 0.000045044580 -0.000019420699 -0.019414914553 0.000012722691 -0.000025643426 -0.000835179074
0.000012884374 -0.000028097657 0.000002700404 0.000060517243 -0.000038772971 -0.000010318402 0.000028864345 -0.000000089588 -0.000000543513
-0.000034489067 0.000069283465 -0.000006038012 0.000038857028 0.000060347346 0.000025211891 -0.000000013879 0.000028887625 0.000000634220
-0.001177520839 0.002376403688 -0.000193513515 -0.000001083316 -0.000002138409 0.000864002321 -0.000000683974 0.000000722564 0.000060615159

Trandens between roots 1 0
9 9
0.351787128439 0.363884629538 -0.010674882435 -0.000069571720 0.000028513366 0.024800982112 0.000012884374 -0.000034489067 -0.001177520839
-0.955268931728 -0.346190294641 0.018074061375 0.000117047217 -0.000044419785 -0.053443693286 -0.000028097657 0.000069283465 0.002376403688
0.128315232152 0.019943333075 0.003377671216 -0.000011471290 0.000003350153 0.006847507490 0.000002700404 -0.000006038012 -0.000193513515
0.000837532345 0.000136797850 -0.000011700930 0.005160974161 0.000000021930 0.000045044580 0.000060517243 0.000038857028 -0.000001083316
-0.000358624783 -0.000067829390 0.000004469807 0.000000106831 0.005161068250 -0.000019420699 -0.000038772971 0.000060347346 -0.000002138409
-0.397827062987 -0.100414240284 0.006624355688 0.000043213337 -0.000015713164 -0.019414914553 -0.000010318402 0.000025211891 0.000864002321
0.000164988053 0.000041573489 0.000032556785 -0.001601624194 0.001032213269 0.000012722691 0.000028864345 -0.000000013879 -0.000000683974
-0.000307243545 -0.000080661516 -0.000043463771 -0.001032681965 -0.001601003191 -0.000025643426 -0.000000089588 0.000028887625 0.000000722564
-0.009501106343 -0.002596578688 -0.001634624372 -0.000000740194 0.000058114475 -0.000835179074 -0.000000543513 0.000000634220 0.000060615159

Trandens between roots 1 1
9 9
0.820066611991 -0.804305725535 0.038542649672 0.000267540365 -0.000135087831 -0.210300412733 0.000095665735 -0.000184898073 -0.005953482279
-0.804305725535 1.024471142356 -0.084798799464 -0.000565547203 0.000257683589 0.330563583693 -0.000150162626 0.000287813281 0.009153940296
0.038542649672 -0.084798799464 0.016619047765 0.000073163614 -0.000031132958 -0.035249932168 0.000054093079 -0.000081240719 -0.002857820875
0.000267540365 -0.000565547203 0.000073163614 0.005571877291 -0.000000098638 -0.000231784240 -0.001847082962 -0.001191218509 -0.000007398634
-0.000135087831 0.000257683589 -0.000031132958 -0.000000098638 0.005571369452 0.000103015065 0.001190375001 -0.001846373564 0.000070376021
-0.210300412733 0.330563583693 -0.035249932168 -0.000231784240 0.000103015065 0.125041317417 -0.000047616522 0.000088128685 0.002727088914
0.000095665735 -0.000150162626 0.000054093079 -0.001847082962 0.001190375001 -0.000047616522 0.000883591344 -0.000000107490 -0.000001418645
-0.000184898073 0.000287813281 -0.000081240719 -0.001191218509 -0.001846373564 0.000088128685 -0.000000107490 0.000883679378 0.000001521634
-0.005953482279 0.009153940296 -0.002857820875 -0.000007398634 0.000070376021 0.002727088914 -0.000001418645 0.000001521634 0.000891363007

State 0 :
Natural orbital occupations
9
1.792278166712 0.188782679685 0.006249977588 0.005859467167 0.005859383621 0.000526592603 0.000151936722 0.000151934202 0.000139861699
Natural orbitals (in MO basis)
9 9
0.996925788371 0.055840515343 -0.012779547365 -0.000005985619 0.000006974757 -0.053413671894 -0.000008909769 0.000016086833 0.002114646130
0.056089379175 -0.998407996689 0.005622192204 -0.000000801536 0.000000492736 0.001782501404 -0.000006944212 0.000007721807 0.000816839304
-0.018688097226 -0.006903263071 -0.989050428191 0.003402859532 -0.004605205171 -0.122531987345 -0.000061645707 -0.000900915517 -0.079590575674
-0.000118838233 -0.000038542260 -0.005380188488 -0.322253328107 0.942221153759 -0.000837879279 0.086718253933 0.028672495419 -0.000508228189
0.000042380174 0.000011856270 0.001700771976 0.942234109375 0.322267463976 0.000338864119 0.028667629183 -0.086676749750 0.000929242240
0.051363576695 0.003948420839 -0.121708381935 -0.000170198826 0.000113840589 0.990900127648 0.000125179240 -0.000147431006 -0.025497459156
0.000028297093 -0.000002026590 0.000959713985 -0.071615486360 0.056652907758 -0.000164185703 -0.625488369413 -0.774821399027 -0.008764740800
-0.000067456047 0.000010527150 -0.002331833315 0.056575542561 0.071630443326 0.000427439477 -0.774802544694 0.625250692957 0.020130833404
-0.002338966872 0.000249369221 -0.082056059094 -0.002548978997 -0.001133922003 0.015672425354 0.010168989108 -0.019431055607 0.996256436849

State 1 :
Natural orbital occupations
9
1.826515989633 0.150572557866 0.006440774470 0.006440554178 0.005879665746 0.004103248937 0.000018710592 0.000014253232 0.000014245347
Natural orbitals (in MO basis)
9 9
0.636901130278 0.723647981900 0.000188179465 0.000045461015 0.088075623694 0.250603570472 -0.011436291637 -0.000293599634 0.000413612752
-0.736149901803 0.472937374401 0.000091293806 -0.000043876848 0.081838393754 0.477037542337 0.012282358254 0.000385001992 -0.000455706408
0.052403617430 -0.211403939458 -0.000057229513 0.006421890931 0.902184476384 0.144523904706 -0.342692487839 -0.011491073287 0.011261299104
0.000352728221 -0.001346011788 0.668620667044 -0.646266511918 0.004327739847 0.000981261388 0.002471198304 0.225223462231 0.290745001751
-0.000164901071 0.000534730816 0.646276899516 0.668596697431 -0.004850240721 0.000011474172 0.016436072505 -0.290547491555 0.224928428422
-0.222835598275 0.455866310251 0.000864509587 0.000336689637 0.203566824444 -0.827439987625 -0.128061423845 -0.003419344634 0.004640824597
0.000100829787 -0.000212617452 -0.083801140549 0.358096957014 0.004401607856 -0.000724031578 -0.001087872418 0.876954881134 0.309310422493
-0.000193717076 0.000402843185 -0.358037594386 -0.083712005659 -0.008973996668 0.001617125140 0.014453700997 -0.309242230318 0.876857096175
-0.006183044955 0.012482570784 0.007630740781 0.005963489630 -0.360592178841 0.063912746732 -0.930265629362 -0.005652923568 0.013210170919

