Number of strings: 9 9, CI size = 81
String addressing array alpha: 1 9
0 1 2 3 4 5 6 7 8

Alpha strings 9 1
1
2
3
4
5
6
7
8
9

Is hamiltonian hermitian? 1
Implicit Hamiltonian constructed
E(core)= 0.000000000000
H(1,1) + E(core) energy = -0.801055964800
Davidson: iter=0 dim=0 root=0 eigenvalue=-0.801055964800
Davidson: iter=1 dim=1 root=0 eigenvalue=-0.833567776696
Davidson: iter=2 dim=2 root=0 eigenvalue=-0.836215720224
Davidson: iter=3 dim=3 root=0 eigenvalue=-0.836671541115
Davidson: iter=4 dim=4 root=0 eigenvalue=-0.836714798254
Davidson: iter=5 dim=5 root=0 eigenvalue=-0.836717148602
Davidson: iter=6 dim=6 root=0 eigenvalue=-0.836717415639
Davidson: iter=7 dim=7 root=0 eigenvalue=-0.836717424505
Davidson: iter=8 dim=8 root=0 eigenvalue=-0.836717425385
Davidson: iter=9 dim=9 root=0 eigenvalue=-0.836717425410
Davidson: iter=10 dim=10 root=0 eigenvalue=-0.836717425412
Davidson: iter=11 dim=11 root=0 eigenvalue=-0.836717425412
Davidson: iter=11 dim=11 root=1 eigenvalue=-0.509658243462
root no. 0 converged
Davidson: iter=12 dim=12 root=0 eigenvalue=-0.836717425412
Davidson: iter=12 dim=12 root=1 eigenvalue=-0.517067005925
Davidson: iter=13 dim=13 root=0 eigenvalue=-0.836717425412
Davidson: iter=13 dim=13 root=1 eigenvalue=-0.517649348598
Davidson: iter=14 dim=14 root=0 eigenvalue=-0.836717425412
Davidson: iter=14 dim=14 root=1 eigenvalue=-0.517688591793
Davidson: iter=15 dim=15 root=0 eigenvalue=-0.836717425412
Davidson: iter=15 dim=15 root=1 eigenvalue=-0.517694189194
Davidson: iter=16 dim=16 root=0 eigenvalue=-0.836717425412
Davidson: iter=16 dim=16 root=1 eigenvalue=-0.517695018688
Davidson: iter=17 dim=17 root=0 eigenvalue=-0.836717425412
Davidson: iter=17 dim=17 root=1 eigenvalue=-0.517695020445
Davidson: iter=18 dim=18 root=0 eigenvalue=-0.836717425412
Davidson: iter=18 dim=18 root=1 eigenvalue=-0.517695020667
Davidson: iter=19 dim=19 root=0 eigenvalue=-0.836717425412
Davidson: iter=19 dim=19 root=1 eigenvalue=-0.517695020874
Davidson: iter=20 dim=20 root=0 eigenvalue=-0.836717425412
Davidson: iter=20 dim=20 root=1 eigenvalue=-0.517695020951
Davidson: iter=21 dim=21 root=0 eigenvalue=-0.836717425412
Davidson: iter=21 dim=21 root=1 eigenvalue=-0.517695020969
Davidson: iter=22 dim=22 root=0 eigenvalue=-0.836717425412
Davidson: iter=22 dim=22 root=1 eigenvalue=-0.517695020970
Davidson: iter=23 dim=23 root=0 eigenvalue=-0.836717425412
Davidson: iter=23 dim=23 root=1 eigenvalue=-0.517695020970
root no. 1 converged
Davidson converged in 23 iterations.
E(core)= 0.000000000000
E(0)= -0.836717425412
E(1)= -0.517695020970
FCI Excitation energies = 2
0.000000000000 0.319022404442

Vacuum coefficients in CI state 0 = 0.981922774621
Vacuum coefficients in CI state 1 = -0.042637102790
Eigenvector 0 in string basis
0: 0.981922774621 seniority 0 ... 1
1
 | 1
1

10: -0.143181603667 seniority 0 ... 1
2
 | 1
2

20: -0.068564930864 seniority 0 ... 1
3
 | 1
3

30: -0.070326602345 seniority 0 ... 1
4
 | 1
4

40: -0.070327519416 seniority 0 ... 1
5
 | 1
5

Eigenvector 1 in string basis
1: 0.624647513303 seniority 2 ... 1
1
 | 1
2

5: -0.237856600848 seniority 2 ... 1
1
 | 1
6

9: 0.624647515337 seniority 2 ... 1
2
 | 1
1

10: -0.261930691035 seniority 0 ... 1
2
 | 1
2

14: 0.103330512210 seniority 2 ... 1
2
 | 1
6

45: -0.237856601127 seniority 2 ... 1
6
 | 1
1

46: 0.103330512278 seniority 2 ... 1
6
 | 1
2

Seniority vectors for all roots (nroots/seniority)
2 2
0.999794724472 0.000205275528
0.071585130008 1.133445093692

Calculating transition densities
Root 0 MO occupations numbers (density matrix diagonal)
9
1.928533342248 0.041010737465 0.009452526466 0.009895460580 0.009895683542 0.000454104530 0.000272567724 0.000272576805 0.000213000641
Root 1 MO occupations numbers (density matrix diagonal)
9
0.899401759013 0.941473120448 0.006355028407 0.003379316897 0.003377248449 0.135119256685 0.003445546160 0.003445692521 0.004003031420
Transition densities done:
Trandens between roots 0 0
9 9
1.928533342248 0.002886653701 0.008397252178 0.000237509651 -0.000119401473 -0.015704043361 0.000005853976 0.000001517450 -0.004229640881
0.002886653701 0.041010737465 -0.000416225411 -0.000011480373 0.000005698598 -0.000143744524 -0.000000001335 0.000000158022 0.000158845243
0.008397252178 -0.000416225411 0.009452526466 -0.000012642342 0.000006314593 0.000087786934 0.000000625270 -0.000007741737 -0.000245787273
0.000237509651 -0.000011480373 -0.000012642342 0.009895460580 0.000000177515 0.000002449582 0.000082932513 0.000208581568 -0.000006665448
-0.000119401473 0.000005698598 0.000006314593 0.000000177515 0.009895683542 -0.000001117043 0.000208571101 -0.000082837233 0.000003348971
-0.015704043361 -0.000143744524 0.000087786934 0.000002449582 -0.000001117043 0.000454104530 -0.000000054142 -0.000000058138 0.000019311746
0.000005853976 -0.000000001335 0.000000625270 0.000082932513 0.000208571101 -0.000000054142 0.000272567724 0.000000002557 -0.000000017833
0.000001517450 0.000000158022 -0.000007741737 0.000208581568 -0.000082837233 -0.000000058138 0.000000002557 0.000272576805 0.000000144667
-0.004229640881 0.000158845243 -0.000245787273 -0.000006665448 0.000003348971 0.000019311746 -0.000000017833 0.000000144667 0.000213000641

Trandens between roots 0 1
9 9
-0.077905331119 1.224485314171 -0.004640064736 0.000090438137 -0.000201144026 -0.467031099229 0.000089629750 0.000144433314 0.065720493358
-0.179236878647 0.077305465051 -0.010054585581 -0.000275910742 0.000128656208 -0.030438397499 0.000006376819 0.000010410628 0.001739258802
0.001802989752 0.000161706076 -0.004026802231 -0.000132960182 0.000065615682 0.000144341336 0.000015082756 -0.000180416304 -0.003476257006
0.000033859771 0.000009042470 -0.000133821540 0.000575466755 0.000001809276 0.000005856109 0.002125106218 0.005332243661 -0.000095847586
-0.000005470377 -0.000009491932 0.000066703218 0.000002005758 0.000577573725 0.000000399071 0.005334505196 -0.002123531387 0.000047985672
0.007193081799 -0.012994996377 0.000414640165 0.000010112963 -0.000003197970 0.003787607208 -0.000000667083 -0.000001249985 -0.000711993210
-0.000001097875 0.000004197694 0.000002447646 0.000354805229 0.000890649789 -0.000001329792 -0.000043983516 -0.000000064798 0.000000246359
-0.000003326019 0.000002597335 -0.000030272000 0.000890296547 -0.000354535246 -0.000000587673 0.000000112730 -0.000043920004 0.000000310250
-0.001287464130 -0.002175125845 -0.000498017585 -0.000013897727 0.000007279931 0.000794020651 -0.000000131749 -0.000000151172 -0.000226075869

Trandens between roots 1 0
9 9
-0.077905331119 -0.179236878647 0.001802989752 0.000033859771 -0.000005470377 0.007193081799 -0.000001097875 -0.000003326019 -0.001287464130
1.224485314171 0.077305465051 0.000161706076 0.000009042470 -0.000009491932 -0.012994996377 0.000004197694 0.000002597335 -0.002175125845
-0.004640064736 -0.010054585581 -0.004026802231 -0.000133821540 0.000066703218 0.000414640165 0.000002447646 -0.000030272000 -0.000498017585
0.000090438137 -0.000275910742 -0.000132960182 0.000575466755 0.000002005758 0.000010112963 0.000354805229 0.000890296547 -0.000013897727
-0.000201144026 0.000128656208 0.000065615682 0.000001809276 0.000577573725 -0.000003197970 0.000890649789 -0.000354535246 0.000007279931
-0.467031099229 -0.030438397499 0.000144341336 0.000005856109 0.000000399071 0.003787607208 -0.000001329792 -0.000000587673 0.000794020651
0.000089629750 0.000006376819 0.000015082756 0.002125106218 0.005334505196 -0.000000667083 -0.000043983516 0.000000112730 -0.000000131749
0.000144433314 0.000010410628 -0.000180416304 0.005332243661 -0.002123531387 -0.000001249985 -0.000000064798 -0.000043920004 -0.000000151172
0.065720493358 0.001739258802 -0.003476257006 -0.000095847586 0.000047985672 -0.000711993210 0.000000246359 0.000000310250 -0.000226075869

Trandens between roots 1 1
9 9
0.899401759013 -0.430202891532 0.053175255069 0.001457046532 -0.000676048682 0.146524087485 -0.000022763143 -0.000062147534 -0.011500151256
-0.430202891532 0.941473120448 -0.023054042685 -0.000494019632 0.000128736723 -0.351014520287 0.000065408862 0.000113582865 0.047416392814
0.053175255069 -0.023054042685 0.006355028407 0.000082197333 -0.000038165511 0.007619196149 -0.000002147603 0.000003848579 0.001446405187
0.001457046532 -0.000494019632 0.000082197333 0.003379316897 -0.000001072934 0.000155141203 -0.000103565613 -0.000259913671 0.000049887932
-0.000676048682 0.000128736723 -0.000038165511 -0.000001072934 0.003377248449 -0.000033283839 -0.000260342826 0.000103683120 -0.000030561010
0.146524087485 -0.351014520287 0.007619196149 0.000155141203 -0.000033283839 0.135119256685 -0.000024798960 -0.000041767556 -0.017738897034
-0.000022763143 0.000065408862 -0.000002147603 -0.000103565613 -0.000260342826 -0.000024798960 0.003445546160 0.000000089263 0.000003376022
-0.000062147534 0.000113582865 0.000003848579 -0.000259913671 0.000103683120 -0.000041767556 0.000000089263 0.003445692521 0.000006950010
-0.011500151256 0.047416392814 0.001446405187 0.000049887932 -0.000030561010 -0.017738897034 0.000003376022 0.000006950010 0.004003031420

State 0 :
Natural orbital occupations
9
1.928711702405 0.041013214881 0.009901059128 0.009901005294 0.009417621899 0.000324126655 0.000267339747 0.000267335103 0.000196594887
Natural orbitals (in MO basis)
9 9
0.999953686209 -0.001484195028 0.000001103385 0.000000104411 -0.004310268690 -0.008005506613 -0.000009032226 0.000003937171 0.002784950876
0.001528589338 0.999893019641 -0.000013612078 -0.000007043825 0.013767975379 -0.003087466059 0.000006252199 -0.000002204514 -0.003538759090
0.004374630291 -0.013621872424 -0.029284324052 -0.012590228308 0.998942996594 0.019091322802 -0.000803723151 0.000228396006 0.022955054584
0.000123732992 -0.000375779759 0.997665274403 -0.057508653842 0.028508908328 0.000516703352 0.022922234935 0.004208780922 0.000656456588
-0.000062203602 0.000186579484 -0.057120281378 -0.997993563325 -0.014246163884 -0.000253308330 -0.004198691089 0.022920030714 -0.000328893128
-0.008143721952 -0.002996577744 -0.000008411753 -0.000013858020 0.017071130254 -0.996168347366 -0.000901137950 0.000038517786 0.085329284165
0.000003035722 -0.000000262659 0.007353903883 -0.022114678980 -0.000000891458 0.000145817184 -0.195541793071 -0.980418400973 0.000077422727
0.000000785543 0.000004127200 0.022127371866 0.007350441044 -0.000067348236 0.000747264182 -0.980416439436 0.195541552021 -0.001701231835
-0.002193641981 0.004127409840 0.000036396608 0.000013957110 -0.024446163894 0.084909444131 -0.001580013697 0.000406389732 0.996076433149

State 1 :
Natural orbital occupations
9
1.452052340881 0.526179941000 0.004487957655 0.003693463205 0.003693247201 0.003481976670 0.003129493649 0.003128765512 0.000152814227
Natural orbitals (in MO basis)
9 9
0.636807026209 0.768235379903 -0.058510030753 0.000075800096 -0.000065135794 -0.021530182618 0.000000538866 0.000004214326 -0.020105471073
-0.722752676424 0.588964198608 -0.024968671998 0.000894022272 -0.001392703607 -0.354800848409 0.000117279552 0.000151737198 0.065114431499
0.036308536718 0.049045819969 0.833463556687 0.008180114161 -0.019652400224 0.049121688510 0.021338103948 0.010945574852 0.546052658364
0.000916225145 0.001524713530 0.024266473125 0.033042212609 0.661517970061 -0.000940646505 -0.748565776936 -0.010693718398 0.015626858476
-0.000367754710 -0.000839219276 -0.011737504790 0.661768644376 -0.032782931759 0.000875086617 -0.011001798166 0.748777189197 -0.007736133062
0.264134406550 -0.241887753473 0.024265608090 0.001923330358 -0.003707911145 -0.931952233011 -0.000342551655 -0.000014063703 0.050813190230
-0.000047290489 0.000051922116 -0.000289157693 -0.708684981079 -0.242219132055 -0.000446895886 -0.254084875313 0.611993526023 0.000040528001
-0.000091853065 0.000055999739 -0.000693965776 0.242207813529 -0.708693276691 0.003523255661 -0.611975067721 -0.254091409738 0.000616548765
-0.031923347961 0.044915044409 0.547700306482 0.000166362294 -0.001037788749 -0.051871385844 -0.000429984497 -0.000126811425 -0.833244241865

