Number of strings: 9 9, CI size = 81
String addressing array alpha: 1 9
0 1 2 3 4 5 6 7 8

Alpha strings 9 1
1
2
3
4
5
6
7
8
9

Is hamiltonian hermitian? 1
Implicit Hamiltonian constructed
E(core)= 0.000000000000
H(1,1) + E(core) energy = -0.577269372500
Davidson: iter=0 dim=0 root=0 eigenvalue=-0.577269372500
Davidson: iter=1 dim=1 root=0 eigenvalue=-0.620608226214
Davidson: iter=2 dim=2 root=0 eigenvalue=-0.626588181845
Davidson: iter=3 dim=3 root=0 eigenvalue=-0.628792245856
Davidson: iter=4 dim=4 root=0 eigenvalue=-0.629350792391
Davidson: iter=5 dim=5 root=0 eigenvalue=-0.629422433648
Davidson: iter=6 dim=6 root=0 eigenvalue=-0.629432980800
Davidson: iter=7 dim=7 root=0 eigenvalue=-0.629433448939
Davidson: iter=8 dim=8 root=0 eigenvalue=-0.629433464827
Davidson: iter=9 dim=9 root=0 eigenvalue=-0.629433466894
Davidson: iter=10 dim=10 root=0 eigenvalue=-0.629433466960
Davidson: iter=11 dim=11 root=0 eigenvalue=-0.629433466967
Davidson: iter=12 dim=12 root=0 eigenvalue=-0.629433466968
Davidson: iter=12 dim=12 root=1 eigenvalue=-0.534496762934
root no. 0 converged
Davidson: iter=13 dim=13 root=0 eigenvalue=-0.629433466968
Davidson: iter=13 dim=13 root=1 eigenvalue=-0.534572526974
Davidson: iter=14 dim=14 root=0 eigenvalue=-0.629433466968
Davidson: iter=14 dim=14 root=1 eigenvalue=-0.534581400557
Davidson: iter=15 dim=15 root=0 eigenvalue=-0.629433466968
Davidson: iter=15 dim=15 root=1 eigenvalue=-0.534581944026
Davidson: iter=16 dim=16 root=0 eigenvalue=-0.629433466968
Davidson: iter=16 dim=16 root=1 eigenvalue=-0.534582014999
Davidson: iter=17 dim=17 root=0 eigenvalue=-0.629433466968
Davidson: iter=17 dim=17 root=1 eigenvalue=-0.534582016634
Davidson: iter=18 dim=18 root=0 eigenvalue=-0.629433466968
Davidson: iter=18 dim=18 root=1 eigenvalue=-0.534582016653
Davidson: iter=19 dim=19 root=0 eigenvalue=-0.629433466968
Davidson: iter=19 dim=19 root=1 eigenvalue=-0.534582016661
Davidson: iter=20 dim=20 root=0 eigenvalue=-0.629433466968
Davidson: iter=20 dim=20 root=1 eigenvalue=-0.534582016661
root no. 1 converged
Davidson converged in 20 iterations.
E(core)= 0.000000000000
E(0)= -0.629433466968
E(1)= -0.534582016661
FCI Excitation energies = 2
0.000000000000 0.094851450306

Vacuum coefficients in CI state 0 = 0.903725350164
Vacuum coefficients in CI state 1 = -0.345369555164
Eigenvector 0 in string basis
0: 0.903725350164 seniority 0 ... 1
1
 | 1
1

1: 0.123794091142 seniority 2 ... 1
1
 | 1
2

5: 0.071888221173 seniority 2 ... 1
1
 | 1
6

9: 0.123794091142 seniority 2 ... 1
2
 | 1
1

10: -0.365452480049 seniority 0 ... 1
2
 | 1
2

45: 0.071888221173 seniority 2 ... 1
6
 | 1
1

Eigenvector 1 in string basis
0: -0.345369555164 seniority 0 ... 1
1
 | 1
1

1: 0.529543240339 seniority 2 ... 1
1
 | 1
2

2: -0.069998898587 seniority 2 ... 1
1
 | 1
3

5: 0.206203689504 seniority 2 ... 1
1
 | 1
6

9: 0.529543240333 seniority 2 ... 1
2
 | 1
1

10: -0.433109102202 seniority 0 ... 1
2
 | 1
2

14: -0.101648012144 seniority 2 ... 1
2
 | 1
6

18: -0.069998898587 seniority 2 ... 1
3
 | 1
1

20: 0.064572470930 seniority 0 ... 1
3
 | 1
3

30: 0.059211035886 seniority 0 ... 1
4
 | 1
4

40: 0.059207888783 seniority 0 ... 1
5
 | 1
5

45: 0.206203689504 seniority 2 ... 1
6
 | 1
1

46: -0.101648012144 seniority 2 ... 1
6
 | 1
2

50: 0.058716834579 seniority 0 ... 1
6
 | 1
6

Seniority vectors for all roots (nroots/seniority)
2 2
0.956898876870 0.043101123130
0.321768863523 0.797273338577

Calculating transition densities
Root 0 MO occupations numbers (density matrix diagonal)
9
1.675977309006 0.298010284670 0.006064478197 0.004266051876 0.004266185320 0.010937366058 0.000153881134 0.000162212865 0.000162230875
Root 1 MO occupations numbers (density matrix diagonal)
9
0.894328082086 0.957384850411 0.019299711139 0.007255226912 0.007253820742 0.112908959210 0.000654560678 0.000457507046 0.000457281776
Transition densities done:
Trandens between roots 0 0
9 9
1.675977309006 0.134917115819 -0.050823963679 -0.000374769154 0.000138692036 0.130997423179 0.001525554132 -0.000021347974 -0.000031315669
0.134917115819 0.298010284670 -0.001461607842 -0.000029475377 -0.000002555944 0.011286567756 -0.000495101224 0.000009584637 -0.000005501332
-0.050823963679 -0.001461607842 0.006064478197 0.000011137839 -0.000005195343 -0.003026029598 -0.000546706895 0.000006562815 0.000003204312
-0.000374769154 -0.000029475377 0.000011137839 0.004266051876 -0.000000033609 -0.000021959467 0.000002122392 0.000090524026 0.000505142788
0.000138692036 -0.000002555944 -0.000005195343 -0.000000033609 0.004266185320 0.000008197802 -0.000004687419 -0.000505016379 0.000090507608
0.130997423179 0.011286567756 -0.003026029598 -0.000021959467 0.000008197802 0.010937366058 -0.000007529294 0.000000344530 -0.000000858540
0.001525554132 -0.000495101224 -0.000546706895 0.000002122392 -0.000004687419 -0.000007529294 0.000153881134 0.000000006688 -0.000000077452
-0.000021347974 0.000009584637 0.000006562815 0.000090524026 -0.000505016379 0.000000344530 0.000000006688 0.000162212865 0.000000006962
-0.000031315669 -0.000005501332 0.000003204312 0.000505142788 0.000090507608 -0.000000858540 -0.000000077452 0.000000006962 0.000162230875

Trandens between roots 0 1
9 9
-0.459593887305 0.834262984261 -0.127175128741 -0.001066337095 0.000298516619 0.356610906990 -0.011063843050 0.000193085385 -0.000046761960
-0.467980857233 0.445638152069 -0.031779279431 -0.000327744410 0.000056367549 0.126545309551 -0.005385631474 0.000092100463 -0.000006253656
0.014483002554 -0.023314438167 -0.001961698798 0.000028940280 -0.000007601306 -0.010141493467 -0.000694361665 0.000005533902 0.000004776572
0.000136777792 -0.000201700454 0.000027411093 -0.005333976038 -0.000000048065 -0.000083679543 0.000008317682 0.000161117724 0.000897935527
-0.000027597772 0.000052786024 -0.000008409021 -0.000000111707 -0.005334056837 0.000025255091 -0.000009883599 -0.000898191847 0.000161232732
-0.043743292768 0.070499366526 -0.010679891845 -0.000090698855 0.000025143641 0.026735442815 -0.001207754112 0.000020267968 -0.000000665846
0.000417739760 -0.000121935587 0.000301834530 -0.000002014919 0.000003860371 0.000113603260 -0.000044820942 -0.000000214891 -0.000000178359
-0.000009741368 0.000005395449 -0.000003758257 -0.000070395665 0.000392883934 -0.000000732148 -0.000000262300 -0.000052581922 -0.000000019891
0.000015308235 -0.000019718714 0.000000659391 -0.000393080435 -0.000070379867 -0.000008163931 0.000000109081 0.000000029178 -0.000052573041

Trandens between roots 1 0
9 9
-0.459593887305 -0.467980857233 0.014483002554 0.000136777792 -0.000027597772 -0.043743292768 0.000417739760 -0.000009741368 0.000015308235
0.834262984261 0.445638152069 -0.023314438167 -0.000201700454 0.000052786024 0.070499366526 -0.000121935587 0.000005395449 -0.000019718714
-0.127175128741 -0.031779279431 -0.001961698798 0.000027411093 -0.000008409021 -0.010679891845 0.000301834530 -0.000003758257 0.000000659391
-0.001066337095 -0.000327744410 0.000028940280 -0.005333976038 -0.000000111707 -0.000090698855 -0.000002014919 -0.000070395665 -0.000393080435
0.000298516619 0.000056367549 -0.000007601306 -0.000000048065 -0.005334056837 0.000025143641 0.000003860371 0.000392883934 -0.000070379867
0.356610906990 0.126545309551 -0.010141493467 -0.000083679543 0.000025255091 0.026735442815 0.000113603260 -0.000000732148 -0.000008163931
-0.011063843050 -0.005385631474 -0.000694361665 0.000008317682 -0.000009883599 -0.001207754112 -0.000044820942 -0.000000262300 0.000000109081
0.000193085385 0.000092100463 0.000005533902 0.000161117724 -0.000898191847 0.000020267968 -0.000000214891 -0.000052581922 0.000000029178
-0.000046761960 -0.000006253656 0.000004776572 0.000897935527 0.000161232732 -0.000000665846 -0.000000178359 -0.000000019891 -0.000052573041

Trandens between roots 1 1
9 9
0.894328082086 -0.869030729566 0.053941480688 0.000569927196 -0.000092304392 -0.224376370600 0.010588720911 -0.000181696635 0.000013468475
-0.869030729566 0.957384850411 -0.085251723277 -0.000804616138 0.000173821595 0.294142690753 -0.012215013141 0.000209764748 -0.000022825571
0.053941480688 -0.085251723277 0.019299711139 0.000104405535 -0.000028075565 -0.035239929771 0.002663094561 -0.000035849105 -0.000001138197
0.000569927196 -0.000804616138 0.000104405535 0.007255226912 -0.000000215684 -0.000309908301 0.000000666566 -0.000270797969 -0.001508005952
-0.000092304392 0.000173821595 -0.000028075565 -0.000000215684 0.007253820742 0.000077587789 0.000013408567 0.001508399917 -0.000270739327
-0.224376370600 0.294142690753 -0.035239929771 -0.000309908301 0.000077587789 0.112908959210 -0.003362451427 0.000059103351 -0.000015517555
0.010588720911 -0.012215013141 0.002663094561 0.000000666566 0.000013408567 -0.003362451427 0.000654560678 -0.000002975924 0.000000390611
-0.000181696635 0.000209764748 -0.000035849105 -0.000270797969 0.001508399917 0.000059103351 -0.000002975924 0.000457507046 -0.000000031491
0.000013468475 -0.000022825571 -0.000001138197 -0.001508005952 -0.000270739327 -0.000015517555 0.000000390611 -0.000000031491 0.000457281776

State 0 :
Natural orbital occupations
9
1.700825670871 0.284975433200 0.004773818833 0.004329343620 0.004329178964 0.000473876869 0.000099036662 0.000099028188 0.000094612794
Natural orbitals (in MO basis)
9 9
-0.991895029594 -0.095631451532 0.012490809521 0.000006561274 -0.000023305254 0.082703620900 -0.000005265872 0.000022588755 0.001722030442
-0.096051601098 0.995326787568 -0.009864052993 0.000017043779 -0.000033315674 0.000441559211 -0.000005935956 0.000020855080 -0.001086042748
0.029967455938 0.012267450065 0.967450513912 0.003476358121 0.003763933360 0.229589878371 0.000357689367 0.000224819409 -0.101257204133
0.000221983964 0.000024010435 0.003459162184 -0.018385603262 -0.992323245008 0.001928883942 -0.015811049592 -0.121205192212 -0.000350502733
-0.000081408564 -0.000056719705 -0.003337719787 0.992328733581 -0.018398796657 -0.000619158331 0.121175826624 -0.015806616440 0.000452918446
-0.077585285888 -0.004856099339 0.227446796883 0.000147594414 -0.001048041779 -0.969463401576 0.000020781768 -0.000384053459 -0.048624491783
-0.000871086770 -0.002265798642 -0.109668651723 -0.001578956843 -0.000977073715 0.024182385676 0.014442108019 0.006481020579 -0.993543195099
0.000012045576 0.000041048032 0.001748713321 -0.120654622869 -0.019321906420 -0.000324456247 0.991273248497 0.047185103965 0.014726628641
0.000018732534 -0.000008532651 0.000872071958 0.019326556722 -0.120691771548 -0.000346224550 -0.047276565515 0.991358066295 0.005762848837

State 1 :
Natural orbital occupations
9
1.878230688032 0.096336946558 0.007583728216 0.007583353984 0.006990582518 0.002905876537 0.000127870619 0.000127862214 0.000113091323
Natural orbitals (in MO basis)
9 9
0.674423209427 0.641334301685 -0.000122117812 -0.000006827347 0.044150477054 0.363124382541 0.000100184936 0.000030875774 0.005919484714
-0.707146856880 0.422917422205 -0.000247507503 -0.000109577440 0.002425851585 0.566401954453 0.000289102778 -0.000056154622 -0.016338850521
0.055893103954 -0.282152993000 0.004662710565 -0.002264770572 0.888979884883 0.282901318193 -0.001241331064 0.002017238663 0.216598194127
0.000546584655 -0.002045729724 -0.977358181849 0.023796974070 0.004022202885 0.001707125546 0.197161369735 -0.072842947950 0.001552887130
-0.000108357377 0.000751735117 -0.023809196351 -0.977353222340 -0.001841014448 -0.000944176039 0.072869163067 0.197223885075 -0.001329485296
-0.204680154551 0.574537844484 -0.000781743730 0.000360096229 0.390060924392 -0.683518721681 -0.000017941292 0.000390757256 0.093091557928
0.008849794219 -0.011060337745 0.002278924179 -0.002660503904 0.235751815495 -0.009729942557 0.007064814237 -0.019866699074 -0.971426214733
-0.000151942583 0.000187503596 0.032064175994 -0.207778257162 -0.003198504659 0.000177732158 -0.171581426737 -0.962296666994 0.018294887146
0.000014669260 -0.000070220224 0.207721865723 0.032097187851 -0.001836780705 -0.000030919894 0.962458179307 -0.171414284705 0.010460078939

