Number of strings: 9 9, CI size = 81
String addressing array alpha: 1 9
0 1 2 3 4 5 6 7 8

Alpha strings 9 1
1
2
3
4
5
6
7
8
9

Is hamiltonian hermitian? 1
Implicit Hamiltonian constructed
E(core)= 0.000000000000
H(1,1) + E(core) energy = -0.549758820600
Davidson: iter=0 dim=0 root=0 eigenvalue=-0.549758820600
Davidson: iter=1 dim=1 root=0 eigenvalue=-0.595128979086
Davidson: iter=2 dim=2 root=0 eigenvalue=-0.604930520352
Davidson: iter=3 dim=3 root=0 eigenvalue=-0.607262238325
Davidson: iter=4 dim=4 root=0 eigenvalue=-0.607954509911
Davidson: iter=5 dim=5 root=0 eigenvalue=-0.608108330179
Davidson: iter=6 dim=6 root=0 eigenvalue=-0.608122676963
Davidson: iter=7 dim=7 root=0 eigenvalue=-0.608123625931
Davidson: iter=8 dim=8 root=0 eigenvalue=-0.608123661256
Davidson: iter=9 dim=9 root=0 eigenvalue=-0.608123667866
Davidson: iter=10 dim=10 root=0 eigenvalue=-0.608123668010
Davidson: iter=11 dim=11 root=0 eigenvalue=-0.608123668025
Davidson: iter=12 dim=12 root=0 eigenvalue=-0.608123668026
Davidson: iter=13 dim=13 root=0 eigenvalue=-0.608123668026
Davidson: iter=13 dim=13 root=1 eigenvalue=-0.533340839517
root no. 0 converged
Davidson: iter=14 dim=14 root=0 eigenvalue=-0.608123668026
Davidson: iter=14 dim=14 root=1 eigenvalue=-0.533544426324
Davidson: iter=15 dim=15 root=0 eigenvalue=-0.608123668026
Davidson: iter=15 dim=15 root=1 eigenvalue=-0.533559207699
Davidson: iter=16 dim=16 root=0 eigenvalue=-0.608123668026
Davidson: iter=16 dim=16 root=1 eigenvalue=-0.533559387425
Davidson: iter=17 dim=17 root=0 eigenvalue=-0.608123668026
Davidson: iter=17 dim=17 root=1 eigenvalue=-0.533559388246
Davidson: iter=18 dim=18 root=0 eigenvalue=-0.608123668026
Davidson: iter=18 dim=18 root=1 eigenvalue=-0.533559388286
Davidson: iter=19 dim=19 root=0 eigenvalue=-0.608123668026
Davidson: iter=19 dim=19 root=1 eigenvalue=-0.533559388291
Davidson: iter=20 dim=20 root=0 eigenvalue=-0.608123668026
Davidson: iter=20 dim=20 root=1 eigenvalue=-0.533559388292
Davidson: iter=21 dim=21 root=0 eigenvalue=-0.608123668026
Davidson: iter=21 dim=21 root=1 eigenvalue=-0.533559388292
root no. 1 converged
Davidson converged in 21 iterations.
E(core)= 0.000000000000
E(0)= -0.608123668026
E(1)= -0.533559388292
FCI Excitation energies = 2
0.000000000000 0.074564279734

Vacuum coefficients in CI state 0 = -0.845390530401
Vacuum coefficients in CI state 1 = -0.466342255286
Eigenvector 0 in string basis
0: -0.845390530401 seniority 0 ... 1
1
 | 1
1

1: -0.193931046840 seniority 2 ... 1
1
 | 1
2

2: 0.058759397379 seniority 2 ... 1
1
 | 1
3

5: -0.086162180487 seniority 2 ... 1
1
 | 1
6

9: -0.193931046840 seniority 2 ... 1
2
 | 1
1

10: 0.427672515548 seniority 0 ... 1
2
 | 1
2

18: 0.058759397379 seniority 2 ... 1
3
 | 1
1

45: -0.086162180487 seniority 2 ... 1
6
 | 1
1

Eigenvector 1 in string basis
0: -0.466342255286 seniority 0 ... 1
1
 | 1
1

1: 0.507355754626 seniority 2 ... 1
1
 | 1
2

2: -0.105388036289 seniority 2 ... 1
1
 | 1
3

5: 0.168149748233 seniority 2 ... 1
1
 | 1
6

9: 0.507355754613 seniority 2 ... 1
2
 | 1
1

10: -0.390579900959 seniority 0 ... 1
2
 | 1
2

14: -0.080150264625 seniority 2 ... 1
2
 | 1
6

18: -0.105388036288 seniority 2 ... 1
3
 | 1
1

20: 0.077789294856 seniority 0 ... 1
3
 | 1
3

30: 0.066760258739 seniority 0 ... 1
4
 | 1
4

40: 0.066764426980 seniority 0 ... 1
5
 | 1
5

45: 0.168149748232 seniority 2 ... 1
6
 | 1
1

46: -0.080150264624 seniority 2 ... 1
6
 | 1
2

50: 0.070650573407 seniority 0 ... 1
6
 | 1
6

Seniority vectors for all roots (nroots/seniority)
2 2
0.901241281933 0.098758718067
0.390346608246 0.745209306354

Calculating transition densities
Root 0 MO occupations numbers (density matrix diagonal)
9
1.526355119593 0.442068069250 0.009737846399 0.002653003690 0.002653100640 0.016178216939 0.000134146682 0.000110258190 0.000110238617
Root 1 MO occupations numbers (density matrix diagonal)
9
1.028779461304 0.835262022560 0.037056741652 0.008970170377 0.008973919469 0.079723685477 0.000676018058 0.000278972169 0.000279008935
Transition densities done:
Trandens between roots 0 0
9 9
1.526355119593 0.166595327249 -0.105683024057 0.001323061023 -0.001560158256 0.151495171030 -0.003103739020 0.000050796303 0.000069864105
0.166595327249 0.442068069250 -0.007646204504 0.000212309859 -0.000264780918 0.020915521173 -0.002701648219 0.000007545638 0.000044598044
-0.105683024057 -0.007646204504 0.009737846399 -0.000081614105 0.000095972302 -0.009229792852 -0.000171199953 -0.000011183214 -0.000001780164
0.001323061023 0.000212309859 -0.000081614105 0.002653003690 -0.000001255421 0.000119076693 -0.000012434038 0.000308254103 -0.000224002565
-0.001560158256 -0.000264780918 0.000095972302 -0.000001255421 0.002653100640 -0.000140910899 0.000007216679 -0.000224150668 -0.000308439840
0.151495171030 0.020915521173 -0.009229792852 0.000119076693 -0.000140910899 0.016178216939 -0.000561757723 -0.000004649613 0.000007852859
-0.003103739020 -0.002701648219 -0.000171199953 -0.000012434038 0.000007216679 -0.000561757723 0.000134146682 0.000000147946 -0.000000291030
0.000050796303 0.000007545638 -0.000011183214 0.000308254103 -0.000224150668 -0.000004649613 0.000000147946 0.000110258190 0.000000011642
0.000069864105 0.000044598044 -0.000001780164 -0.000224002565 -0.000308439840 0.000007852859 -0.000000291030 0.000000011642 0.000110238617

Trandens between roots 0 1
9 9
0.550282053560 -0.688434319017 0.176077985094 -0.002465847480 0.002959163358 -0.266804780182 0.015415697735 -0.000077857646 -0.000270240592
0.606250222001 -0.527318194966 0.073395558678 -0.001264684604 0.001530330174 -0.136321454896 0.010431880167 0.000005714000 -0.000160866455
-0.037441596626 0.045335222975 -0.007262253775 0.000170848634 -0.000204898018 0.018732103453 -0.000631108560 0.000011502539 0.000014515036
0.000621590523 -0.000705119123 0.000171445817 0.004776110051 0.000002978022 -0.000267834855 0.000023580977 -0.000214511217 0.000155799459
-0.000754476567 0.000848971992 -0.000203942064 0.000002927970 0.004775062161 0.000318728975 -0.000023111578 0.000155894045 0.000214587758
0.065523678348 -0.076474714928 0.019521125476 -0.000275999218 0.000330505539 -0.025389422697 0.001907206755 0.000000111212 -0.000029986653
-0.004245792018 0.004076698317 -0.001139476120 -0.000001979543 -0.000008774030 0.000900364112 -0.000023687035 -0.000000306025 0.000001491977
0.000021710330 -0.000022924289 -0.000004305624 0.000442110003 -0.000321475442 -0.000021356729 0.000000122073 0.000080169926 0.000000017755
0.000074548836 -0.000072694307 0.000016279342 -0.000321655355 -0.000442262609 -0.000021403836 0.000001686573 -0.000000005959 0.000080162775

Trandens between roots 1 0
9 9
0.550282053560 0.606250222001 -0.037441596626 0.000621590523 -0.000754476567 0.065523678348 -0.004245792018 0.000021710330 0.000074548836
-0.688434319017 -0.527318194966 0.045335222975 -0.000705119123 0.000848971992 -0.076474714928 0.004076698317 -0.000022924289 -0.000072694307
0.176077985094 0.073395558678 -0.007262253775 0.000171445817 -0.000203942064 0.019521125476 -0.001139476120 -0.000004305624 0.000016279342
-0.002465847480 -0.001264684604 0.000170848634 0.004776110051 0.000002927970 -0.000275999218 -0.000001979543 0.000442110003 -0.000321655355
0.002959163358 0.001530330174 -0.000204898018 0.000002978022 0.004775062161 0.000330505539 -0.000008774030 -0.000321475442 -0.000442262609
-0.266804780182 -0.136321454896 0.018732103453 -0.000267834855 0.000318728975 -0.025389422697 0.000900364112 -0.000021356729 -0.000021403836
0.015415697735 0.010431880167 -0.000631108560 0.000023580977 -0.000023111578 0.001907206755 -0.000023687035 0.000000122073 0.000001686573
-0.000077857646 0.000005714000 0.000011502539 -0.000214511217 0.000155894045 0.000000111212 -0.000000306025 0.000080169926 -0.000000005959
-0.000270240592 -0.000160866455 0.000014515036 0.000155799459 0.000214587758 -0.000029986653 0.000001491977 0.000000017755 0.000080162775

Trandens between roots 1 1
9 9
1.028779461304 -0.903918480033 0.112677521149 -0.001961498663 0.002373463913 -0.211931194034 0.017698394454 0.000003332413 -0.000274913835
-0.903918480033 0.835262022560 -0.126482315010 0.002048219084 -0.002472640154 0.221135546366 -0.016918363044 0.000010610834 0.000268065985
0.112677521149 -0.126482315010 0.037056741652 -0.000415533676 0.000500311906 -0.044542180065 0.003662252598 0.000006450974 -0.000054101116
-0.001961498663 0.002048219084 -0.000415533676 0.008970170377 -0.000007395087 0.000662752378 -0.000021236090 -0.000627822380 0.000457571319
0.002373463913 -0.002472640154 0.000500311906 -0.000007395087 0.008973919469 -0.000799440870 0.000041182625 0.000456254553 0.000626807745
-0.211931194034 0.221135546366 -0.044542180065 0.000662752378 -0.000799440870 0.079723685477 -0.004173537146 0.000031313040 0.000076212932
0.017698394454 -0.016918363044 0.003662252598 -0.000021236090 0.000041182625 -0.004173537146 0.000676018058 -0.000000038919 -0.000006061677
0.000003332413 0.000010610834 0.000006450974 -0.000627822380 0.000456254553 0.000031313040 -0.000000038919 0.000278972169 -0.000000067255
-0.000274913835 0.000268065985 -0.000054101116 0.000457571319 0.000626807745 0.000076212932 -0.000006061677 -0.000000067255 0.000279008935

State 0 :
Natural orbital occupations
9
1.573659961299 0.417226185280 0.003179363409 0.002707887707 0.002707580604 0.000356473165 0.000054301083 0.000054292122 0.000053955331
Natural orbitals (in MO basis)
9 9
0.981973482584 0.146164574490 0.009054015269 -0.000044939152 -0.000060103804 -0.119506236399 -0.000084170904 -0.000103726130 0.000507404381
0.146840339162 -0.989046479588 -0.013956110898 -0.000115836441 -0.000149034609 -0.004170256683 -0.000242421601 -0.000006622398 -0.003566159795
-0.067652977811 -0.019443872999 0.847219876772 0.001374829946 0.000997652103 -0.515938689028 -0.005005663633 0.001770495572 -0.105069896604
0.000857788972 -0.000035158615 0.002667018037 0.987557964409 -0.059969215910 0.006962114228 -0.140714976236 0.035138365012 0.006421042330
-0.001012879390 0.000075895519 -0.003654954676 -0.059900263595 -0.987545404665 -0.008127876426 0.035248203567 0.140856471952 0.001611783680
0.097889684256 0.004072487372 0.512427487054 -0.007772537836 -0.008275367226 0.847758891476 -0.002282675192 0.003248226043 -0.094759175658
-0.002216631215 0.005321226035 -0.139024984518 -0.003142292805 -0.000519954776 -0.026398538559 -0.066408089389 0.017786872511 -0.987524880909
0.000032907243 0.000000319047 -0.003219767213 0.122366068672 0.078118024622 -0.001258155583 0.915531824581 0.371089881137 -0.054826515699
0.000048402378 -0.000081148587 0.001008855564 -0.078074186820 0.122415554190 -0.000017454709 -0.369212635649 0.916998898836 0.041386901699

State 1 :
Natural orbital occupations
9
1.908991669812 0.062326222924 0.009033732864 0.009032916226 0.008470533100 0.001530051005 0.000210078921 0.000210059033 0.000194736115
Natural orbitals (in MO basis)
9 9
-0.728185665076 0.509933677555 -0.000328215103 0.000263234633 0.009363293160 -0.457835126916 0.000291305966 -0.000680304692 -0.003447068906
0.658343923365 0.339167451326 -0.000812038476 0.000634877312 -0.043218713121 -0.670345867178 0.000626981447 -0.001385822169 0.017717325949
-0.092296413342 -0.502209023554 0.004616638157 -0.003992815930 0.755302975117 -0.396306044271 -0.000548179022 0.000773684042 -0.108112204606
0.001539810569 0.005772366656 -0.072979689466 -0.993383960898 0.000892701675 0.003403151171 -0.087045907683 0.015399740803 -0.000243941035
-0.001860855290 -0.006894449315 -0.993387195306 0.072922163778 -0.000252807532 -0.003853352772 -0.015369548918 -0.086959797928 0.000316684774
0.166228738822 0.610180411763 -0.005908540935 0.006283000444 0.641533463319 0.428861249899 0.000134748478 -0.000305510797 -0.066979226806
-0.013130796154 -0.017832647524 0.001267384349 -0.002698244113 0.126438541546 -0.003818832728 0.023879828676 -0.015854750921 0.991301056428
0.000003852562 0.000232017528 -0.046555138223 0.075065774129 0.002911868671 -0.001327446984 -0.690867234056 0.717011723286 0.028001915939
0.000206394509 0.000367993901 -0.075032437210 -0.046611396227 -0.000811297862 -0.000432624628 0.717159821093 0.691260140490 -0.006139780276

