Number of strings: 9 9, CI size = 81
String addressing array alpha: 1 9
0 1 2 3 4 5 6 7 8

Alpha strings 9 1
1
2
3
4
5
6
7
8
9

Is hamiltonian hermitian? 1
Implicit Hamiltonian constructed
E(core)= 0.000000000000
H(1,1) + E(core) energy = -0.660161846300
Davidson: iter=0 dim=0 root=0 eigenvalue=-0.660161846300
Davidson: iter=1 dim=1 root=0 eigenvalue=-0.697920512792
Davidson: iter=2 dim=2 root=0 eigenvalue=-0.701211254948
Davidson: iter=3 dim=3 root=0 eigenvalue=-0.702374744899
Davidson: iter=4 dim=4 root=0 eigenvalue=-0.702511033413
Davidson: iter=5 dim=5 root=0 eigenvalue=-0.702521511506
Davidson: iter=6 dim=6 root=0 eigenvalue=-0.702522589624
Davidson: iter=7 dim=7 root=0 eigenvalue=-0.702522602719
Davidson: iter=8 dim=8 root=0 eigenvalue=-0.702522603594
Davidson: iter=9 dim=9 root=0 eigenvalue=-0.702522603648
Davidson: iter=10 dim=10 root=0 eigenvalue=-0.702522603656
Davidson: iter=11 dim=11 root=0 eigenvalue=-0.702522603656
Davidson: iter=11 dim=11 root=1 eigenvalue=-0.525444768109
root no. 0 converged
Davidson: iter=12 dim=12 root=0 eigenvalue=-0.702522603656
Davidson: iter=12 dim=12 root=1 eigenvalue=-0.527346328517
Davidson: iter=13 dim=13 root=0 eigenvalue=-0.702522603656
Davidson: iter=13 dim=13 root=1 eigenvalue=-0.527443106185
Davidson: iter=14 dim=14 root=0 eigenvalue=-0.702522603656
Davidson: iter=14 dim=14 root=1 eigenvalue=-0.527451058086
Davidson: iter=15 dim=15 root=0 eigenvalue=-0.702522603656
Davidson: iter=15 dim=15 root=1 eigenvalue=-0.527451596444
Davidson: iter=16 dim=16 root=0 eigenvalue=-0.702522603656
Davidson: iter=16 dim=16 root=1 eigenvalue=-0.527451629122
Davidson: iter=17 dim=17 root=0 eigenvalue=-0.702522603656
Davidson: iter=17 dim=17 root=1 eigenvalue=-0.527451630745
Davidson: iter=18 dim=18 root=0 eigenvalue=-0.702522603656
Davidson: iter=18 dim=18 root=1 eigenvalue=-0.527451630947
Davidson: iter=19 dim=19 root=0 eigenvalue=-0.702522603656
Davidson: iter=19 dim=19 root=1 eigenvalue=-0.527451631008
Davidson: iter=20 dim=20 root=0 eigenvalue=-0.702522603656
Davidson: iter=20 dim=20 root=1 eigenvalue=-0.527451631013
Davidson: iter=21 dim=21 root=0 eigenvalue=-0.702522603656
Davidson: iter=21 dim=21 root=1 eigenvalue=-0.527451631013
root no. 1 converged
Davidson converged in 21 iterations.
E(core)= 0.000000000000
E(0)= -0.702522603656
E(1)= -0.527451631013
FCI Excitation energies = 2
0.000000000000 0.175070972644

Vacuum coefficients in CI state 0 = -0.961331653478
Vacuum coefficients in CI state 1 = 0.154781784048
Eigenvector 0 in string basis
0: -0.961331653478 seniority 0 ... 1
1
 | 1
1

10: 0.244726677100 seniority 0 ... 1
2
 | 1
2

20: 0.060881774160 seniority 0 ... 1
3
 | 1
3

30: 0.060029360167 seniority 0 ... 1
4
 | 1
4

40: 0.060029245014 seniority 0 ... 1
5
 | 1
5

Eigenvector 1 in string basis
0: 0.154781784048 seniority 0 ... 1
1
 | 1
1

1: -0.571021329546 seniority 2 ... 1
1
 | 1
2

2: -0.069401521049 seniority 2 ... 1
1
 | 1
3

5: 0.220342222711 seniority 2 ... 1
1
 | 1
6

9: -0.571021329748 seniority 2 ... 1
2
 | 1
1

10: 0.421695188521 seniority 0 ... 1
2
 | 1
2

14: -0.119742661556 seniority 2 ... 1
2
 | 1
6

18: -0.069401521057 seniority 2 ... 1
3
 | 1
1

45: 0.220342222734 seniority 2 ... 1
6
 | 1
1

46: -0.119742661568 seniority 2 ... 1
6
 | 1
2

Seniority vectors for all roots (nroots/seniority)
2 2
0.995495875272 0.004504124728
0.207559894575 0.923865804125

Calculating transition densities
Root 0 MO occupations numbers (density matrix diagonal)
9
1.852738732933 0.122029195322 0.007787979484 0.007224751087 0.007224716729 0.002315312244 0.000229544547 0.000229526447 0.000220241207
Root 1 MO occupations numbers (density matrix diagonal)
9
0.807058252264 1.036826961493 0.015337360816 0.004123836235 0.004123111386 0.127648763077 0.001633162193 0.001632690191 0.001615862345
Transition densities done:
Trandens between roots 0 0
9 9
1.852738732933 0.048084454328 0.023478384451 0.000217303855 -0.000149878281 -0.057530044842 -0.000007922925 -0.000128627357 0.004778587033
0.048084454328 0.122029195322 0.000293328840 0.000001551705 -0.000002406750 -0.001247606988 -0.000000001266 -0.000007994550 0.000258355185
0.023478384451 0.000293328840 0.007787979484 0.000004921138 -0.000002994578 -0.000260120814 0.000003057364 -0.000011842510 0.000476816381
0.000217303855 0.000001551705 0.000004921138 0.007224751087 0.000000000590 -0.000002382330 -0.000390546556 0.000148943358 0.000008832220
-0.000149878281 -0.000002406750 -0.000002994578 0.000000000590 0.007224716729 0.000001563726 0.000149141191 0.000390623093 0.000006842595
-0.057530044842 -0.001247606988 -0.000260120814 -0.000002382330 0.000001563726 0.002315312244 0.000000150646 0.000003152310 -0.000118317936
-0.000007922925 -0.000000001266 0.000003057364 -0.000390546556 0.000149141191 0.000000150646 0.000229544547 0.000000006378 -0.000000105069
-0.000128627357 -0.000007994550 -0.000011842510 0.000148943358 0.000390623093 0.000003152310 0.000000006378 0.000229526447 0.000000026311
0.004778587033 0.000258355185 0.000476816381 0.000008832220 0.000006842595 -0.000118317936 -0.000000105069 0.000000026311 0.000220241207

Trandens between roots 0 1
9 9
-0.244288623303 1.062080093789 0.134212761979 0.001191363567 -0.000778796123 -0.417632012007 0.000070711880 0.000694665737 -0.022589801933
-0.289045562311 0.244235102664 0.011155919521 0.000090388662 -0.000058409109 -0.073460758303 0.000010639098 0.000079640878 -0.002565365092
-0.009771818961 0.014667618102 -0.003533372277 0.000004650498 -0.000003855774 -0.004403457794 0.000033691462 -0.000060784782 0.002521174783
-0.000084463125 0.000131170599 0.000005206886 -0.004225780522 -0.000000150592 -0.000039705430 -0.002970685741 0.001134533272 0.000049333848
0.000057311778 -0.000091466445 -0.000004942251 -0.000000023160 -0.004226018890 0.000029254180 0.001135574603 0.002969498019 0.000059831680
0.013797640270 -0.036831145604 -0.004162688082 -0.000036892415 0.000024384650 0.012208700683 -0.000002594953 -0.000030425237 0.001027736091
0.000000770819 -0.000004003340 0.000003693231 -0.000315481867 0.000120670217 0.000001428098 -0.000034701400 -0.000000036110 -0.000000467025
0.000028776824 -0.000081845384 -0.000014768660 0.000120482682 0.000315248181 0.000027897706 0.000000094573 -0.000034741683 0.000001336545
-0.001030719405 0.002992576324 0.000556106059 0.000007127888 0.000004561814 -0.001014468234 -0.000000365369 0.000001596201 -0.000100565272

Trandens between roots 1 0
9 9
-0.244288623303 -0.289045562311 -0.009771818961 -0.000084463125 0.000057311778 0.013797640270 0.000000770819 0.000028776824 -0.001030719405
1.062080093789 0.244235102664 0.014667618102 0.000131170599 -0.000091466445 -0.036831145604 -0.000004003340 -0.000081845384 0.002992576324
0.134212761979 0.011155919521 -0.003533372277 0.000005206886 -0.000004942251 -0.004162688082 0.000003693231 -0.000014768660 0.000556106059
0.001191363567 0.000090388662 0.000004650498 -0.004225780522 -0.000000023160 -0.000036892415 -0.000315481867 0.000120482682 0.000007127888
-0.000778796123 -0.000058409109 -0.000003855774 -0.000000150592 -0.004226018890 0.000024384650 0.000120670217 0.000315248181 0.000004561814
-0.417632012007 -0.073460758303 -0.004403457794 -0.000039705430 0.000029254180 0.012208700683 0.000001428098 0.000027897706 -0.001014468234
0.000070711880 0.000010639098 0.000033691462 -0.002970685741 0.001135574603 -0.000002594953 -0.000034701400 0.000000094573 -0.000000365369
0.000694665737 0.000079640878 -0.000060784782 0.001134533272 0.002969498019 -0.000030425237 -0.000000036110 -0.000034741683 0.000001596201
-0.022589801933 -0.002565365092 0.002521174783 0.000049333848 0.000059831680 0.001027736091 -0.000000467025 0.000001336545 -0.000100565272

Trandens between roots 1 1
9 9
0.807058252264 -0.713025184158 -0.025174493881 -0.000196801786 0.000126859161 0.191220429009 -0.000033141850 -0.000210871617 0.006791493161
-0.713025184158 1.036826961493 0.086531915743 0.000750344380 -0.000490219419 -0.345622095715 0.000059332517 0.000525017612 -0.017142326836
-0.025174493881 0.086531915743 0.015337360816 0.000100237113 -0.000068392597 -0.034908168410 -0.000019557694 0.000113129432 -0.004137780445
-0.000196801786 0.000750344380 0.000100237113 0.004123836235 -0.000000796902 -0.000306284560 0.002317027148 -0.000884316620 -0.000058094549
0.000126859161 -0.000490219419 -0.000068392597 -0.000000796902 0.004123111386 0.000198554276 -0.000885717368 -0.002316596927 -0.000034565791
0.191220429009 -0.345622095715 -0.034908168410 -0.000306284560 0.000198554276 0.127648763077 -0.000020368310 -0.000187503870 0.006075846695
-0.000033141850 0.000059332517 -0.000019557694 0.002317027148 -0.000885717368 -0.000020368310 0.001633162193 -0.000000011835 -0.000000289439
-0.000210871617 0.000525017612 0.000113129432 -0.000884316620 -0.002316596927 -0.000187503870 -0.000000011835 0.001632690191 -0.000003691325
0.006791493161 -0.017142326836 -0.004137780445 -0.000058094549 -0.000034565791 0.006075846695 -0.000000289439 -0.000003691325 0.001615862345

State 0 :
Natural orbital occupations
9
1.856170557278 0.120696558609 0.007544056122 0.007249634904 0.007249579057 0.000496396623 0.000204647466 0.000204614410 0.000183955531
Natural orbitals (in MO basis)
9 9
-0.999049945854 -0.027615000310 0.010791606530 -0.000008742513 -0.000017874367 -0.031868921673 -0.000002041259 0.000020555990 -0.002128305662
-0.027726615028 0.999608960709 -0.002585260671 -0.000008691185 0.000008485311 0.002222009511 -0.000003053984 0.000019254355 -0.001240589399
-0.012699488960 -0.003147686308 -0.996005123536 0.002277976547 -0.009487410596 0.067335051127 -0.000549056987 0.000359717532 -0.056329111768
-0.000117521536 -0.000039385698 -0.008552649509 -0.665739784899 0.743762671243 0.000628456089 0.055896543424 -0.020221413351 -0.000860470835
0.000081072837 0.000015335357 0.004600226803 -0.743807980370 -0.665726984494 -0.000453434690 -0.020229671267 -0.055916510503 -0.000014524688
0.031023775837 0.002891248853 -0.067278153586 0.000068832283 0.000129943087 -0.997201295592 -0.000020071346 0.000144347609 -0.009609852803
0.000004277905 0.000001875184 0.000121879213 0.021235739641 -0.055525397487 -0.000016168649 0.998076523830 0.017513149159 -0.001581342326
0.000069500647 -0.000036465060 0.001467940154 -0.055516458629 -0.021247019125 0.000213121149 -0.017539606642 0.997917060636 -0.017837680946
-0.002581392867 0.001032985396 -0.056813924277 -0.001413950990 -0.000370347686 -0.005861332854 0.001284418765 0.017863845266 0.998201978070

State 1 :
Natural orbital occupations
9
1.742223068538 0.236250850091 0.005653586021 0.005652738757 0.005404030667 0.004578418195 0.000102608537 0.000102408925 0.000032290268
Natural orbitals (in MO basis)
9 9
-0.619321703701 -0.766109193363 -0.000407338131 -0.001792317866 -0.144006081330 0.092344872623 0.000000626412 -0.000160987559 0.015767053111
0.747467208381 -0.514610604727 -0.000578671405 -0.002982528291 -0.274446627406 0.317775435267 -0.000091160866 0.000152664192 -0.012540230935
0.051249135834 -0.169260071084 -0.006134785598 0.010750541597 0.815747672139 0.291530278908 0.005293454501 0.004048267183 -0.467004033629
0.000437332886 -0.001546189746 0.779193369188 -0.342101522780 0.009872768709 0.002930998832 -0.489516905171 -0.189887300212 -0.005622278597
-0.000285072454 0.001017238494 -0.342192212613 -0.779212659414 0.007289064681 0.000861077177 0.189924572152 -0.489488200560 -0.002662983742
-0.234503009782 0.344749715218 -0.000095049419 -0.001710459464 -0.298520266515 0.846379533690 -0.000108871851 0.001425985383 -0.143799609518
0.000040168908 -0.000056883820 0.524471739921 -0.025574233310 -0.001287123344 -0.000350458471 0.851031990227 0.004250126286 -0.000237265864
0.000329263021 -0.000824783805 0.025558740282 0.524364442771 0.002743250477 0.006165242607 0.004266474199 -0.850967134306 0.013382494525
-0.010718285563 0.027334640280 -0.000427136962 0.007173672279 -0.386293798797 -0.298488715744 -0.000405498617 -0.012748190600 -0.872126824818

