Number of strings: 9 9, CI size = 81
String addressing array alpha: 1 9
0 1 2 3 4 5 6 7 8

Alpha strings 9 1
1
2
3
4
5
6
7
8
9

Is hamiltonian hermitian? 1
Implicit Hamiltonian constructed
E(core)= 0.000000000000
H(1,1) + E(core) energy = -0.806762021500
Davidson: iter=0 dim=0 root=0 eigenvalue=-0.806762021500
Davidson: iter=1 dim=1 root=0 eigenvalue=-0.848593062189
Davidson: iter=2 dim=2 root=0 eigenvalue=-0.853023674148
Davidson: iter=3 dim=3 root=0 eigenvalue=-0.854903041733
Davidson: iter=4 dim=4 root=0 eigenvalue=-0.855200249187
Davidson: iter=5 dim=5 root=0 eigenvalue=-0.855232204434
Davidson: iter=6 dim=6 root=0 eigenvalue=-0.855236249499
Davidson: iter=7 dim=7 root=0 eigenvalue=-0.855236474410
Davidson: iter=8 dim=8 root=0 eigenvalue=-0.855236485654
Davidson: iter=9 dim=9 root=0 eigenvalue=-0.855236487118
Davidson: iter=10 dim=10 root=0 eigenvalue=-0.855236487176
Davidson: iter=11 dim=11 root=0 eigenvalue=-0.855236487182
Davidson: iter=12 dim=12 root=0 eigenvalue=-0.855236487182
Davidson: iter=12 dim=12 root=1 eigenvalue=-0.734024875347
root no. 0 converged
Davidson: iter=13 dim=13 root=0 eigenvalue=-0.855236487182
Davidson: iter=13 dim=13 root=1 eigenvalue=-0.734189103454
Davidson: iter=14 dim=14 root=0 eigenvalue=-0.855236487182
Davidson: iter=14 dim=14 root=1 eigenvalue=-0.734194788496
Davidson: iter=15 dim=15 root=0 eigenvalue=-0.855236487182
Davidson: iter=15 dim=15 root=1 eigenvalue=-0.734195049792
Davidson: iter=16 dim=16 root=0 eigenvalue=-0.855236487182
Davidson: iter=16 dim=16 root=1 eigenvalue=-0.734195063083
Davidson: iter=17 dim=17 root=0 eigenvalue=-0.855236487182
Davidson: iter=17 dim=17 root=1 eigenvalue=-0.734195065307
Davidson: iter=18 dim=18 root=0 eigenvalue=-0.855236487182
Davidson: iter=18 dim=18 root=1 eigenvalue=-0.734195065331
Davidson: iter=19 dim=19 root=0 eigenvalue=-0.855236487182
Davidson: iter=19 dim=19 root=1 eigenvalue=-0.734195065341
Davidson: iter=20 dim=20 root=0 eigenvalue=-0.855236487182
Davidson: iter=20 dim=20 root=1 eigenvalue=-0.734195065343
Davidson: iter=21 dim=21 root=0 eigenvalue=-0.855236487182
Davidson: iter=21 dim=21 root=1 eigenvalue=-0.734195065343
root no. 1 converged
Davidson converged in 21 iterations.
E(core)= 0.000000000000
E(0)= -0.855236487182
E(1)= -0.734195065343
FCI Excitation energies = 2
0.000000000000 0.121041421839

Vacuum coefficients in CI state 0 = -0.932607818910
Vacuum coefficients in CI state 1 = -0.263485736137
Eigenvector 0 in string basis
0: -0.932607818910 seniority 0 ... 1
1
 | 1
1

1: -0.080704335244 seniority 2 ... 1
1
 | 1
2

5: -0.054086781189 seniority 2 ... 1
1
 | 1
6

9: -0.080704335244 seniority 2 ... 1
2
 | 1
1

10: 0.319299189600 seniority 0 ... 1
2
 | 1
2

20: 0.052404167766 seniority 0 ... 1
3
 | 1
3

30: 0.051917276093 seniority 0 ... 1
4
 | 1
4

40: 0.051920131997 seniority 0 ... 1
5
 | 1
5

45: -0.054086781189 seniority 2 ... 1
6
 | 1
1

Eigenvector 1 in string basis
0: -0.263485736137 seniority 0 ... 1
1
 | 1
1

1: 0.545091856882 seniority 2 ... 1
1
 | 1
2

5: 0.215661187579 seniority 2 ... 1
1
 | 1
6

9: 0.545091856878 seniority 2 ... 1
2
 | 1
1

10: -0.446535381195 seniority 0 ... 1
2
 | 1
2

14: -0.113069696128 seniority 2 ... 1
2
 | 1
6

20: 0.055526106051 seniority 0 ... 1
3
 | 1
3

30: 0.051050384492 seniority 0 ... 1
4
 | 1
4

40: 0.051042656520 seniority 0 ... 1
5
 | 1
5

45: 0.215661187579 seniority 2 ... 1
6
 | 1
1

46: -0.113069696128 seniority 2 ... 1
6
 | 1
2

Seniority vectors for all roots (nroots/seniority)
2 2
0.980257662312 0.019742337688
0.279646319674 1.030745766326

Calculating transition densities
Root 0 MO occupations numbers (density matrix diagonal)
9
1.758978611995 0.217025873559 0.006215045111 0.005430198153 0.005430681294 0.006339127246 0.000198357378 0.000198488488 0.000183616775
Root 1 MO occupations numbers (density matrix diagonal)
9
0.831270359774 1.018807236947 0.011770590013 0.005868475904 0.005867338779 0.123332100413 0.000866099459 0.000865121526 0.001352677185
Transition densities done:
Trandens between roots 0 0
9 9
1.758978611995 0.099723578266 0.031371576345 0.000042781524 -0.000055307146 0.100504137562 -0.000062725264 -0.000010443972 -0.002604548978
0.099723578266 0.217025873559 -0.000366943513 0.000002904993 0.000000808565 0.005200045224 0.000005777126 0.000002364974 0.000270702887
0.031371576345 -0.000366943513 0.006215045111 0.000000717776 -0.000001317952 0.001111615935 -0.000014001925 -0.000002503543 -0.000561928590
0.000042781524 0.000002904993 0.000000717776 0.005430198153 -0.000000000670 0.000001244286 0.000148032538 0.000519249499 -0.000006103998
-0.000055307146 0.000000808565 -0.000001317952 -0.000000000670 0.005430681294 -0.000001837526 -0.000518392183 0.000147925984 0.000012418034
0.100504137562 0.005200045224 0.001111615935 0.000001244286 -0.000001837526 0.006339127246 -0.000001944959 -0.000000379139 -0.000075723933
-0.000062725264 0.000005777126 -0.000014001925 0.000148032538 -0.000518392183 -0.000001944959 0.000198357378 0.000000041617 -0.000000275070
-0.000010443972 0.000002364974 -0.000002503543 0.000519249499 0.000147925984 -0.000000379139 0.000000041617 0.000198488488 -0.000000056344
-0.002604548978 0.000270702887 -0.000561928590 -0.000006103998 0.000012418034 -0.000075723933 -0.000000275070 -0.000000056344 0.000183616775

Trandens between roots 0 1
9 9
0.378524312623 -0.932204949684 -0.092692535708 -0.000210867484 0.000198942034 -0.389486036784 -0.000652119974 -0.000159947534 -0.025567500090
0.387906309096 -0.371876831017 -0.012605606228 -0.000053025067 0.000034329178 -0.107621507430 -0.000180833954 -0.000044160813 -0.007207324014
0.006775810842 -0.014085906898 0.003953077702 -0.000002776607 0.000002078120 -0.005811998869 0.000034758023 0.000005533549 0.001315378349
0.000018727240 -0.000027768263 -0.000001700328 0.005140021640 -0.000000014353 -0.000010089546 -0.000491328704 -0.001721195193 0.000018393408
-0.000013535207 0.000025848729 0.000001506075 0.000000079563 0.005139681313 0.000010291304 0.001721587169 -0.000491772087 -0.000038478648
0.027869570098 -0.057125758404 -0.005542159635 -0.000012859447 0.000011973070 -0.020975686233 -0.000045455375 -0.000010488365 -0.001807937963
0.000004700854 0.000015924826 -0.000000302036 0.000035540007 -0.000124248164 0.000008113659 0.000021798966 -0.000000021905 0.000000631348
0.000003747953 0.000000215573 -0.000000144945 0.000125036162 0.000035369380 0.000000703696 -0.000000117307 0.000021569094 0.000000061361
0.000215817912 0.000625102911 -0.000030704934 -0.000001479843 0.000003180356 0.000324263989 0.000000660573 0.000000162989 0.000052055912

Trandens between roots 1 0
9 9
0.378524312623 0.387906309096 0.006775810842 0.000018727240 -0.000013535207 0.027869570098 0.000004700854 0.000003747953 0.000215817912
-0.932204949684 -0.371876831017 -0.014085906898 -0.000027768263 0.000025848729 -0.057125758404 0.000015924826 0.000000215573 0.000625102911
-0.092692535708 -0.012605606228 0.003953077702 -0.000001700328 0.000001506075 -0.005542159635 -0.000000302036 -0.000000144945 -0.000030704934
-0.000210867484 -0.000053025067 -0.000002776607 0.005140021640 0.000000079563 -0.000012859447 0.000035540007 0.000125036162 -0.000001479843
0.000198942034 0.000034329178 0.000002078120 -0.000000014353 0.005139681313 0.000011973070 -0.000124248164 0.000035369380 0.000003180356
-0.389486036784 -0.107621507430 -0.005811998869 -0.000010089546 0.000010291304 -0.020975686233 0.000008113659 0.000000703696 0.000324263989
-0.000652119974 -0.000180833954 0.000034758023 -0.000491328704 0.001721587169 -0.000045455375 0.000021798966 -0.000000117307 0.000000660573
-0.000159947534 -0.000044160813 0.000005533549 -0.001721195193 -0.000491772087 -0.000010488365 -0.000000021905 0.000021569094 0.000000162989
-0.025567500090 -0.007207324014 0.001315378349 0.000018393408 -0.000038478648 -0.001807937963 0.000000631348 0.000000061361 0.000052055912

Trandens between roots 1 1
9 9
0.831270359774 -0.823678283201 -0.022398926910 -0.000104922239 0.000064044962 -0.215683825789 -0.000408464178 -0.000100625607 -0.016289853172
-0.823678283201 1.018807236947 0.055565377610 0.000167400245 -0.000131372654 0.325354789789 0.000588385494 0.000143741299 0.023313995632
-0.022398926910 0.055565377610 0.011770590013 0.000013124223 -0.000012506617 0.024433005097 0.000092553317 0.000019052009 0.003581070654
-0.000104922239 0.000167400245 0.000013124223 0.005868475904 -0.000000010350 0.000063382140 -0.000609054067 -0.002134193443 0.000027969429
0.000064044962 -0.000131372654 -0.000012506617 -0.000000010350 0.005867338779 -0.000055113353 0.002134291846 -0.000609701631 -0.000052305855
-0.215683825789 0.325354789789 0.024433005097 0.000063382140 -0.000055113353 0.123332100413 0.000194179488 0.000048178763 0.007624604114
-0.000408464178 0.000588385494 0.000092553317 -0.000609054067 0.002134291846 0.000194179488 0.000866099459 -0.000000076162 0.000013563473
-0.000100625607 0.000143741299 0.000019052009 -0.002134193443 -0.000609701631 0.000048178763 -0.000000076162 0.000865121526 0.000003350405
-0.016289853172 0.023313995632 0.003581070654 0.000027969429 -0.000052305855 0.007624604114 0.000013563473 0.000003350405 0.001352677185

State 0 :
Natural orbital occupations
9
1.771697952113 0.210639289453 0.005771944171 0.005485672228 0.005485347603 0.000501973017 0.000143357348 0.000143350643 0.000131113424
Natural orbitals (in MO basis)
9 9
0.996161569037 -0.063644296530 -0.010760629106 -0.000000213350 -0.000005314244 0.059105615759 0.000009383240 0.000002036807 0.001505596248
0.064084154121 0.997885164977 0.010179951450 -0.000002352463 -0.000007859388 -0.003675220188 -0.000005732788 0.000004920043 -0.001131340358
0.017724176783 -0.011596538109 0.986758474588 0.001628249838 -0.000446162737 -0.133832645709 0.000749400721 -0.000040459267 0.089131903012
0.000024281539 0.000000789313 0.000418395085 -0.000807888148 0.994824210665 -0.000248747971 -0.036130688167 0.094965063829 0.000331203569
-0.000031236341 0.000021231794 -0.001606988294 0.994838085548 0.000808794930 0.000263361634 0.094824409568 0.036078205553 -0.000755400962
0.056912743099 -0.005974138801 -0.132784537303 0.000043645839 -0.000184093522 -0.989116519091 -0.000137807110 -0.000048891202 -0.027239135032
-0.000035254285 0.000047136931 -0.002135829436 -0.097565251801 0.027777305150 -0.000329749583 0.991042744865 0.085188697753 0.016790849226
-0.000005820046 0.000014538071 -0.000412484341 0.027752890064 0.097729870350 -0.000017410348 0.085134852669 -0.991170644537 0.003359927392
-0.001462857897 0.002104310773 -0.091918809578 0.002162518344 -0.001093820763 -0.015169484963 -0.016989959400 0.001906531902 0.995497907874

State 1 :
Natural orbital occupations
9
1.843494121729 0.132583101396 0.006711151887 0.006710727389 0.006290700209 0.004137237657 0.000028254411 0.000022359380 0.000022345943
Natural orbitals (in MO basis)
9 9
0.643624043568 0.712302361007 0.000032283190 -0.000126032373 0.052121723252 0.275055416665 -0.001123845805 -0.000028149832 -0.000005053397
-0.732202325609 0.471526637061 -0.000143137117 0.000042170936 0.012331385446 0.490048088489 0.035238515970 0.000401548625 0.001120848416
-0.033043950632 0.183834465856 -0.002664701831 0.004397509377 -0.896837616909 -0.227450253021 0.330007492122 0.004472549000 0.010500976697
-0.000111259607 0.000294851440 0.934366516984 0.031055673691 -0.002639232419 -0.000058784263 0.005080901931 0.233549246575 -0.267238886788
0.000081612028 -0.000358324444 -0.031035739161 0.934298430366 0.004726432824 0.000261745725 -0.010520334970 0.267360570653 0.233470192933
-0.219731488540 0.485464350047 0.000614929137 -0.000969950071 0.271481492659 -0.794888070104 -0.102379470065 -0.001309766562 -0.002933020161
-0.000401282514 0.000738054573 -0.108720384681 0.337980826013 -0.006877532712 0.000463405812 0.007650123975 -0.508079237453 -0.784663993262
-0.000098280433 0.000172173606 -0.337874188188 -0.108784668191 -0.001084429078 0.000055450827 0.001240723784 0.784727351665 -0.508140880772
-0.015931900649 0.028573437693 0.003066829175 -0.006045560982 -0.345012419749 0.024828156455 -0.937642749884 -0.003108936437 -0.007083778728

