Number of strings: 9 9, CI size = 81
String addressing array alpha: 1 9
0 1 2 3 4 5 6 7 8

Alpha strings 9 1
1
2
3
4
5
6
7
8
9

Is hamiltonian hermitian? 1
Implicit Hamiltonian constructed
E(core)= 0.000000000000
H(1,1) + E(core) energy = -1.055602727100
Davidson: iter=0 dim=0 root=0 eigenvalue=-1.055602727100
Davidson: iter=1 dim=1 root=0 eigenvalue=-1.087349354330
Davidson: iter=2 dim=2 root=0 eigenvalue=-1.090028547048
Davidson: iter=3 dim=3 root=0 eigenvalue=-1.090433636433
Davidson: iter=4 dim=4 root=0 eigenvalue=-1.090471354424
Davidson: iter=5 dim=5 root=0 eigenvalue=-1.090473632706
Davidson: iter=6 dim=6 root=0 eigenvalue=-1.090473869280
Davidson: iter=7 dim=7 root=0 eigenvalue=-1.090473875163
Davidson: iter=8 dim=8 root=0 eigenvalue=-1.090473875609
Davidson: iter=9 dim=9 root=0 eigenvalue=-1.090473875625
Davidson: iter=10 dim=10 root=0 eigenvalue=-1.090473875626
Davidson: iter=10 dim=10 root=1 eigenvalue=-0.719426869521
root no. 0 converged
Davidson: iter=11 dim=11 root=0 eigenvalue=-1.090473875626
Davidson: iter=11 dim=11 root=1 eigenvalue=-0.727151272917
Davidson: iter=12 dim=12 root=0 eigenvalue=-1.090473875626
Davidson: iter=12 dim=12 root=1 eigenvalue=-0.727657378018
Davidson: iter=13 dim=13 root=0 eigenvalue=-1.090473875626
Davidson: iter=13 dim=13 root=1 eigenvalue=-0.727719500423
Davidson: iter=14 dim=14 root=0 eigenvalue=-1.090473875626
Davidson: iter=14 dim=14 root=1 eigenvalue=-0.727725403339
Davidson: iter=15 dim=15 root=0 eigenvalue=-1.090473875626
Davidson: iter=15 dim=15 root=1 eigenvalue=-0.727728443926
Davidson: iter=16 dim=16 root=0 eigenvalue=-1.090473875626
Davidson: iter=16 dim=16 root=1 eigenvalue=-0.727728542763
Davidson: iter=17 dim=17 root=0 eigenvalue=-1.090473875626
Davidson: iter=17 dim=17 root=1 eigenvalue=-0.727728558669
Davidson: iter=18 dim=18 root=0 eigenvalue=-1.090473875626
Davidson: iter=18 dim=18 root=1 eigenvalue=-0.727728577108
Davidson: iter=19 dim=19 root=0 eigenvalue=-1.090473875626
Davidson: iter=19 dim=19 root=1 eigenvalue=-0.727728579314
Davidson: iter=20 dim=20 root=0 eigenvalue=-1.090473875626
Davidson: iter=20 dim=20 root=1 eigenvalue=-0.727728579838
Davidson: iter=21 dim=21 root=0 eigenvalue=-1.090473875626
Davidson: iter=21 dim=21 root=1 eigenvalue=-0.727728579874
Davidson: iter=22 dim=22 root=0 eigenvalue=-1.090473875626
Davidson: iter=22 dim=22 root=1 eigenvalue=-0.727728579878
Davidson: iter=23 dim=23 root=0 eigenvalue=-1.090473875626
Davidson: iter=23 dim=23 root=1 eigenvalue=-0.727728579878
root no. 1 converged
Davidson converged in 23 iterations.
E(core)= 0.000000000000
E(0)= -1.090473875626
E(1)= -0.727728579878
FCI Excitation energies = 2
0.000000000000 0.362745295749

Vacuum coefficients in CI state 0 = -0.984459260577
Vacuum coefficients in CI state 1 = -0.031557825331
Eigenvector 0 in string basis
0: -0.984459260577 seniority 0 ... 1
1
 | 1
1

10: 0.122605584512 seniority 0 ... 1
2
 | 1
2

20: 0.073162112931 seniority 0 ... 1
3
 | 1
3

30: 0.073161007593 seniority 0 ... 1
4
 | 1
4

40: 0.067216502404 seniority 0 ... 1
5
 | 1
5

Eigenvector 1 in string basis
1: -0.628960320786 seniority 2 ... 1
1
 | 1
2

5: 0.244727644394 seniority 2 ... 1
1
 | 1
6

9: -0.628960321349 seniority 2 ... 1
2
 | 1
1

10: -0.238295207357 seniority 0 ... 1
2
 | 1
2

14: 0.096989114318 seniority 2 ... 1
2
 | 1
6

45: 0.244727644481 seniority 2 ... 1
6
 | 1
1

46: 0.096989114336 seniority 2 ... 1
6
 | 1
2

Seniority vectors for all roots (nroots/seniority)
2 2
0.999903192477 0.000096807523
0.059772315183 1.377587164517

Calculating transition densities
Root 0 MO occupations numbers (density matrix diagonal)
9
1.938400960934 0.030069771687 0.010708751902 0.010708455704 0.009061169491 0.000352187816 0.000266620352 0.000266663720 0.000165418395
Root 1 MO occupations numbers (density matrix diagonal)
9
0.913642849500 0.925763887371 0.003521011316 0.003524001246 0.006696840346 0.138886315103 0.003290711740 0.003290228064 0.001384155314
Transition densities done:
Trandens between roots 0 0
9 9
1.938400960934 0.000174268630 0.000037022541 -0.000107746890 0.005356425684 0.010504435111 0.000009262957 0.000002531517 0.003225427743
0.000174268630 0.030069771687 0.000003739412 -0.000010907224 0.000562288452 -0.000154837191 -0.000000117520 0.000000200626 0.000132968876
0.000037022541 0.000003739412 0.010708751902 0.000000215999 -0.000010923451 -0.000000269178 -0.000007580482 -0.000219212128 0.000000969314
-0.000107746890 -0.000010907224 0.000000215999 0.010708455704 0.000031085799 0.000000889682 -0.000219124905 0.000007564946 -0.000002361114
0.005356425684 0.000562288452 -0.000010923451 0.000031085799 0.009061169491 -0.000028799874 -0.000006582640 0.000002711336 0.000207960039
0.010504435111 -0.000154837191 -0.000000269178 0.000000889682 -0.000028799874 0.000352187816 0.000000109688 -0.000000008461 0.000008780766
0.000009262957 -0.000000117520 -0.000007580482 -0.000219124905 -0.000006582640 0.000000109688 0.000266620352 -0.000000000539 -0.000000205294
0.000002531517 0.000000200626 -0.000219212128 0.000007564946 0.000002711336 -0.000000008461 -0.000000000539 0.000266663720 0.000000019178
0.003225427743 0.000132968876 0.000000969314 -0.000002361114 0.000207960039 0.000008780766 -0.000000205294 0.000000019178 0.000165418395

Trandens between roots 0 1
9 9
0.059743035829 1.237569123578 -0.000228457622 -0.000534143305 0.026646298781 -0.481981441993 -0.000216572009 0.000177847575 0.024646681481
-0.154555164541 -0.058512324892 -0.000038623957 0.000163730557 -0.008044047250 0.023763408878 0.000013241586 -0.000008401329 -0.000204180634
0.000005465559 -0.000000581627 -0.001951777917 -0.000000800749 0.000049061361 0.000001670743 0.000202620374 0.005833704258 -0.000020553507
0.000073893384 0.000032656986 -0.000000804997 -0.001953420947 -0.000137902242 -0.000011255526 0.005833245911 -0.000201956926 0.000048295470
-0.003720738458 -0.001557817879 0.000048175971 -0.000138409569 0.005105541083 0.000368499282 0.000108526149 -0.000044402333 -0.002748472229
0.007000610588 0.009438384935 0.000000525978 -0.000009397710 0.000436604191 -0.002675513686 -0.000001021202 0.000001077904 0.000204269000
0.000004147754 0.000008442097 0.000032987300 0.000950237060 0.000016962646 -0.000002580588 0.000048968171 0.000000030199 0.000001164689
-0.000003740104 -0.000000136612 0.000950317844 -0.000032910067 -0.000006838496 -0.000000262490 0.000000003280 0.000048905315 -0.000000304258
-0.000855528816 0.001718085218 -0.000002588437 0.000003948463 -0.000264810183 -0.000646619373 0.000000688367 -0.000000068959 0.000146587045

Trandens between roots 1 0
9 9
0.059743035829 -0.154555164541 0.000005465559 0.000073893384 -0.003720738458 0.007000610588 0.000004147754 -0.000003740104 -0.000855528816
1.237569123578 -0.058512324892 -0.000000581627 0.000032656986 -0.001557817879 0.009438384935 0.000008442097 -0.000000136612 0.001718085218
-0.000228457622 -0.000038623957 -0.001951777917 -0.000000804997 0.000048175971 0.000000525978 0.000032987300 0.000950317844 -0.000002588437
-0.000534143305 0.000163730557 -0.000000800749 -0.001953420947 -0.000138409569 -0.000009397710 0.000950237060 -0.000032910067 0.000003948463
0.026646298781 -0.008044047250 0.000049061361 -0.000137902242 0.005105541083 0.000436604191 0.000016962646 -0.000006838496 -0.000264810183
-0.481981441993 0.023763408878 0.000001670743 -0.000011255526 0.000368499282 -0.002675513686 -0.000002580588 -0.000000262490 -0.000646619373
-0.000216572009 0.000013241586 0.000202620374 0.005833245911 0.000108526149 -0.000001021202 0.000048968171 0.000000003280 0.000000688367
0.000177847575 -0.000008401329 0.005833704258 -0.000201956926 -0.000044402333 0.000001077904 0.000000030199 0.000048905315 -0.000000068959
0.024646681481 -0.000204180634 -0.000020553507 0.000048295470 -0.002748472229 0.000204269000 0.000001164689 -0.000000304258 0.000146587045

Trandens between roots 1 1
9 9
0.913642849500 0.387847403453 0.000213519242 -0.000969260674 0.047519273733 -0.136035617109 -0.000071536635 0.000066489999 0.003054192862
0.387847403453 0.925763887371 -0.000076382189 -0.000662125565 0.032635916314 -0.354113441678 -0.000159413999 0.000136120963 0.017839415333
0.000213519242 -0.000076382189 0.003521011316 -0.000000348915 0.000011387274 0.000031561560 -0.000016533837 -0.000478428305 -0.000016418604
-0.000969260674 -0.000662125565 -0.000000348915 0.003524001246 -0.000064619067 0.000248996138 -0.000480103901 0.000016632485 0.000031924899
0.047519273733 0.032635916314 0.000011387274 -0.000064619067 0.006696840346 -0.012271043021 -0.000018156261 0.000008038341 -0.001583622870
-0.136035617109 -0.354113441678 0.000031561560 0.000248996138 -0.012271043021 0.138886315103 0.000061305042 -0.000051252166 -0.006644023729
-0.000071536635 -0.000159413999 -0.000016533837 -0.000480103901 -0.000018156261 0.000061305042 0.003290711740 -0.000000103097 -0.000004470908
0.000066489999 0.000136120963 -0.000478428305 0.000016632485 0.000008038341 -0.000051252166 -0.000000103097 0.003290228064 0.000001791422
0.003054192862 0.017839415333 -0.000016418604 0.000031924899 -0.001583622870 -0.006644023729 -0.000004470908 0.000001791422 0.001384155314

State 0 :
Natural orbital occupations
9
1.938478155602 0.030086230270 0.010713647934 0.010713429862 0.009035260662 0.000294423449 0.000262057640 0.000262014455 0.000154780127
Natural orbitals (in MO basis)
9 9
-0.999980068212 -0.000145121315 -0.000002920721 -0.000000705707 0.002775912383 0.005353339932 0.000003011619 -0.000006255136 -0.001864972704
-0.000091808977 0.999617447233 -0.000012721161 -0.000000113432 0.026882169720 -0.005302670810 0.000001237976 0.000006064281 -0.003765792196
-0.000019188830 0.000177760918 -0.040354766827 0.998942749627 -0.006647205355 -0.000046543647 -0.020989411201 -0.000301419245 -0.000100267094
0.000055846703 -0.000519670324 -0.998791017891 -0.040222634354 0.018921870394 0.000130646354 0.000299561656 -0.020979600000 0.000285463331
-0.002776257614 0.026748507823 -0.018637476899 -0.007403798223 -0.999171968923 -0.007364938890 0.000256724346 -0.000696935460 -0.021799553127
-0.005419743764 -0.005281244576 -0.000035584306 -0.000009559979 0.006172747762 -0.998764620122 -0.000425362957 0.001832888026 0.048685971717
-0.000004775966 -0.000006166934 0.020990523695 0.000123488730 0.000286141906 -0.001765935669 -0.020217847057 -0.999572893009 0.001205163882
-0.000001307581 0.000007711070 0.000118684770 -0.020992594402 -0.000125088884 0.000471656436 -0.999575053589 0.020217154403 0.000194000323
-0.001664334496 0.004611090712 -0.000149071335 -0.000045434005 -0.022013562233 0.048526842872 0.000242757578 0.001103850334 0.998566580018

State 1 :
Natural orbital occupations
9
1.407674607159 0.570868955339 0.005086609308 0.003901163839 0.003897956298 0.002913144340 0.002912222351 0.002742231934 0.000003109433
Natural orbitals (in MO basis)
9 9
0.641252058952 0.765806523103 0.039755564945 -0.000029678393 -0.000002688791 0.000116160485 -0.000008320526 0.023368689028 -0.014475877910
0.717233484733 -0.593746260381 0.065356365364 -0.000009438254 0.000219686394 -0.001388903705 0.000067403989 -0.357083279180 -0.035490871364
0.000052597943 0.000382844545 -0.005785537543 0.046911563935 0.784155485501 -0.618698458786 0.008220023330 0.000992689715 0.003085583779
-0.000830192599 -0.000511697770 0.017431501934 -0.784126011894 0.047009458398 -0.008292869506 -0.618444516963 0.003221938806 -0.008884077997
0.040804754093 0.024873400953 -0.878258774313 -0.015568381993 -0.004379361141 0.003291692940 -0.012731213664 -0.164487624679 0.445967667295
-0.269386097294 0.245118618567 0.154935015237 -0.000371513020 -0.000290928811 -0.003294677292 0.000559149958 -0.918055538847 -0.022489371996
-0.000126119612 0.000096481637 0.001067114029 0.615869871870 -0.058370497614 -0.037716409192 -0.784775613542 -0.000349601122 0.000780147168
0.000109930030 -0.000074859484 0.000219928069 -0.058369340978 -0.616006338116 -0.784663577701 0.037721329185 0.003034603662 0.000328194847
0.011717846153 -0.017421277120 0.445495443470 -0.000714203932 0.000223778495 0.000595844522 0.000864468162 0.045194995955 0.893895268403

