Number of strings: 9 9, CI size = 81
String addressing array alpha: 1 9
0 1 2 3 4 5 6 7 8

Alpha strings 9 1
1
2
3
4
5
6
7
8
9

Is hamiltonian hermitian? 1
Implicit Hamiltonian constructed
E(core)= 0.000000000000
H(1,1) + E(core) energy = -1.036274400300
Davidson: iter=0 dim=0 root=0 eigenvalue=-1.036274400300
Davidson: iter=1 dim=1 root=0 eigenvalue=-1.068221718526
Davidson: iter=2 dim=2 root=0 eigenvalue=-1.070872650956
Davidson: iter=3 dim=3 root=0 eigenvalue=-1.071288831945
Davidson: iter=4 dim=4 root=0 eigenvalue=-1.071328496636
Davidson: iter=5 dim=5 root=0 eigenvalue=-1.071330788599
Davidson: iter=6 dim=6 root=0 eigenvalue=-1.071331030459
Davidson: iter=7 dim=7 root=0 eigenvalue=-1.071331037026
Davidson: iter=8 dim=8 root=0 eigenvalue=-1.071331037545
Davidson: iter=9 dim=9 root=0 eigenvalue=-1.071331037561
Davidson: iter=10 dim=10 root=0 eigenvalue=-1.071331037562
Davidson: iter=10 dim=10 root=1 eigenvalue=-0.713723565182
root no. 0 converged
Davidson: iter=11 dim=11 root=0 eigenvalue=-1.071331037562
Davidson: iter=11 dim=11 root=1 eigenvalue=-0.723095142596
Davidson: iter=12 dim=12 root=0 eigenvalue=-1.071331037562
Davidson: iter=12 dim=12 root=1 eigenvalue=-0.723741074449
Davidson: iter=13 dim=13 root=0 eigenvalue=-1.071331037562
Davidson: iter=13 dim=13 root=1 eigenvalue=-0.723818838562
Davidson: iter=14 dim=14 root=0 eigenvalue=-1.071331037562
Davidson: iter=14 dim=14 root=1 eigenvalue=-0.723824712060
Davidson: iter=15 dim=15 root=0 eigenvalue=-1.071331037562
Davidson: iter=15 dim=15 root=1 eigenvalue=-0.723826836561
Davidson: iter=16 dim=16 root=0 eigenvalue=-1.071331037562
Davidson: iter=16 dim=16 root=1 eigenvalue=-0.723826903329
Davidson: iter=17 dim=17 root=0 eigenvalue=-1.071331037562
Davidson: iter=17 dim=17 root=1 eigenvalue=-0.723826975802
Davidson: iter=18 dim=18 root=0 eigenvalue=-1.071331037562
Davidson: iter=18 dim=18 root=1 eigenvalue=-0.723826995943
Davidson: iter=19 dim=19 root=0 eigenvalue=-1.071331037562
Davidson: iter=19 dim=19 root=1 eigenvalue=-0.723826997256
Davidson: iter=20 dim=20 root=0 eigenvalue=-1.071331037562
Davidson: iter=20 dim=20 root=1 eigenvalue=-0.723826997622
Davidson: iter=21 dim=21 root=0 eigenvalue=-1.071331037562
Davidson: iter=21 dim=21 root=1 eigenvalue=-0.723826997629
Davidson: iter=22 dim=22 root=0 eigenvalue=-1.071331037562
Davidson: iter=22 dim=22 root=1 eigenvalue=-0.723826997630
root no. 1 converged
Davidson converged in 22 iterations.
E(core)= 0.000000000000
E(0)= -1.071331037562
E(1)= -0.723826997630
FCI Excitation energies = 2
0.000000000000 0.347504039932

Vacuum coefficients in CI state 0 = -0.983730553353
Vacuum coefficients in CI state 1 = 0.034417511334
Eigenvector 0 in string basis
0: -0.983730553353 seniority 0 ... 1
1
 | 1
1

10: 0.128810744827 seniority 0 ... 1
2
 | 1
2

20: 0.072218027923 seniority 0 ... 1
3
 | 1
3

30: 0.072212878191 seniority 0 ... 1
4
 | 1
4

40: 0.068007347158 seniority 0 ... 1
5
 | 1
5

Eigenvector 1 in string basis
1: 0.626884386287 seniority 2 ... 1
1
 | 1
2

5: -0.244781185376 seniority 2 ... 1
1
 | 1
6

9: 0.626884386148 seniority 2 ... 1
2
 | 1
1

10: 0.243438532420 seniority 0 ... 1
2
 | 1
2

14: -0.099566415216 seniority 2 ... 1
2
 | 1
6

45: -0.244781185355 seniority 2 ... 1
6
 | 1
1

46: -0.099566415212 seniority 2 ... 1
6
 | 1
2

Seniority vectors for all roots (nroots/seniority)
2 2
0.999877374722 0.000122625278
0.062085588269 1.364070267131

Calculating transition densities
Root 0 MO occupations numbers (density matrix diagonal)
9
1.935557907095 0.033189741851 0.010434310233 0.010432876619 0.009280996381 0.000380306330 0.000270646957 0.000270618213 0.000182596322
Root 1 MO occupations numbers (density matrix diagonal)
9
0.909499884594 0.927199891824 0.003491989151 0.003492252663 0.007429346785 0.140117111063 0.003380382812 0.003379208754 0.002009932355
Transition densities done:
Trandens between roots 0 0
9 9
1.935557907095 -0.000592651131 0.000116958149 0.000227102155 -0.006187151847 0.011976934408 -0.000011310695 0.000014925704 0.003713815541
-0.000592651131 0.033189741851 0.000009996271 0.000019243398 -0.000548918224 -0.000163148871 0.000000172784 0.000000144658 0.000150362195
0.000116958149 0.000009996271 0.010434310233 -0.000000741374 0.000020801439 -0.000001228652 -0.000215721039 -0.000034790016 0.000003076618
0.000227102155 0.000019243398 -0.000000741374 0.010432876619 0.000040102979 -0.000001722186 0.000034866685 -0.000215514238 0.000006028550
-0.006187151847 -0.000548918224 0.000020801439 0.000040102979 0.009280996381 0.000059231269 -0.000003876514 -0.000011640207 -0.000218673204
0.011976934408 -0.000163148871 -0.000001228652 -0.000001722186 0.000059231269 0.000380306330 -0.000000115911 0.000000003313 0.000010503452
-0.000011310695 0.000000172784 -0.000215721039 0.000034866685 -0.000003876514 -0.000000115911 0.000270646957 0.000000009086 0.000000092713
0.000014925704 0.000000144658 -0.000034790016 -0.000215514238 -0.000011640207 0.000000003313 0.000000009086 0.000270618213 0.000000298935
0.003713815541 0.000150362195 0.000003076618 0.000006028550 -0.000218673204 0.000010503452 0.000000092713 0.000000298935 0.000182596322

Trandens between roots 0 1
9 9
-0.064455489063 -1.232238853801 -0.000484870877 -0.000057751713 0.032890484605 0.481688785134 -0.000353080963 0.000153498656 -0.038329487319
0.161862726328 0.063364588510 0.000179379993 0.000303566013 -0.009712860674 -0.025856922859 0.000020744577 -0.000007840953 0.000512487774
0.000067292757 0.000030028617 0.001540265697 -0.000004128924 0.000118494229 -0.000014414199 -0.005767550567 -0.000932951042 0.000052699671
0.000064439202 0.000032961510 -0.000004059470 0.001532137883 0.000225563547 -0.000007704505 0.000936024860 -0.005763208742 0.000103165768
-0.004166745087 -0.001725364087 0.000118327083 0.000222851353 -0.004752797313 0.000545438295 -0.000073013535 -0.000218977351 -0.002989456439
-0.007176212300 -0.010494599024 -0.000010461791 -0.000011157316 0.000565238844 0.003042147633 -0.000002197249 0.000000732758 -0.000344252057
0.000005825169 0.000010011959 -0.000951500076 0.000154373736 -0.000012102741 -0.000003027132 -0.000047074317 0.000000107474 0.000000779962
0.000001007005 -0.000008024668 -0.000153938615 -0.000950756590 -0.000034682532 0.000002831081 -0.000000008423 -0.000047084245 0.000000896642
0.001066218850 -0.001950498833 0.000005384524 0.000012204181 -0.000315895531 0.000733266114 -0.000000106312 0.000001291510 -0.000176694785

Trandens between roots 1 0
9 9
-0.064455489063 0.161862726328 0.000067292757 0.000064439202 -0.004166745087 -0.007176212300 0.000005825169 0.000001007005 0.001066218850
-1.232238853801 0.063364588510 0.000030028617 0.000032961510 -0.001725364087 -0.010494599024 0.000010011959 -0.000008024668 -0.001950498833
-0.000484870877 0.000179379993 0.001540265697 -0.000004059470 0.000118327083 -0.000010461791 -0.000951500076 -0.000153938615 0.000005384524
-0.000057751713 0.000303566013 -0.000004128924 0.001532137883 0.000222851353 -0.000011157316 0.000154373736 -0.000950756590 0.000012204181
0.032890484605 -0.009712860674 0.000118494229 0.000225563547 -0.004752797313 0.000565238844 -0.000012102741 -0.000034682532 -0.000315895531
0.481688785134 -0.025856922859 -0.000014414199 -0.000007704505 0.000545438295 0.003042147633 -0.000003027132 0.000002831081 0.000733266114
-0.000353080963 0.000020744577 -0.005767550567 0.000936024860 -0.000073013535 -0.000002197249 -0.000047074317 -0.000000008423 -0.000000106312
0.000153498656 -0.000007840953 -0.000932951042 -0.005763208742 -0.000218977351 0.000000732758 0.000000107474 -0.000047084245 0.000001291510
-0.038329487319 0.000512487774 0.000052699671 0.000103165768 -0.002989456439 -0.000344252057 0.000000779962 0.000000896642 -0.000176694785

Trandens between roots 1 1
9 9
0.909499884594 0.398458409095 0.001018479902 0.001688658028 -0.055261501566 -0.140209422620 0.000108230842 0.000006473154 0.005481698476
0.398458409095 0.927199891824 0.000657775473 0.000615833302 -0.039823241087 -0.355612350219 0.000261207984 -0.000099399362 0.027564208432
0.001018479902 0.000657775473 0.003491989151 0.000002054659 -0.000071189126 -0.000243635356 -0.000266635704 -0.000043272216 -0.000025399239
0.001688658028 0.000615833302 0.000002054659 0.003492252663 -0.000108155195 -0.000217598618 0.000043227922 -0.000265260128 -0.000065906143
-0.055261501566 -0.039823241087 -0.000071189126 -0.000108155195 0.007429346785 0.014842455104 -0.000016232181 -0.000008546406 0.001177604054
-0.140209422620 -0.355612350219 -0.000243635356 -0.000217598618 0.014842455104 0.140117111063 -0.000100303017 0.000039870347 -0.010424106578
0.000108230842 0.000261207984 -0.000266635704 0.000043227922 -0.000016232181 -0.000100303017 0.003380382812 0.000000162946 0.000008448881
0.000006473154 -0.000099399362 -0.000043272216 -0.000265260128 -0.000008546406 0.000039870347 0.000000162946 0.003379208754 -0.000002410922
0.005481698476 0.027564208432 -0.000025399239 -0.000065906143 0.001177604054 -0.010424106578 0.000008448881 -0.000002410922 0.002009932355

State 0 :
Natural orbital occupations
9
1.935659245843 0.033203783854 0.010439384143 0.010438968673 0.009252177098 0.000305082284 0.000265950486 0.000265917042 0.000169490579
Natural orbitals (in MO basis)
9 9
-0.999973794708 0.000258031574 0.000002221393 -0.000005573247 0.003197591953 -0.006074342116 -0.000005196078 0.000018479651 -0.002284881896
0.000310959451 0.999710368817 0.000002186278 -0.000002739109 0.023227499328 0.004958594477 0.000000167858 -0.000003071317 -0.003870061781
-0.000060712061 0.000419963656 -0.998976267206 0.035466902094 -0.018074221403 0.000204870301 0.021481066243 0.000273816505 -0.000325156871
-0.000117887656 0.000808359211 0.036081407891 0.998509386615 -0.034860540757 0.000359370230 0.000261137351 -0.021461975413 -0.000631248627
0.003211657008 -0.023059213956 -0.016815171994 0.035486011257 0.998646727272 -0.012194114380 0.000603299403 -0.001113529212 0.021687892290
-0.006188514062 -0.004915055633 0.000019277155 0.000026872925 0.010539591706 0.997385389900 0.001378924956 -0.001359482421 0.071028830930
0.000005842510 0.000006006206 0.021322551948 0.002657866730 -0.000136191219 -0.001074902604 0.984912001947 0.171711769470 -0.000726040947
-0.000007717172 0.000006967332 0.002672332813 -0.021324998266 -0.000382816181 -0.001463647997 0.171708471204 -0.984910938223 -0.001568071868
-0.001919134321 0.004732534286 0.000081178882 -0.000161666671 -0.022400667802 -0.070772406334 0.000882896925 -0.001316107400 0.997226580199

State 1 :
Natural orbital occupations
9
1.419831385102 0.558509745388 0.004894569786 0.003711474956 0.003708456172 0.003159621592 0.003159495844 0.003005095603 0.000020155555
Natural orbitals (in MO basis)
9 9
-0.639894708253 -0.766475441816 0.046349680366 0.000018165481 0.000049580088 0.000125181512 0.000280558817 -0.025093893019 -0.016494421314
-0.717543479416 0.592049487974 0.059542765486 -0.000078680916 -0.000615742275 -0.000897329018 -0.002820416166 0.358168096430 -0.052629720116
-0.000841919263 -0.000601664669 -0.016255421984 -0.773875238359 0.029721770464 0.477284800391 -0.414831568583 0.001143761006 0.009005724596
-0.001119268417 -0.001587067615 -0.029874137912 -0.029200032032 -0.773506784298 -0.415005325600 -0.476882682658 0.001713988841 0.016997825135
0.048092247676 0.027507452044 0.861608419686 -0.015477331551 -0.026637800371 -0.004878833810 -0.023331651795 -0.162555022752 -0.476046197658
0.270210602977 -0.246036641154 0.146901570049 0.000522915238 -0.000086803358 -0.000836219082 -0.006105786377 0.918505121173 -0.034383302340
-0.000200887365 0.000173362630 -0.000702119286 0.620023428695 -0.124889074674 0.658268436540 -0.408228386144 -0.002276801015 -0.000412179512
0.000055011521 -0.000132351234 0.000229888009 0.124881496431 0.620077848835 -0.408199427610 -0.658223045439 -0.004857107201 -0.000241045115
-0.018370581852 0.026442084260 0.478748344511 0.000453374573 0.000299793598 0.000607158520 0.000061828176 -0.031258549701 0.876804194625

