Number of strings: 9 9, CI size = 81
String addressing array alpha: 1 9
0 1 2 3 4 5 6 7 8

Alpha strings 9 1
1
2
3
4
5
6
7
8
9

Is hamiltonian hermitian? 1
Implicit Hamiltonian constructed
E(core)= 0.000000000000
H(1,1) + E(core) energy = -1.114380697500
Davidson: iter=0 dim=0 root=0 eigenvalue=-1.114380697500
Davidson: iter=1 dim=1 root=0 eigenvalue=-1.146198089180
Davidson: iter=2 dim=2 root=0 eigenvalue=-1.149045843356
Davidson: iter=3 dim=3 root=0 eigenvalue=-1.149445355209
Davidson: iter=4 dim=4 root=0 eigenvalue=-1.149480130811
Davidson: iter=5 dim=5 root=0 eigenvalue=-1.149482418552
Davidson: iter=6 dim=6 root=0 eigenvalue=-1.149482700892
Davidson: iter=7 dim=7 root=0 eigenvalue=-1.149482712086
Davidson: iter=8 dim=8 root=0 eigenvalue=-1.149482713093
Davidson: iter=9 dim=9 root=0 eigenvalue=-1.149482713128
Davidson: iter=10 dim=10 root=0 eigenvalue=-1.149482713129
Davidson: iter=10 dim=10 root=1 eigenvalue=-0.745161607604
root no. 0 converged
Davidson: iter=11 dim=11 root=0 eigenvalue=-1.149482713129
Davidson: iter=11 dim=11 root=1 eigenvalue=-0.747396377021
Davidson: iter=12 dim=12 root=0 eigenvalue=-1.149482713129
Davidson: iter=12 dim=12 root=1 eigenvalue=-0.747439190412
Davidson: iter=13 dim=13 root=0 eigenvalue=-1.149482713129
Davidson: iter=13 dim=13 root=1 eigenvalue=-0.747454882815
Davidson: iter=14 dim=14 root=0 eigenvalue=-1.149482713129
Davidson: iter=14 dim=14 root=1 eigenvalue=-0.747455093684
Davidson: iter=15 dim=15 root=0 eigenvalue=-1.149482713129
Davidson: iter=15 dim=15 root=1 eigenvalue=-0.747455253556
Davidson: iter=16 dim=16 root=0 eigenvalue=-1.149482713129
Davidson: iter=16 dim=16 root=1 eigenvalue=-0.747455264368
Davidson: iter=17 dim=17 root=0 eigenvalue=-1.149482713129
Davidson: iter=17 dim=17 root=1 eigenvalue=-0.747455267091
Davidson: iter=18 dim=18 root=0 eigenvalue=-1.149482713129
Davidson: iter=18 dim=18 root=1 eigenvalue=-0.747455289739
Davidson: iter=19 dim=19 root=0 eigenvalue=-1.149482713129
Davidson: iter=19 dim=19 root=1 eigenvalue=-0.747455292714
Davidson: iter=20 dim=20 root=0 eigenvalue=-1.149482713129
Davidson: iter=20 dim=20 root=1 eigenvalue=-0.747455293167
Davidson: iter=21 dim=21 root=0 eigenvalue=-1.149482713129
Davidson: iter=21 dim=21 root=1 eigenvalue=-0.747455293365
Davidson: iter=22 dim=22 root=0 eigenvalue=-1.149482713129
Davidson: iter=22 dim=22 root=1 eigenvalue=-0.747455293368
Davidson: iter=23 dim=23 root=0 eigenvalue=-1.149482713129
Davidson: iter=23 dim=23 root=1 eigenvalue=-0.747455293369
root no. 1 converged
Davidson converged in 23 iterations.
E(core)= 0.000000000000
E(0)= -1.149482713129
E(1)= -0.747455293369
FCI Excitation energies = 2
0.000000000000 0.402027419761

Vacuum coefficients in CI state 0 = -0.985749972658
Vacuum coefficients in CI state 1 = -0.028469106354
Eigenvector 0 in string basis
0: -0.985749972658 seniority 0 ... 1
1
 | 1
1

10: 0.112033147186 seniority 0 ... 1
2
 | 1
2

20: 0.075993609537 seniority 0 ... 1
3
 | 1
3

30: 0.075996944433 seniority 0 ... 1
4
 | 1
4

40: 0.060769303535 seniority 0 ... 1
5
 | 1
5

Eigenvector 1 in string basis
1: -0.636964339474 seniority 2 ... 1
1
 | 1
2

5: 0.231036812223 seniority 2 ... 1
1
 | 1
6

9: -0.636964327450 seniority 2 ... 1
2
 | 1
1

10: -0.236826799698 seniority 0 ... 1
2
 | 1
2

14: 0.087860748020 seniority 2 ... 1
2
 | 1
6

45: 0.231036810450 seniority 2 ... 1
6
 | 1
1

46: 0.087860747683 seniority 2 ... 1
6
 | 1
2

Seniority vectors for all roots (nroots/seniority)
2 2
0.999944784291 0.000055215709
0.059205031967 1.386438467333

Calculating transition densities
Root 0 MO occupations numbers (density matrix diagonal)
9
1.943448820530 0.025104756138 0.011553514622 0.011554533684 0.007399422987 0.000293124018 0.000247069640 0.000247040208 0.000151718174
Root 1 MO occupations numbers (density matrix diagonal)
9
0.920658942196 0.939148282273 0.003223600637 0.003223094195 0.004697345087 0.122232724909 0.002862516740 0.002861384587 0.001092109375
Transition densities done:
Trandens between roots 0 0
9 9
1.943448820530 0.000416999353 -0.000003717427 -0.000004149199 0.003868544532 0.007881782754 -0.000003466746 -0.000002467390 -0.001493180033
0.000416999353 0.025104756138 -0.000000356570 -0.000000338133 0.000268975876 -0.000096472786 0.000000019220 0.000000069492 -0.000090455641
-0.000003717427 -0.000000356570 0.011553514622 -0.000001892222 0.000003340092 -0.000000060848 -0.000219585049 -0.000064401134 -0.000000286470
-0.000004149199 -0.000000338133 -0.000001892222 0.011554533684 0.000004116123 0.000000026396 0.000065066608 -0.000219578884 -0.000000343077
0.003868544532 0.000268975876 0.000003340092 0.000004116123 0.007399422987 0.000090264485 -0.000000311521 -0.000000641151 -0.000177047337
0.007881782754 -0.000096472786 -0.000000060848 0.000000026396 0.000090264485 0.000293124018 -0.000000015676 -0.000000010495 -0.000014648055
-0.000003466746 0.000000019220 -0.000219585049 0.000065066608 -0.000000311521 -0.000000015676 0.000247069640 -0.000000070312 0.000000007795
-0.000002467390 0.000000069492 -0.000064401134 -0.000219578884 -0.000000641151 -0.000000010495 -0.000000070312 0.000247040208 0.000000034665
-0.001493180033 -0.000090455641 -0.000000286470 -0.000000343077 -0.000177047337 -0.000014648055 0.000000007795 0.000000034665 0.000151718174

Trandens between roots 0 1
9 9
0.054500813599 1.255199301645 0.002379461928 0.000898020482 -0.035688023247 -0.455551972587 -0.000577361846 -0.000381027792 -0.018785749918
-0.142873596447 -0.052840269573 -0.000076708117 -0.000027522262 -0.000646349374 0.019570170787 0.000019211796 0.000012003391 0.001336009588
-0.000182924858 -0.000054969242 -0.002421874534 0.000009507419 0.000005561554 0.000008463397 0.005388880383 0.001592244453 -0.000003677043
-0.000067812249 -0.000021368340 0.000009321714 -0.002426240753 -0.000003342157 0.000004106930 -0.001596099833 0.005388548647 -0.000001007617
0.001537428986 0.002003019701 0.000007665680 -0.000002575612 0.004812959138 -0.001102864929 -0.000001837690 0.000002147697 0.002237754128
0.006020944079 0.007340768263 0.000011256673 0.000004255223 -0.000160884521 -0.001858959183 -0.000002726248 -0.000001737549 -0.000078168841
0.000008885202 0.000000391775 0.000823901557 -0.000244225788 -0.000000424206 0.000000495280 0.000065187639 0.000000153443 0.000000080027
0.000005763155 0.000000052353 0.000243154598 0.000823859386 0.000000073321 0.000000422325 0.000000338014 0.000065333312 -0.000000065721
0.000454178963 -0.000728782484 -0.000002108305 -0.000000632344 0.000252363516 0.000285053613 0.000000390921 0.000000076718 0.000103050355

Trandens between roots 1 0
9 9
0.054500813599 -0.142873596447 -0.000182924858 -0.000067812249 0.001537428986 0.006020944079 0.000008885202 0.000005763155 0.000454178963
1.255199301645 -0.052840269573 -0.000054969242 -0.000021368340 0.002003019701 0.007340768263 0.000000391775 0.000000052353 -0.000728782484
0.002379461928 -0.000076708117 -0.002421874534 0.000009321714 0.000007665680 0.000011256673 0.000823901557 0.000243154598 -0.000002108305
0.000898020482 -0.000027522262 0.000009507419 -0.002426240753 -0.000002575612 0.000004255223 -0.000244225788 0.000823859386 -0.000000632344
-0.035688023247 -0.000646349374 0.000005561554 -0.000003342157 0.004812959138 -0.000160884521 -0.000000424206 0.000000073321 0.000252363516
-0.455551972587 0.019570170787 0.000008463397 0.000004106930 -0.001102864929 -0.001858959183 0.000000495280 0.000000422325 0.000285053613
-0.000577361846 0.000019211796 0.005388880383 -0.001596099833 -0.000001837690 -0.000002726248 0.000065187639 0.000000338014 0.000000390921
-0.000381027792 0.000012003391 0.001592244453 0.005388548647 0.000002147697 -0.000001737549 0.000000153443 0.000065333312 0.000000076718
-0.018785749918 0.001336009588 -0.000003677043 -0.000001007617 0.002237754128 -0.000078168841 0.000000080027 -0.000000065721 0.000103050355

Trandens between roots 1 1
9 9
0.920658942196 0.378567930749 0.000594367328 0.000213755839 0.003663705254 -0.123486571801 -0.000204346071 -0.000137583826 -0.007452100046
0.378567930749 0.939148282273 0.001727553366 0.000648573403 -0.021953983405 -0.335290198661 -0.000436737896 -0.000288517059 -0.014999213198
0.000594367328 0.001727553366 0.003223600637 -0.000003884149 -0.000041628511 -0.000620625283 -0.000565201401 -0.000162312118 -0.000025328135
0.000213755839 0.000648573403 -0.000003884149 0.003223094195 -0.000016512736 -0.000232817145 0.000171694594 -0.000564070664 -0.000011142200
0.003663705254 -0.021953983405 -0.000041628511 -0.000016512736 0.004697345087 0.007573370167 0.000011952439 0.000006463884 0.002147624310
-0.123486571801 -0.335290198661 -0.000620625283 -0.000232817145 0.007573370167 0.122232724909 0.000153560675 0.000101290066 0.005321761269
-0.000204346071 -0.000436737896 -0.000565201401 0.000171694594 0.000011952439 0.000153560675 0.002862516740 -0.000001052873 0.000004575797
-0.000137583826 -0.000288517059 -0.000162312118 -0.000564070664 0.000006463884 0.000101290066 -0.000001052873 0.002861384587 0.000003518812
-0.007452100046 -0.014999213198 -0.000025328135 -0.000011142200 0.002147624310 0.005321761269 0.000004575797 0.000003518812 0.001092109375

State 0 :
Natural orbital occupations
9
1.943489759741 0.025109447024 0.011560629850 0.011556691314 0.007392559421 0.000260406478 0.000242481114 0.000242362648 0.000145662410
Natural orbitals (in MO basis)
9 9
-0.999989458034 -0.000234752941 0.000000088585 0.000000217802 0.002055847826 -0.004072358409 0.000000163569 -0.000003016476 0.000467000497
-0.000217480168 0.999870653432 0.000002105030 0.000011074683 0.015194172738 0.003848633481 -0.000001559650 0.000003859801 0.003599180307
0.000001920529 -0.000022428679 0.607793960969 0.793836710580 0.000809642891 0.000008259316 -0.011315645054 -0.016765370900 0.000019088444
0.000002143170 -0.000020219173 -0.793836221642 0.607793844063 0.000996502522 0.000004420851 0.016805211763 -0.011282170490 0.000019076483
-0.001998390446 0.015151763532 -0.000298499028 0.001246521137 -0.999540116484 -0.012095463488 0.000024406431 -0.000085843363 0.023195579712
-0.004056136255 -0.003904224418 -0.000007494890 0.000007289746 -0.010681750720 0.997983801781 -0.000163678553 0.000235430069 0.062309341567
0.000001784191 0.000000762298 -0.016362262739 -0.011916121959 0.000026862475 0.000021371026 -0.770043463518 -0.637670246411 0.000048477419
0.000001270096 0.000002660406 0.011947436479 -0.016320807746 0.000051336193 0.000294860745 0.637669633699 -0.770044299296 -0.000125653782
0.000768573020 -0.003715033094 0.000013248848 -0.000057756926 0.023847734677 -0.062052780557 0.000127271306 -0.000078175406 0.997780697338

State 1 :
Natural orbital occupations
9
1.394334460929 0.586588326747 0.004881334105 0.003665558650 0.003648134342 0.002428708182 0.002424263634 0.002028274632 0.000000938779
Natural orbitals (in MO basis)
9 9
0.643375013873 0.765237057594 -0.011679181106 0.000024616042 -0.000077765214 0.000212788096 0.000064015049 0.015823833251 0.009694545288
0.722358977548 -0.600241912769 -0.021144055825 -0.000475312735 0.001409246638 -0.002701663361 -0.000782623712 -0.341656779256 -0.026844076061
0.001285531530 -0.001245874871 0.000688567734 0.501088361594 -0.628506232363 0.475047745531 0.358060534997 -0.002970768274 -0.000397635812
0.000478256580 -0.000480014387 -0.000477340523 -0.628795147062 -0.500858551452 0.358381482168 -0.474676981230 -0.001066532567 0.000163430372
-0.011113401149 0.030493425760 0.900625638901 -0.000631133965 0.000202722032 -0.000670234421 -0.000752886053 -0.099659278654 -0.421766137279
-0.252965730506 0.230496519941 -0.149298451277 0.000429696271 -0.001208977673 -0.005236516847 -0.001534338285 -0.924459429498 -0.077026018818
-0.000349724028 0.000243594434 0.000422271534 -0.487237706064 0.341054568378 0.477925260546 0.646411336529 -0.004444122847 0.000958295993
-0.000232233476 0.000157505546 -0.000001439517 0.340771949485 0.487645802522 0.646097893803 -0.478145031086 -0.003270666899 0.000338517218
-0.012201353343 0.007844128825 0.407429842228 0.000451268742 -0.000696593134 -0.001447437399 -0.000769671007 -0.135729998285 0.902975365939

