Number of strings: 9 9, CI size = 81
String addressing array alpha: 1 9
0 1 2 3 4 5 6 7 8

Alpha strings 9 1
1
2
3
4
5
6
7
8
9

Is hamiltonian hermitian? 1
Implicit Hamiltonian constructed
E(core)= 0.000000000000
H(1,1) + E(core) energy = -0.655545477600
Davidson: iter=0 dim=0 root=0 eigenvalue=-0.655545477600
Davidson: iter=1 dim=1 root=0 eigenvalue=-0.716292034051
Davidson: iter=2 dim=2 root=0 eigenvalue=-0.745896300937
Davidson: iter=3 dim=3 root=0 eigenvalue=-0.758532790326
Davidson: iter=4 dim=4 root=0 eigenvalue=-0.763739105784
Davidson: iter=5 dim=5 root=0 eigenvalue=-0.764930965124
Davidson: iter=6 dim=6 root=0 eigenvalue=-0.765044627414
Davidson: iter=7 dim=7 root=0 eigenvalue=-0.765049110359
Davidson: iter=8 dim=8 root=0 eigenvalue=-0.765049955909
Davidson: iter=9 dim=9 root=0 eigenvalue=-0.765050018799
Davidson: iter=10 dim=10 root=0 eigenvalue=-0.765050022872
Davidson: iter=11 dim=11 root=0 eigenvalue=-0.765050023053
Davidson: iter=12 dim=12 root=0 eigenvalue=-0.765050023066
Davidson: iter=13 dim=13 root=0 eigenvalue=-0.765050023066
Davidson: iter=13 dim=13 root=1 eigenvalue=-0.671624545305
root no. 0 converged
Davidson: iter=14 dim=14 root=0 eigenvalue=-0.765050023066
Davidson: iter=14 dim=14 root=1 eigenvalue=-0.672597183479
Davidson: iter=15 dim=15 root=0 eigenvalue=-0.765050023066
Davidson: iter=15 dim=15 root=1 eigenvalue=-0.672675364656
Davidson: iter=16 dim=16 root=0 eigenvalue=-0.765050023066
Davidson: iter=16 dim=16 root=1 eigenvalue=-0.672688870750
Davidson: iter=17 dim=17 root=0 eigenvalue=-0.765050023066
Davidson: iter=17 dim=17 root=1 eigenvalue=-0.672689346098
Davidson: iter=18 dim=18 root=0 eigenvalue=-0.765050023066
Davidson: iter=18 dim=18 root=1 eigenvalue=-0.672689356554
Davidson: iter=19 dim=19 root=0 eigenvalue=-0.765050023066
Davidson: iter=19 dim=19 root=1 eigenvalue=-0.672689357872
Davidson: iter=20 dim=20 root=0 eigenvalue=-0.765050023066
Davidson: iter=20 dim=20 root=1 eigenvalue=-0.672689357933
Davidson: iter=21 dim=21 root=0 eigenvalue=-0.765050023066
Davidson: iter=21 dim=21 root=1 eigenvalue=-0.672689357940
Davidson: iter=22 dim=22 root=0 eigenvalue=-0.765050023066
Davidson: iter=22 dim=22 root=1 eigenvalue=-0.672689357940
root no. 1 converged
Davidson converged in 22 iterations.
E(core)= 0.000000000000
E(0)= -0.765050023066
E(1)= -0.672689357940
FCI Excitation energies = 2
0.000000000000 0.092360665126

Vacuum coefficients in CI state 0 = 0.562521295064
Vacuum coefficients in CI state 1 = 0.764654498735
Eigenvector 0 in string basis
0: 0.562521295064 seniority 0 ... 1
1
 | 1
1

1: 0.373059805566 seniority 2 ... 1
1
 | 1
2

2: -0.155532838905 seniority 2 ... 1
1
 | 1
3

9: 0.373059805807 seniority 2 ... 1
2
 | 1
1

10: -0.582483262149 seniority 0 ... 1
2
 | 1
2

11: -0.082888156000 seniority 2 ... 1
2
 | 1
3

18: -0.155532838905 seniority 2 ... 1
3
 | 1
1

19: -0.082888155961 seniority 2 ... 1
3
 | 1
2

Eigenvector 1 in string basis
0: 0.764654498735 seniority 0 ... 1
1
 | 1
1

1: -0.382870470689 seniority 2 ... 1
1
 | 1
2

2: 0.129073808339 seniority 2 ... 1
1
 | 1
3

9: -0.382870460566 seniority 2 ... 1
2
 | 1
1

10: 0.189377749916 seniority 0 ... 1
2
 | 1
2

11: -0.084986119486 seniority 2 ... 1
2
 | 1
3

18: 0.129073808310 seniority 2 ... 1
3
 | 1
1

19: -0.084986117856 seniority 2 ... 1
3
 | 1
2

20: -0.136583198337 seniority 0 ... 1
3
 | 1
3

30: -0.069962256087 seniority 0 ... 1
4
 | 1
4

40: -0.070614423530 seniority 0 ... 1
5
 | 1
5

50: -0.067259708263 seniority 0 ... 1
6
 | 1
6

Seniority vectors for all roots (nroots/seniority)
2 2
0.657484420085 0.342515579915
0.646435353510 0.727095797290

Calculating transition densities
Root 0 MO occupations numbers (density matrix diagonal)
9
0.961456162777 0.970714088090 0.065756855607 0.000064860829 0.000004077497 0.000003781964 0.001884592895 0.000115295322 0.000000285019
Root 1 MO occupations numbers (density matrix diagonal)
9
1.499535203016 0.380472406196 0.085298719689 0.009901230251 0.010027853295 0.009048457106 0.005076089327 0.000386291405 0.000253749716
Transition densities done:
Trandens between roots 0 0
9 9
0.961456162777 0.010939351272 -0.250337402402 0.005142122904 0.000129193705 -0.000030682803 0.036011542814 -0.009982190605 0.000205821386
0.010939351272 0.970714088090 -0.026450838157 -0.004546806684 -0.000103826914 -0.000029438281 0.023195870458 -0.003319190071 0.000066598263
-0.250337402402 -0.026450838157 0.065756855607 -0.001222191403 -0.000030964204 0.000008691107 -0.009931630819 0.002675949394 -0.000055129204
0.005142122904 -0.004546806684 -0.001222191403 0.000064860829 0.000001466383 -0.000000018208 0.000081002510 -0.000041771787 0.000000865221
0.000129193705 -0.000103826914 -0.000030964204 0.000001466383 0.000004077497 0.000000023749 0.000002283495 -0.000001073175 0.000000350375
-0.000030682803 -0.000029438281 0.000008691107 -0.000000018208 0.000000023749 0.000003781964 -0.000001836526 0.000000413559 0.000000022846
0.036011542814 0.023195870458 -0.009931630819 0.000081002510 0.000002283495 -0.000001836526 0.001884592895 -0.000448275418 0.000009199011
-0.009982190605 -0.003319190071 0.002675949394 -0.000041771787 -0.000001073175 0.000000413559 -0.000448275418 0.000115295322 -0.000002366953
0.000205821386 0.000066598263 -0.000055129204 0.000000865221 0.000000350375 0.000000022846 0.000009199011 -0.000002366953 0.000000285019

Trandens between roots 0 1
9 9
0.531871658699 -0.261593890028 0.124924680614 0.002434677932 0.000050449225 0.000043924723 -0.033747703500 0.006237247901 -0.000126554113
0.995152640603 -0.492207247060 0.217949897576 0.006952797542 0.000154379136 0.000071573332 -0.059791481302 0.010291272901 -0.000207604800
-0.162919910711 0.080226511283 -0.037666092432 -0.000704740140 -0.000014492430 -0.000013440524 0.010226071990 -0.001881752234 0.000038170370
-0.002300228292 0.001184313888 -0.000204630889 0.000349648503 0.000003576294 -0.000000080398 0.000083849245 -0.000049456669 0.000000656924
-0.000046820466 0.000024296380 -0.000002941040 0.000003613742 0.000201410200 0.000001558063 0.000001491936 -0.000000748379 0.000016739806
-0.000045796265 0.000022546037 -0.000010777687 -0.000000201419 0.000001554038 0.000184939346 0.000002828792 -0.000000414885 0.000001609554
0.043256319308 -0.021350070375 0.009720349814 0.000171994686 0.000003548644 0.000003163676 -0.002656780653 0.000483501137 -0.000009797395
-0.008684845200 0.004271547572 -0.002046820160 -0.000125078167 -0.000002532550 -0.000000636361 0.000553152670 -0.000085074081 0.000001866601
0.000177048395 -0.000087062223 0.000041840101 0.000002231111 0.000016758524 0.000001610206 -0.000011297655 0.000001888083 0.000007537479

Trandens between roots 1 0
9 9
0.531871658699 0.995152640603 -0.162919910711 -0.002300228292 -0.000046820466 -0.000045796265 0.043256319308 -0.008684845200 0.000177048395
-0.261593890028 -0.492207247060 0.080226511283 0.001184313888 0.000024296380 0.000022546037 -0.021350070375 0.004271547572 -0.000087062223
0.124924680614 0.217949897576 -0.037666092432 -0.000204630889 -0.000002941040 -0.000010777687 0.009720349814 -0.002046820160 0.000041840101
0.002434677932 0.006952797542 -0.000704740140 0.000349648503 0.000003613742 -0.000000201419 0.000171994686 -0.000125078167 0.000002231111
0.000050449225 0.000154379136 -0.000014492430 0.000003576294 0.000201410200 0.000001554038 0.000003548644 -0.000002532550 0.000016758524
0.000043924723 0.000071573332 -0.000013440524 -0.000000080398 0.000001558063 0.000184939346 0.000003163676 -0.000000636361 0.000001610206
-0.033747703500 -0.059791481302 0.010226071990 0.000083849245 0.000001491936 0.000002828792 -0.002656780653 0.000553152670 -0.000011297655
0.006237247901 0.010291272901 -0.001881752234 -0.000049456669 -0.000000748379 -0.000000414885 0.000483501137 -0.000085074081 0.000001888083
-0.000126554113 -0.000207604800 0.000038170370 0.000000656924 0.000016739806 0.000001609554 -0.000009797395 0.000001866601 0.000007537479

Trandens between roots 1 1
9 9
1.499535203016 -0.754497155543 0.226311401857 0.008325343754 0.000184904617 0.000083767151 -0.077940231575 0.013538866433 -0.000273365586
-0.754497155543 0.380472406196 -0.107310746030 -0.003885330677 -0.000086001216 -0.000040544558 0.038445428501 -0.006693867957 0.000135190634
0.226311401857 -0.107310746030 0.085298719689 0.002345591960 0.000051871311 0.000025355178 -0.017777976504 0.003100659610 -0.000062607335
0.008325343754 -0.003885330677 0.002345591960 0.009901230251 -0.000003449529 -0.000006090043 -0.000649100073 -0.000652713888 -0.000005542362
0.000184904617 -0.000086001216 0.000051871311 -0.000003449529 0.010027853295 0.000094046580 -0.000014491520 0.000001652862 0.000843945014
0.000083767151 -0.000040544558 0.000025355178 -0.000006090043 0.000094046580 0.009048457106 -0.000005623837 0.000006842150 0.000080746607
-0.077940231575 0.038445428501 -0.017777976504 -0.000649100073 -0.000014491520 -0.000005623837 0.005076089327 -0.000825535601 0.000016656462
0.013538866433 -0.006693867957 0.003100659610 -0.000652713888 0.000001652862 0.000006842150 -0.000825535601 0.000386291405 -0.000002643583
-0.000273365586 0.000135190634 -0.000062607335 -0.000005542362 0.000843945014 0.000080746607 0.000016656462 -0.000002643583 0.000253749716

State 0 :
Natural orbital occupations
9
1.033469859492 0.966503032890 0.000018497505 0.000004072653 0.000003777852 0.000000286257 0.000000234683 0.000000208024 0.000000030644
Natural orbitals (in MO basis)
9 9
-0.926115854758 -0.278675573563 -0.068924431738 0.000009478410 0.000500502396 0.244112910133 0.005658356495 0.000335032287 0.016591511175
-0.281309829329 0.959030070047 -0.014823980442 -0.000002267330 0.000006184358 0.021965509287 0.001451751937 0.000023504905 0.020536856971
0.247720739548 0.049161164934 -0.263438136239 0.000045744420 0.002145407952 0.926870866280 0.020489414764 0.001306022029 -0.085453109938
-0.003667164725 -0.006055841887 -0.914715302038 -0.023943478752 -0.002195204701 -0.264111707452 -0.277740093688 -0.001582221076 -0.125581163887
-0.000095041114 -0.000141830805 -0.022022349796 0.991757921228 0.092638666208 -0.006737149593 -0.006450942813 0.085168701467 -0.002928926018
0.000037669220 -0.000019944880 -0.000515077533 0.092306349413 -0.995694688824 0.002057873799 -0.000022620139 0.008151346165 -0.000823155170
-0.041044952656 0.012151318795 0.204018704700 0.000020012093 0.000661721992 -0.014323197428 -0.228051834301 0.000665723980 -0.950962854621
0.010509294267 -0.000284618309 0.216322563576 0.001817453990 -0.000078476793 0.104050186520 -0.932775707386 -0.018333729935 0.268062727098
-0.000216176171 0.000004044781 -0.004648046023 0.085552134031 -0.000218854741 -0.000766425728 0.016932958004 -0.996162113859 -0.005732697581

State 1 :
Natural orbital occupations
9
1.917893363269 0.052393348009 0.010109857246 0.009887228872 0.009039451105 0.000312177848 0.000183699792 0.000180755528 0.000000118331
Natural orbitals (in MO basis)
9 9
-0.884147579467 0.073727710350 -0.000009485389 -0.004442546750 -0.000002775843 0.036159378108 0.014876059292 0.000439604001 -0.459672225735
0.444574209571 -0.163855365035 -0.000026402636 -0.010871286296 -0.000041527544 0.004126167284 0.018801705020 0.000563179692 -0.880350019996
-0.135686642779 -0.976668583519 0.000098678720 0.027083814241 0.000457547519 0.117248396592 0.016424451191 0.000470191539 0.113827460116
-0.004942986575 -0.025914108773 -0.026640244914 -0.996101582515 -0.008054079237 0.006888793153 -0.078068497790 -0.000332189296 0.012993696632
-0.000109698042 -0.000571570756 0.991467151361 -0.027279121103 0.094706783954 0.000165584058 0.000588800145 -0.085314429958 0.000312422533
-0.000050192658 -0.000290167107 0.094537033193 0.005479317397 -0.995472521828 -0.000009450460 0.000663068656 -0.008164438731 0.000014013893
0.046227411379 0.113071045940 0.000021877604 0.006081107625 -0.000022248698 0.992034555151 -0.029475762248 -0.000786996001 0.006243847157
-0.008032268737 -0.019415339672 0.002034620101 0.078071075868 0.000032354889 -0.027349468093 -0.996054417818 -0.008152684686 -0.022812950343
0.000162186237 0.000391502798 0.085684209725 -0.001984214165 -0.000050426119 0.000502611217 -0.008169188630 0.996286536343 0.000496202951

