Number of strings: 9 9, CI size = 81
String addressing array alpha: 1 9
0 1 2 3 4 5 6 7 8

Alpha strings 9 1
1
2
3
4
5
6
7
8
9

Is hamiltonian hermitian? 1
Implicit Hamiltonian constructed
E(core)= 0.000000000000
H(1,1) + E(core) energy = -0.999139716200
Davidson: iter=0 dim=0 root=0 eigenvalue=-0.999139716200
Davidson: iter=1 dim=1 root=0 eigenvalue=-1.031703703041
Davidson: iter=2 dim=2 root=0 eigenvalue=-1.034352848285
Davidson: iter=3 dim=3 root=0 eigenvalue=-1.034813589914
Davidson: iter=4 dim=4 root=0 eigenvalue=-1.034858042507
Davidson: iter=5 dim=5 root=0 eigenvalue=-1.034860466743
Davidson: iter=6 dim=6 root=0 eigenvalue=-1.034860741347
Davidson: iter=7 dim=7 root=0 eigenvalue=-1.034860750540
Davidson: iter=8 dim=8 root=0 eigenvalue=-1.034860751426
Davidson: iter=9 dim=9 root=0 eigenvalue=-1.034860751451
Davidson: iter=10 dim=10 root=0 eigenvalue=-1.034860751453
Davidson: iter=11 dim=11 root=0 eigenvalue=-1.034860751453
Davidson: iter=11 dim=11 root=1 eigenvalue=-0.710937230923
root no. 0 converged
Davidson: iter=12 dim=12 root=0 eigenvalue=-1.034860751453
Davidson: iter=12 dim=12 root=1 eigenvalue=-0.718431492606
Davidson: iter=13 dim=13 root=0 eigenvalue=-1.034860751453
Davidson: iter=13 dim=13 root=1 eigenvalue=-0.718982928546
Davidson: iter=14 dim=14 root=0 eigenvalue=-1.034860751453
Davidson: iter=14 dim=14 root=1 eigenvalue=-0.719019793142
Davidson: iter=15 dim=15 root=0 eigenvalue=-1.034860751453
Davidson: iter=15 dim=15 root=1 eigenvalue=-0.719024974386
Davidson: iter=16 dim=16 root=0 eigenvalue=-1.034860751453
Davidson: iter=16 dim=16 root=1 eigenvalue=-0.719025662333
Davidson: iter=17 dim=17 root=0 eigenvalue=-1.034860751453
Davidson: iter=17 dim=17 root=1 eigenvalue=-0.719025664222
Davidson: iter=18 dim=18 root=0 eigenvalue=-1.034860751453
Davidson: iter=18 dim=18 root=1 eigenvalue=-0.719025664553
Davidson: iter=19 dim=19 root=0 eigenvalue=-1.034860751453
Davidson: iter=19 dim=19 root=1 eigenvalue=-0.719025664893
Davidson: iter=20 dim=20 root=0 eigenvalue=-1.034860751453
Davidson: iter=20 dim=20 root=1 eigenvalue=-0.719025665056
Davidson: iter=21 dim=21 root=0 eigenvalue=-1.034860751453
Davidson: iter=21 dim=21 root=1 eigenvalue=-0.719025665073
Davidson: iter=22 dim=22 root=0 eigenvalue=-1.034860751453
Davidson: iter=22 dim=22 root=1 eigenvalue=-0.719025665075
root no. 1 converged
Davidson converged in 22 iterations.
E(core)= 0.000000000000
E(0)= -1.034860751453
E(1)= -0.719025665075
FCI Excitation energies = 2
0.000000000000 0.315835086379

Vacuum coefficients in CI state 0 = 0.981803461509
Vacuum coefficients in CI state 1 = -0.043675693997
Eigenvector 0 in string basis
0: 0.981803461509 seniority 0 ... 1
1
 | 1
1

10: -0.144102048799 seniority 0 ... 1
2
 | 1
2

20: -0.068260453617 seniority 0 ... 1
3
 | 1
3

30: -0.070326329889 seniority 0 ... 1
4
 | 1
4

40: -0.070329737222 seniority 0 ... 1
5
 | 1
5

Eigenvector 1 in string basis
1: -0.623408400989 seniority 2 ... 1
1
 | 1
2

5: 0.238826863301 seniority 2 ... 1
1
 | 1
6

9: -0.623408402573 seniority 2 ... 1
2
 | 1
1

10: -0.264718980266 seniority 0 ... 1
2
 | 1
2

14: 0.104244670951 seniority 2 ... 1
2
 | 1
6

45: 0.238826863519 seniority 2 ... 1
6
 | 1
1

46: 0.104244671004 seniority 2 ... 1
6
 | 1
2

Seniority vectors for all roots (nroots/seniority)
2 2
0.999786391641 0.000213608359
0.073161110710 1.329012227490

Calculating transition densities
Root 0 MO occupations numbers (density matrix diagonal)
9
1.928072553067 0.041542131438 0.009368399386 0.009895442227 0.009896336233 0.000464488600 0.000273906898 0.000273922941 0.000212819209
Root 1 MO occupations numbers (density matrix diagonal)
9
0.897521213219 0.941878755115 0.006620308177 0.003343508137 0.003342201542 0.136434718673 0.003417764561 0.003417234935 0.004024295642
Transition densities done:
Trandens between roots 0 0
9 9
1.928072553067 -0.003378123845 0.008279797201 0.000240547444 0.000122822027 0.016096017829 -0.000013572665 0.000017349603 0.004255931900
-0.003378123845 0.041542131438 0.000445067494 0.000012683233 0.000006382350 -0.000149689517 -0.000000165513 0.000000700556 0.000164379895
0.008279797201 0.000445067494 0.009368399386 -0.000015220963 -0.000007692841 -0.000087829015 -0.000000937753 0.000009132284 0.000246632685
0.000240547444 0.000012683233 -0.000015220963 0.009895442227 -0.000000221430 -0.000002550123 -0.000084498614 -0.000209774744 0.000007381778
0.000122822027 0.000006382350 -0.000007692841 -0.000000221430 0.009896336233 -0.000001152161 0.000209042025 -0.000084077342 0.000003962392
0.016096017829 -0.000149689517 -0.000087829015 -0.000002550123 -0.000001152161 0.000464488600 -0.000000105732 0.000000036575 0.000019946860
-0.000013572665 -0.000000165513 -0.000000937753 -0.000084498614 0.000209042025 -0.000000105732 0.000273906898 0.000000010593 0.000000018586
0.000017349603 0.000000700556 0.000009132284 -0.000209774744 -0.000084077342 0.000000036575 0.000000010593 0.000273922941 0.000000032736
0.004255931900 0.000164379895 0.000246632685 0.000007381778 0.000003962392 0.000019946860 0.000000018586 0.000000032736 0.000212819209

Trandens between roots 0 1
9 9
-0.079490541115 -1.221687661419 -0.011279337847 -0.000006623763 0.000220869090 0.468817577147 -0.000034827589 -0.000431768645 -0.066417162204
0.180068270354 0.078963445575 0.010486113639 0.000290521295 0.000133630514 -0.031039162692 0.000006528908 0.000018045870 0.001840054891
0.002354449629 0.000126287801 -0.004089573412 -0.000135723494 -0.000067540751 -0.000195843535 -0.000019741759 0.000198322146 0.003419160533
0.000044230616 -0.000003280788 -0.000136961210 0.000515874892 -0.000001981699 -0.000007148061 -0.002138660645 -0.005297494160 0.000112221883
0.000005986633 -0.000008808162 -0.000069089060 -0.000002180566 0.000520802081 0.000000884327 0.005301037512 -0.002136740933 0.000061620988
-0.007291177390 -0.013271709894 -0.000478165182 -0.000011312140 -0.000003056177 0.003900319109 -0.000000001409 -0.000004361342 -0.000733019089
-0.000000068207 0.000008671253 -0.000003097203 -0.000357553561 0.000886265518 -0.000002921973 -0.000046349465 0.000000140116 0.000000536645
0.000008737098 -0.000007270073 0.000033004543 -0.000885686666 -0.000357220092 0.000003094857 0.000000308918 -0.000045886098 -0.000000281117
0.001324439081 -0.002162565647 0.000477308643 0.000016341246 0.000009510882 0.000798569553 0.000000017875 -0.000000725431 -0.000228091566

Trandens between roots 1 0
9 9
-0.079490541115 0.180068270354 0.002354449629 0.000044230616 0.000005986633 -0.007291177390 -0.000000068207 0.000008737098 0.001324439081
-1.221687661419 0.078963445575 0.000126287801 -0.000003280788 -0.000008808162 -0.013271709894 0.000008671253 -0.000007270073 -0.002162565647
-0.011279337847 0.010486113639 -0.004089573412 -0.000136961210 -0.000069089060 -0.000478165182 -0.000003097203 0.000033004543 0.000477308643
-0.000006623763 0.000290521295 -0.000135723494 0.000515874892 -0.000002180566 -0.000011312140 -0.000357553561 -0.000885686666 0.000016341246
0.000220869090 0.000133630514 -0.000067540751 -0.000001981699 0.000520802081 -0.000003056177 0.000886265518 -0.000357220092 0.000009510882
0.468817577147 -0.031039162692 -0.000195843535 -0.000007148061 0.000000884327 0.003900319109 -0.000002921973 0.000003094857 0.000798569553
-0.000034827589 0.000006528908 -0.000019741759 -0.002138660645 0.005301037512 -0.000000001409 -0.000046349465 0.000000308918 0.000000017875
-0.000431768645 0.000018045870 0.000198322146 -0.005297494160 -0.002136740933 -0.000004361342 0.000000140116 -0.000045886098 -0.000000725431
-0.066417162204 0.001840054891 0.003419160533 0.000112221883 0.000061620988 -0.000733019089 0.000000536645 -0.000000281117 -0.000228091566

Trandens between roots 1 1
9 9
0.897521213219 0.435130320637 0.054823775442 0.001513850667 0.000690995688 -0.148078878072 0.000015754751 0.000117451259 0.012078710288
0.435130320637 0.941878755115 0.028099774632 0.000584644041 0.000126150281 -0.352731769795 0.000026439493 0.000321489737 0.047999931166
0.054823775442 0.028099774632 0.006620308177 0.000088942051 0.000039511785 -0.009543056761 0.000004770621 -0.000009442315 -0.001181684327
0.001513850667 0.000584644041 0.000088942051 0.003343508137 0.000000984061 -0.000188563354 0.000119582061 0.000296084546 -0.000047976727
0.000690995688 0.000126150281 0.000039511785 0.000000984061 0.003342201542 -0.000031519275 -0.000295533986 0.000119131469 -0.000032805576
-0.148078878072 -0.352731769795 -0.009543056761 -0.000188563354 -0.000031519275 0.136434718673 -0.000010392774 -0.000119997778 -0.018034593083
0.000015754751 0.000026439493 0.000004770621 0.000119582061 -0.000295533986 -0.000010392774 0.003417764561 -0.000000111416 0.000003099106
0.000117451259 0.000321489737 -0.000009442315 0.000296084546 0.000119131469 -0.000119997778 -0.000000111416 0.003417234935 0.000012283976
0.012078710288 0.047999931166 -0.001181684327 -0.000047976727 -0.000032805576 -0.018034593083 0.000003099106 0.000012283976 0.004024295642

State 0 :
Natural orbital occupations
9
1.928258148960 0.041543766293 0.009901723128 0.009901200592 0.009333807367 0.000327991978 0.000268627250 0.000268608000 0.000196126432
Natural orbitals (in MO basis)
9 9
0.999951790968 -0.001743466347 0.000000918068 0.000000478385 -0.004250200911 0.008208060173 -0.000007796741 0.000014771408 -0.002817680708
-0.001789843148 -0.999882380329 -0.000003856043 -0.000006125565 -0.014470155471 -0.003074579906 -0.000003927467 0.000008563225 -0.003630893554
0.004314166747 -0.014320004211 0.014659439503 0.028861457986 0.998905503177 -0.019362197953 -0.000276486770 0.000872466864 -0.023248782571
0.000125336663 -0.000408191656 -0.001964607244 -0.999304314517 0.028888181096 -0.000537182030 -0.003773718495 -0.023180039711 -0.000688631117
0.000063996461 -0.000205489118 -0.999616760492 0.002387331430 0.014593914025 -0.000265144423 0.023094448771 -0.003748783102 -0.000356235921
0.008349013094 0.002988938926 -0.000012033300 0.000001981319 -0.017315285367 -0.996162807972 0.000118618069 -0.001139750276 0.085322258995
-0.000007040418 0.000004694141 -0.021688155012 0.008819928527 -0.000029208009 0.000076582687 -0.975301531580 -0.219632121755 -0.000692527530
0.000009001949 -0.000018381959 0.008786108908 0.021781002006 0.000193331437 0.001197655705 0.219632716217 -0.975298885007 0.000689157011
0.002207761496 -0.004240324402 -0.000036842287 -0.000025500461 0.024758421693 0.084888991627 -0.000841045870 0.000622784479 0.996070744409

State 1 :
Natural orbital occupations
9
1.457761617414 0.520534043218 0.004542670270 0.003700868615 0.003700680338 0.003511229793 0.003058720849 0.003057340938 0.000132828566
Natural orbitals (in MO basis)
9 9
-0.636079684735 -0.768842587343 0.057290083973 -0.000092967054 0.000308269733 0.025149273473 -0.000007933222 -0.000007471629 0.019208515968
-0.722878112247 0.587510888936 -0.007208450678 0.000948962553 -0.002130204281 -0.357314755979 0.000209121095 0.000232113328 0.067430391566
-0.039744994515 -0.045466617513 -0.836381365165 -0.011407267216 0.015638610109 -0.079170250324 -0.007913800711 -0.023432160682 -0.538112459719
-0.000988419582 -0.001509186120 -0.023438981217 0.574544453688 -0.332345188941 0.000891571779 -0.104000754723 0.740147639926 -0.016038232344
-0.000371008028 -0.000875330725 -0.010942906451 -0.332575470987 -0.574510719893 0.001046511265 0.740530371740 0.103722888565 -0.008097746973
0.264988192223 -0.244119768865 0.058511823771 0.002687617361 -0.004817646033 -0.929811256093 0.000059230011 -0.000399540602 0.046728950465
-0.000022131177 0.000011523828 -0.001580396956 0.589465508848 0.460189107115 -0.000632061830 0.644211909410 -0.160448223987 0.000940736548
-0.000233276191 0.000248116112 0.003281926674 0.460091002998 -0.589427846101 0.004612295683 -0.160392531332 -0.644304345410 -0.002251507361
-0.032408229932 0.045246556446 0.541318816653 -0.000807135305 0.003535450325 -0.029209858780 0.001089802775 0.001425372151 -0.838455012757

