Number of strings: 9 9, CI size = 81
String addressing array alpha: 1 9
0 1 2 3 4 5 6 7 8

Alpha strings 9 1
1
2
3
4
5
6
7
8
9

Is hamiltonian hermitian? 1
Implicit Hamiltonian constructed
E(core)= 0.000000000000
H(1,1) + E(core) energy = -1.094887578200
Davidson: iter=0 dim=0 root=0 eigenvalue=-1.094887578200
Davidson: iter=1 dim=1 root=0 eigenvalue=-1.126511229323
Davidson: iter=2 dim=2 root=0 eigenvalue=-1.129316319980
Davidson: iter=3 dim=3 root=0 eigenvalue=-1.129720237655
Davidson: iter=4 dim=4 root=0 eigenvalue=-1.129755438199
Davidson: iter=5 dim=5 root=0 eigenvalue=-1.129757749573
Davidson: iter=6 dim=6 root=0 eigenvalue=-1.129758028357
Davidson: iter=7 dim=7 root=0 eigenvalue=-1.129758038326
Davidson: iter=8 dim=8 root=0 eigenvalue=-1.129758039315
Davidson: iter=9 dim=9 root=0 eigenvalue=-1.129758039347
Davidson: iter=10 dim=10 root=0 eigenvalue=-1.129758039348
Davidson: iter=10 dim=10 root=1 eigenvalue=-0.736278492391
root no. 0 converged
Davidson: iter=11 dim=11 root=0 eigenvalue=-1.129758039348
Davidson: iter=11 dim=11 root=1 eigenvalue=-0.739187875501
Davidson: iter=12 dim=12 root=0 eigenvalue=-1.129758039348
Davidson: iter=12 dim=12 root=1 eigenvalue=-0.739361087986
Davidson: iter=13 dim=13 root=0 eigenvalue=-1.129758039348
Davidson: iter=13 dim=13 root=1 eigenvalue=-0.739421137721
Davidson: iter=14 dim=14 root=0 eigenvalue=-1.129758039348
Davidson: iter=14 dim=14 root=1 eigenvalue=-0.739423919119
Davidson: iter=15 dim=15 root=0 eigenvalue=-1.129758039348
Davidson: iter=15 dim=15 root=1 eigenvalue=-0.739425623420
Davidson: iter=16 dim=16 root=0 eigenvalue=-1.129758039348
Davidson: iter=16 dim=16 root=1 eigenvalue=-0.739425775319
Davidson: iter=17 dim=17 root=0 eigenvalue=-1.129758039348
Davidson: iter=17 dim=17 root=1 eigenvalue=-0.739425789344
Davidson: iter=18 dim=18 root=0 eigenvalue=-1.129758039348
Davidson: iter=18 dim=18 root=1 eigenvalue=-0.739425790864
Davidson: iter=19 dim=19 root=0 eigenvalue=-1.129758039348
Davidson: iter=19 dim=19 root=1 eigenvalue=-0.739425800539
Davidson: iter=20 dim=20 root=0 eigenvalue=-1.129758039348
Davidson: iter=20 dim=20 root=1 eigenvalue=-0.739425800670
Davidson: iter=21 dim=21 root=0 eigenvalue=-1.129758039348
Davidson: iter=21 dim=21 root=1 eigenvalue=-0.739425800699
Davidson: iter=22 dim=22 root=0 eigenvalue=-1.129758039348
Davidson: iter=22 dim=22 root=1 eigenvalue=-0.739425800701
Davidson: iter=23 dim=23 root=0 eigenvalue=-1.129758039348
Davidson: iter=23 dim=23 root=1 eigenvalue=-0.739425800702
root no. 1 converged
Davidson converged in 23 iterations.
E(core)= 0.000000000000
E(0)= -1.129758039348
E(1)= -0.739425800702
FCI Excitation energies = 2
0.000000000000 0.390332238646

Vacuum coefficients in CI state 0 = 0.985465620072
Vacuum coefficients in CI state 1 = 0.028709207494
Eigenvector 0 in string basis
0: 0.985465620072 seniority 0 ... 1
1
 | 1
1

10: -0.114064864777 seniority 0 ... 1
2
 | 1
2

20: -0.075072149172 seniority 0 ... 1
3
 | 1
3

30: -0.075072132640 seniority 0 ... 1
4
 | 1
4

40: -0.063669966024 seniority 0 ... 1
5
 | 1
5

Eigenvector 1 in string basis
1: 0.634352187703 seniority 2 ... 1
1
 | 1
2

5: 0.237176732171 seniority 2 ... 1
1
 | 1
6

9: 0.634352181314 seniority 2 ... 1
2
 | 1
1

10: 0.236058164507 seniority 0 ... 1
2
 | 1
2

14: 0.090969690443 seniority 2 ... 1
2
 | 1
6

45: 0.237176731194 seniority 2 ... 1
6
 | 1
1

46: 0.090969690254 seniority 2 ... 1
6
 | 1
2

Seniority vectors for all roots (nroots/seniority)
2 2
0.999935658551 0.000064341449
0.058885238349 1.388060811551

Calculating transition densities
Root 0 MO occupations numbers (density matrix diagonal)
9
1.942335971051 0.026025253051 0.011275011836 0.011275012842 0.008123871478 0.000310274607 0.000254554664 0.000254599869 0.000145450602
Root 1 MO occupations numbers (density matrix diagonal)
9
0.919145101450 0.933274373889 0.003375116915 0.003375716738 0.004660257533 0.129091780803 0.002999018119 0.003001281147 0.001077353406
Transition densities done:
Trandens between roots 0 0
9 9
1.942335971051 0.000667396910 -0.000003214351 -0.000008467862 0.004173220103 -0.008525752146 -0.000004902270 0.000008134308 -0.001991272189
0.000667396910 0.026025253051 -0.000000266677 -0.000000871981 0.000409269538 0.000112873807 0.000000061577 -0.000000025323 -0.000101578020
-0.000003214351 -0.000000266677 0.011275011836 -0.000000262027 0.000002047080 0.000000212747 -0.000196842002 0.000105956900 -0.000000031772
-0.000008467862 -0.000000871981 -0.000000262027 0.011275012842 0.000006081223 -0.000000190485 -0.000105779301 -0.000197129048 -0.000000189918
0.004173220103 0.000409269538 0.000002047080 0.000006081223 0.008123871478 -0.000056728153 -0.000000728301 -0.000000562267 -0.000185551760
-0.008525752146 0.000112873807 0.000000212747 -0.000000190485 -0.000056728153 0.000310274607 0.000000023317 -0.000000040298 0.000012014465
-0.000004902270 0.000000061577 -0.000196842002 -0.000105779301 -0.000000728301 0.000000023317 0.000254554664 -0.000000012743 0.000000034577
0.000008134308 -0.000000025323 0.000105956900 -0.000197129048 -0.000000562267 -0.000000040298 -0.000000012743 0.000254599869 0.000000028328
-0.001991272189 -0.000101578020 -0.000000031772 -0.000000189918 -0.000185551760 0.000012014465 0.000000034577 0.000000028328 0.000145450602

Trandens between roots 0 1
9 9
0.054992224635 1.249724157957 0.000979410851 -0.000239619169 -0.008736459311 0.467571091624 -0.000000224068 -0.000091623063 -0.016973626153
-0.144909928014 -0.053486179614 -0.000031875763 0.000016304057 -0.003338694623 -0.020572827374 -0.000001823743 0.000006040997 0.000814006888
-0.000074201473 -0.000023471228 -0.002409684355 0.000004898525 -0.000000740842 -0.000008273341 0.005017524051 -0.002704162573 -0.000002230641
0.000021763047 0.000005726413 0.000005081449 -0.002410883833 -0.000016220834 0.000002240813 0.002702219400 0.005019246506 -0.000002038287
-0.000669608430 0.000467719668 0.000000450961 -0.000016651565 0.005160953680 0.000606441765 0.000006346359 0.000007798001 0.002414340645
-0.006367560673 -0.007885123309 -0.000005680490 0.000001846614 -0.000040671204 -0.002077598155 0.000000057779 0.000000193809 0.000093142251
0.000000462926 -0.000003133777 0.000786527610 0.000423487335 0.000000731428 -0.000001097300 0.000059190880 0.000000114076 -0.000000060366
0.000000596927 0.000005747678 -0.000423991257 0.000786959781 0.000001151337 0.000001808843 -0.000000071640 0.000058916291 -0.000000287237
0.000548423919 -0.001026120276 -0.000001161587 0.000000252145 0.000241525446 -0.000389861941 -0.000000127220 -0.000000187545 0.000113060470

Trandens between roots 1 0
9 9
0.054992224635 -0.144909928014 -0.000074201473 0.000021763047 -0.000669608430 -0.006367560673 0.000000462926 0.000000596927 0.000548423919
1.249724157957 -0.053486179614 -0.000023471228 0.000005726413 0.000467719668 -0.007885123309 -0.000003133777 0.000005747678 -0.001026120276
0.000979410851 -0.000031875763 -0.002409684355 0.000005081449 0.000000450961 -0.000005680490 0.000786527610 -0.000423991257 -0.000001161587
-0.000239619169 0.000016304057 0.000004898525 -0.002410883833 -0.000016651565 0.000001846614 0.000423487335 0.000786959781 0.000000252145
-0.008736459311 -0.003338694623 -0.000000740842 -0.000016220834 0.005160953680 -0.000040671204 0.000000731428 0.000001151337 0.000241525446
0.467571091624 -0.020572827374 -0.000008273341 0.000002240813 0.000606441765 -0.002077598155 -0.000001097300 0.000001808843 -0.000389861941
-0.000000224068 -0.000001823743 0.005017524051 0.002702219400 0.000006346359 0.000000057779 0.000059190880 -0.000000071640 -0.000000127220
-0.000091623063 0.000006040997 -0.002704162573 0.005019246506 0.000007798001 0.000000193809 0.000000114076 0.000058916291 -0.000000187545
-0.016973626153 0.000814006888 -0.000002230641 -0.000002038287 0.002414340645 0.000093142251 -0.000000060366 -0.000000287237 0.000113060470

Trandens between roots 1 1
9 9
0.919145101450 0.378992035294 0.000245004361 -0.000113945289 0.020375415447 0.127351390269 -0.000019695812 -0.000007740623 -0.004999128532
0.378992035294 0.933274373889 0.000709400809 -0.000190954523 0.000800343130 0.343278060451 -0.000005129072 -0.000062155224 -0.013205840349
0.000245004361 0.000709400809 0.003375116915 -0.000003366652 -0.000000243498 0.000262920376 -0.000558795357 0.000304099488 -0.000009550604
-0.000113945289 -0.000190954523 -0.000003366652 0.003375716738 -0.000003150279 -0.000071314135 -0.000299619680 -0.000562074309 -0.000002067416
0.020375415447 0.000800343130 -0.000000243498 -0.000003150279 0.004660257533 0.000514154874 -0.000000792078 -0.000003115405 0.001909352965
0.127351390269 0.343278060451 0.000262920376 -0.000071314135 0.000514154874 0.129091780803 -0.000001178205 -0.000023542919 -0.004747072799
-0.000019695812 -0.000005129072 -0.000558795357 -0.000299619680 -0.000000792078 -0.000001178205 0.002999018119 -0.000000394843 -0.000000324646
-0.000007740623 -0.000062155224 0.000304099488 -0.000562074309 -0.000003115405 -0.000023542919 -0.000000394843 0.003001281147 0.000002174617
-0.004999128532 -0.013205840349 -0.000009550604 -0.000002067416 0.001909352965 -0.004747072799 -0.000000324646 0.000002174617 0.001077353406

State 0 :
Natural orbital occupations
9
1.942384679546 0.026035240222 0.011279819153 0.011279291065 0.008109805254 0.000272177738 0.000250061133 0.000250020890 0.000138904998
Natural orbitals (in MO basis)
9 9
-0.999987449179 -0.000382156337 -0.000000101019 -0.000000215130 -0.002194738770 0.004399963784 0.000002346391 0.000001861760 0.000882537447
-0.000348515158 0.999722204744 0.000003882232 -0.000003544008 -0.022845031080 -0.004502128634 0.000000215858 -0.000003006171 0.003636926462
0.000001662229 -0.000014783215 -0.694588674213 -0.719121116290 -0.000652507487 -0.000013713558 0.014899824029 0.013746375144 -0.000000691603
0.000004378035 -0.000049457605 0.719120212919 -0.694586765968 -0.001937889445 0.000007529553 -0.013775567416 0.014893613317 0.000000681690
-0.002157800868 0.022782172341 0.000939801091 -0.001814129418 0.999468633277 0.005616109233 -0.000039508658 0.000100300549 0.022428575950
0.004390017452 0.004461017764 -0.000030645199 0.000007697012 -0.005235487926 0.999743093242 -0.000527787829 0.000178308260 -0.021138895319
0.000002524602 0.000002131311 0.005501523827 0.019504085029 -0.000049142899 0.000000610868 0.325734221768 0.945244161166 -0.000118435676
-0.000004188092 -0.000001293439 -0.019533084876 0.005508376906 -0.000033963457 -0.000562190180 -0.945243428427 0.325733969874 -0.000202567937
0.001025484243 -0.004054204062 -0.000026028580 0.000044287422 -0.022453144296 0.021030018656 -0.000163230040 0.000179548734 0.999517906251

State 1 :
Natural orbital occupations
9
1.395622428551 0.584289528915 0.005114790023 0.003856457392 0.003846037481 0.002524784484 0.002523260033 0.002222633182 0.000000079940
Natural orbitals (in MO basis)
9 9
-0.642946373061 -0.765311803463 -0.020875315033 0.000019594676 -0.000018624619 -0.000054343108 -0.000086459797 -0.018756608587 0.011410720640
-0.720319706796 0.597877780501 -0.050714583073 -0.000494678752 0.000330836941 0.000668453984 0.000934339631 0.347901715008 -0.008510779144
-0.000529322506 0.000514636641 0.000136138836 0.519805084667 -0.609140820975 -0.418235004344 -0.428750893910 0.001312180672 -0.000030043806
0.000164720499 -0.000075269740 -0.002091287216 -0.609270485866 -0.519672937593 -0.428910273427 0.418043027675 -0.000482267929 0.000937274905
-0.009914975856 -0.025896616469 0.893699006134 -0.001306984495 -0.001088955847 -0.000814754578 0.001492306510 0.143875147018 -0.424060493536
-0.259924838050 0.236829615913 0.173855591365 0.000031121984 0.000128833257 -0.001177339845 -0.001151321831 -0.918682122500 0.046319256298
0.000012146276 0.000019759959 0.000083305938 -0.126123673759 0.585628706700 -0.763994757197 -0.239670411130 0.001382424546 0.000152429233
0.000039972753 -0.000062882692 -0.000688530859 0.585391116841 0.126195102157 -0.239635068886 0.764176321429 -0.000806188413 -0.000700340269
0.009997205965 -0.008990355100 0.409955728149 0.000503964403 0.000003500534 0.000059057651 0.000953306102 0.118030380668 0.904335774650

