Number of strings: 9 9, CI size = 81
String addressing array alpha: 1 9
0 1 2 3 4 5 6 7 8

Alpha strings 9 1
1
2
3
4
5
6
7
8
9

Is hamiltonian hermitian? 1
Implicit Hamiltonian constructed
E(core)= 0.000000000000
H(1,1) + E(core) energy = -0.738517344900
Davidson: iter=0 dim=0 root=0 eigenvalue=-0.738517344900
Davidson: iter=1 dim=1 root=0 eigenvalue=-0.787248512982
Davidson: iter=2 dim=2 root=0 eigenvalue=-0.799438366441
Davidson: iter=3 dim=3 root=0 eigenvalue=-0.803272700922
Davidson: iter=4 dim=4 root=0 eigenvalue=-0.804816200751
Davidson: iter=5 dim=5 root=0 eigenvalue=-0.805177754828
Davidson: iter=6 dim=6 root=0 eigenvalue=-0.805253112270
Davidson: iter=7 dim=7 root=0 eigenvalue=-0.805257203313
Davidson: iter=8 dim=8 root=0 eigenvalue=-0.805257553302
Davidson: iter=9 dim=9 root=0 eigenvalue=-0.805257588012
Davidson: iter=10 dim=10 root=0 eigenvalue=-0.805257589256
Davidson: iter=11 dim=11 root=0 eigenvalue=-0.805257589328
Davidson: iter=12 dim=12 root=0 eigenvalue=-0.805257589331
Davidson: iter=13 dim=13 root=0 eigenvalue=-0.805257589332
Davidson: iter=13 dim=13 root=1 eigenvalue=-0.733943808584
root no. 0 converged
Davidson: iter=14 dim=14 root=0 eigenvalue=-0.805257589332
Davidson: iter=14 dim=14 root=1 eigenvalue=-0.734420902924
Davidson: iter=15 dim=15 root=0 eigenvalue=-0.805257589332
Davidson: iter=15 dim=15 root=1 eigenvalue=-0.734447813654
Davidson: iter=16 dim=16 root=0 eigenvalue=-0.805257589332
Davidson: iter=16 dim=16 root=1 eigenvalue=-0.734447970428
Davidson: iter=17 dim=17 root=0 eigenvalue=-0.805257589332
Davidson: iter=17 dim=17 root=1 eigenvalue=-0.734448002358
Davidson: iter=18 dim=18 root=0 eigenvalue=-0.805257589332
Davidson: iter=18 dim=18 root=1 eigenvalue=-0.734448002406
Davidson: iter=19 dim=19 root=0 eigenvalue=-0.805257589332
Davidson: iter=19 dim=19 root=1 eigenvalue=-0.734448002407
root no. 1 converged
Davidson converged in 19 iterations.
E(core)= 0.000000000000
E(0)= -0.805257589332
E(1)= -0.734448002407
FCI Excitation energies = 2
0.000000000000 0.070809586925

Vacuum coefficients in CI state 0 = 0.782060388376
Vacuum coefficients in CI state 1 = 0.559814426312
Eigenvector 0 in string basis
0: 0.782060388376 seniority 0 ... 1
1
 | 1
1

1: 0.247683466991 seniority 2 ... 1
1
 | 1
2

2: 0.109974111808 seniority 2 ... 1
1
 | 1
3

3: -0.053451849994 seniority 2 ... 1
1
 | 1
4

9: 0.247683466991 seniority 2 ... 1
2
 | 1
1

10: -0.479415084037 seniority 0 ... 1
2
 | 1
2

18: 0.109974111808 seniority 2 ... 1
3
 | 1
1

27: -0.053451849994 seniority 2 ... 1
4
 | 1
1

Eigenvector 1 in string basis
0: 0.559814426312 seniority 0 ... 1
1
 | 1
1

1: -0.478455405893 seniority 2 ... 1
1
 | 1
2

2: -0.154602342164 seniority 2 ... 1
1
 | 1
3

3: 0.098832824483 seniority 2 ... 1
1
 | 1
4

9: -0.478455405897 seniority 2 ... 1
2
 | 1
1

10: 0.342508982916 seniority 0 ... 1
2
 | 1
2

11: 0.064437208575 seniority 2 ... 1
2
 | 1
3

12: -0.058011119921 seniority 2 ... 1
2
 | 1
4

18: -0.154602342165 seniority 2 ... 1
3
 | 1
1

19: 0.064437208575 seniority 2 ... 1
3
 | 1
2

20: -0.093837175073 seniority 0 ... 1
3
 | 1
3

27: 0.098832824483 seniority 2 ... 1
4
 | 1
1

28: -0.058011119922 seniority 2 ... 1
4
 | 1
2

30: -0.071035548076 seniority 0 ... 1
4
 | 1
4

40: -0.069389159299 seniority 0 ... 1
5
 | 1
5

50: -0.069388682538 seniority 0 ... 1
6
 | 1
6

Seniority vectors for all roots (nroots/seniority)
2 2
0.843557978188 0.156442021812
0.454576771446 0.862578715154

Calculating transition densities
Root 0 MO occupations numbers (density matrix diagonal)
9
1.376358473209 0.585174879546 0.027331656183 0.007301847376 0.001476682525 0.001474997362 0.000720538141 0.000080459119 0.000080466540
Root 1 MO occupations numbers (density matrix diagonal)
9
1.155829976958 0.708561012495 0.073953853450 0.036583801352 0.009654462314 0.009646193729 0.005247068592 0.000261828586 0.000261802523
Transition densities done:
Trandens between roots 0 0
9 9
1.376358473209 0.157915584755 0.192695550967 -0.084488688303 0.001750175749 0.001087319273 0.022160269929 -0.000029630522 -0.000016198433
0.157915584755 0.585174879546 0.019488510000 -0.026304973587 0.000596423473 0.000343858434 0.014986466682 -0.000019832134 0.000002260530
0.192695550967 0.019488510000 0.027331656183 -0.011258777818 0.000233289781 0.000144886025 0.002928815947 -0.000004360216 -0.000002308710
-0.084488688303 -0.026304973587 -0.011258777818 0.007301847376 -0.000122286572 -0.000075210795 -0.002051122876 -0.000003944488 0.000004685093
0.001750175749 0.000596423473 0.000233289781 -0.000122286572 0.001476682525 0.000001592951 0.000044253547 -0.000276115997 0.000016728598
0.001087319273 0.000343858434 0.000144886025 -0.000075210795 0.000001592951 0.001474997362 0.000026489179 0.000016796880 0.000276116347
0.022160269929 0.014986466682 0.002928815947 -0.002051122876 0.000044253547 0.000026489179 0.000720538141 -0.000000801456 -0.000000149024
-0.000029630522 -0.000019832134 -0.000004360216 -0.000003944488 -0.000276115997 0.000016796880 -0.000000801456 0.000080459119 0.000000000550
-0.000016198433 0.000002260530 -0.000002308710 0.000004685093 0.000016728598 0.000276116347 -0.000000149024 0.000000000550 0.000080466540

Trandens between roots 0 1
9 9
0.592612506836 -0.557573627226 -0.231731799880 0.135454678864 -0.002910959025 -0.001735028638 -0.058228199913 0.000080174438 0.000008072465
0.725067062322 -0.560856449763 -0.145228815427 0.105530501559 -0.002307019729 -0.001372528740 -0.043976625619 0.000057736571 -0.000000921878
0.083651780041 -0.077759349174 -0.030316617138 0.019454454741 -0.000416717141 -0.000249226679 -0.007981342484 0.000011026475 0.000001154574
-0.059606095518 0.051552873294 0.018420443008 -0.007273213472 0.000237350772 0.000141507348 0.004877708708 -0.000005884663 -0.000000541986
0.001300473813 -0.001117695626 -0.000391285391 0.000235553449 0.003690648528 -0.000003019258 -0.000105124739 0.000033674732 -0.000002067323
0.000773184241 -0.000668834864 -0.000238717173 0.000142528895 -0.000003073156 0.003693786636 -0.000063396662 -0.000001983093 -0.000033505369
0.024588134873 -0.020317969254 -0.006540599074 0.003540271803 -0.000076208109 -0.000045931021 -0.001710677240 0.000002415242 0.000000022520
-0.000031783961 0.000026350792 0.000007867768 -0.000018747097 -0.000588614556 0.000035953029 0.000002378289 0.000080004183 0.000000005481
-0.000002164329 0.000002758313 0.000001723147 0.000007364074 0.000035720321 0.000588886363 0.000000351422 -0.000000005020 0.000080011431

Trandens between roots 1 0
9 9
0.592612506836 0.725067062322 0.083651780041 -0.059606095518 0.001300473813 0.000773184241 0.024588134873 -0.000031783961 -0.000002164329
-0.557573627226 -0.560856449763 -0.077759349174 0.051552873294 -0.001117695626 -0.000668834864 -0.020317969254 0.000026350792 0.000002758313
-0.231731799880 -0.145228815427 -0.030316617138 0.018420443008 -0.000391285391 -0.000238717173 -0.006540599074 0.000007867768 0.000001723147
0.135454678864 0.105530501559 0.019454454741 -0.007273213472 0.000235553449 0.000142528895 0.003540271803 -0.000018747097 0.000007364074
-0.002910959025 -0.002307019729 -0.000416717141 0.000237350772 0.003690648528 -0.000003073156 -0.000076208109 -0.000588614556 0.000035720321
-0.001735028638 -0.001372528740 -0.000249226679 0.000141507348 -0.000003019258 0.003693786636 -0.000045931021 0.000035953029 0.000588886363
-0.058228199913 -0.043976625619 -0.007981342484 0.004877708708 -0.000105124739 -0.000063396662 -0.001710677240 0.000002378289 0.000000351422
0.000080174438 0.000057736571 0.000011026475 -0.000005884663 0.000033674732 -0.000001983093 0.000002415242 0.000080004183 -0.000000005020
0.000008072465 -0.000000921878 0.000001154574 -0.000000541986 -0.000002067323 -0.000033505369 0.000000022520 0.000000005481 0.000080011431

Trandens between roots 1 1
9 9
1.155829976958 -0.896860674965 -0.203399371752 0.149476290219 -0.003272086900 -0.001946363085 -0.069533062322 0.000091656820 -0.000002405101
-0.896860674965 0.708561012495 0.178638579165 -0.125005902127 0.002726812437 0.001621962397 0.057118813468 -0.000075704344 0.000000637696
-0.203399371752 0.178638579165 0.073953853450 -0.041213333869 0.000893035602 0.000529022602 0.017447845940 -0.000023132998 -0.000001454339
0.149476290219 -0.125005902127 -0.041213333869 0.036583801352 -0.000583915068 -0.000345855515 -0.010749715453 0.000023628947 -0.000004033890
-0.003272086900 0.002726812437 0.000893035602 -0.000583915068 0.009654462314 0.000007490995 0.000231762379 0.000396466974 -0.000024200692
-0.001946363085 0.001621962397 0.000529022602 -0.000345855515 0.000007490995 0.009646193729 0.000138428385 -0.000024452752 -0.000396798359
-0.069533062322 0.057118813468 0.017447845940 -0.010749715453 0.000231762379 0.000138428385 0.005247068592 -0.000006622660 -0.000000148153
0.000091656820 -0.000075704344 -0.000023132998 0.000023628947 0.000396466974 -0.000024452752 -0.000006622660 0.000261828586 -0.000000002906
-0.000002405101 0.000000637696 -0.000001454339 -0.000004033890 -0.000024200692 -0.000396798359 -0.000000148153 -0.000000002906 0.000261802523

State 0 :
Natural orbital occupations
9
1.439109222820 0.555726887742 0.001861630290 0.001527023113 0.001526939732 0.000170391113 0.000027550631 0.000027549743 0.000022804815
Natural orbitals (in MO basis)
9 9
-0.971230732453 0.184213131252 -0.011827354076 -0.000032795870 -0.000008355025 -0.149531023897 -0.000003902858 0.000033462179 0.016642443356
-0.184910307238 -0.982060749169 -0.032960225369 -0.000109149565 -0.000016069114 -0.004415491360 0.000010354380 0.000011345375 0.016092786908
-0.135646158213 0.030465025490 -0.317646914517 0.000174335568 -0.000054801941 0.933238901777 -0.000076646287 0.000069065632 -0.094008232888
0.061799436285 0.018170843803 -0.927845163347 0.022092219625 -0.009026703820 -0.324582346403 0.002324918146 0.004463247686 -0.170309805920
-0.001286895206 -0.000467812104 0.019076308601 0.966357323870 0.174537636131 0.006553161849 0.002800003731 0.187767217462 0.004128410605
-0.000796014563 -0.000243304778 0.012120227249 0.174300599330 -0.966521517538 0.004152178958 0.187824898947 -0.002856101986 0.002067338958
-0.017254033310 -0.019069113964 0.190962032265 0.000440989411 0.000139916665 -0.035667947888 -0.000515028403 0.000846776704 -0.980611426927
0.000023035473 0.000025112889 0.000467257522 -0.182490443441 -0.044515619970 0.000203891545 -0.044845226611 0.981174548108 0.000865079867
0.000010895109 -0.000009468808 0.000078963101 0.044516937296 -0.182509246336 -0.000018509398 -0.981171338997 -0.044846150819 0.000486618405

State 1 :
Natural orbital occupations
9
1.922031154068 0.047380538180 0.009769336390 0.009658631370 0.009658565379 0.000793957246 0.000244994865 0.000244982460 0.000217840043
Natural orbitals (in MO basis)
9 9
0.773203279280 -0.371900902557 -0.043302364831 0.000213003323 -0.000307620139 -0.471180918779 -0.000623451370 0.000244816369 0.199898138909
-0.606109450288 -0.202861557157 -0.114109753412 0.000545338990 -0.000920763812 -0.676832602117 -0.001083998672 0.000348621723 0.346918829118
-0.146482083153 -0.810757264972 -0.382678449210 0.000756905992 -0.002568657222 0.415617427762 0.000098018379 -0.000134458804 -0.045031280988
0.104960756975 0.392035390088 -0.911816284211 -0.017118439479 0.008722984057 -0.032338027325 -0.001197769955 0.000351264842 0.049660032119
-0.002293457240 -0.008262340054 0.015979293211 -0.990716214997 0.127924389751 0.000245930244 -0.042023324919 -0.004480166431 -0.001332523457
-0.001363994246 -0.004855054225 0.004804766640 0.128062067706 0.990840325951 0.000304293055 -0.004469647369 0.042029876985 -0.000675698145
-0.048032671494 -0.097087363788 -0.083508401923 0.000444179244 -0.000678783561 -0.382232949857 0.004165955821 -0.000060273043 -0.913878114549
0.000063517161 0.000143782109 -0.000131716164 -0.042180775123 0.002852126995 0.000554552609 0.985184518912 0.166150421270 0.004218910300
-0.000000964039 0.000053133839 0.000208805906 -0.002848934998 -0.042173127856 0.000296072564 -0.166148015090 0.985193954757 -0.000940938383

