Number of strings: 9 9, CI size = 81
String addressing array alpha: 1 9
0 1 2 3 4 5 6 7 8

Alpha strings 9 1
1
2
3
4
5
6
7
8
9

Is hamiltonian hermitian? 1
Implicit Hamiltonian constructed
E(core)= 0.000000000000
H(1,1) + E(core) energy = -1.075212244900
Davidson: iter=0 dim=0 root=0 eigenvalue=-1.075212244900
Davidson: iter=1 dim=1 root=0 eigenvalue=-1.106828815577
Davidson: iter=2 dim=2 root=0 eigenvalue=-1.109573917940
Davidson: iter=3 dim=3 root=0 eigenvalue=-1.109975607995
Davidson: iter=4 dim=4 root=0 eigenvalue=-1.110011677249
Davidson: iter=5 dim=5 root=0 eigenvalue=-1.110014006148
Davidson: iter=6 dim=6 root=0 eigenvalue=-1.110014264714
Davidson: iter=7 dim=7 root=0 eigenvalue=-1.110014271606
Davidson: iter=8 dim=8 root=0 eigenvalue=-1.110014272151
Davidson: iter=9 dim=9 root=0 eigenvalue=-1.110014272171
Davidson: iter=10 dim=10 root=0 eigenvalue=-1.110014272172
Davidson: iter=10 dim=10 root=1 eigenvalue=-0.727319054785
root no. 0 converged
Davidson: iter=11 dim=11 root=0 eigenvalue=-1.110014272172
Davidson: iter=11 dim=11 root=1 eigenvalue=-0.732289990583
Davidson: iter=12 dim=12 root=0 eigenvalue=-1.110014272172
Davidson: iter=12 dim=12 root=1 eigenvalue=-0.732694438877
Davidson: iter=13 dim=13 root=0 eigenvalue=-1.110014272172
Davidson: iter=13 dim=13 root=1 eigenvalue=-0.732817297391
Davidson: iter=14 dim=14 root=0 eigenvalue=-1.110014272172
Davidson: iter=14 dim=14 root=1 eigenvalue=-0.732829812169
Davidson: iter=15 dim=15 root=0 eigenvalue=-1.110014272172
Davidson: iter=15 dim=15 root=1 eigenvalue=-0.732830411035
Davidson: iter=16 dim=16 root=0 eigenvalue=-1.110014272172
Davidson: iter=16 dim=16 root=1 eigenvalue=-0.732830659079
Davidson: iter=17 dim=17 root=0 eigenvalue=-1.110014272172
Davidson: iter=17 dim=17 root=1 eigenvalue=-0.732830670823
Davidson: iter=18 dim=18 root=0 eigenvalue=-1.110014272172
Davidson: iter=18 dim=18 root=1 eigenvalue=-0.732830671828
Davidson: iter=19 dim=19 root=0 eigenvalue=-1.110014272172
Davidson: iter=19 dim=19 root=1 eigenvalue=-0.732830674949
Davidson: iter=20 dim=20 root=0 eigenvalue=-1.110014272172
Davidson: iter=20 dim=20 root=1 eigenvalue=-0.732830674977
Davidson: iter=21 dim=21 root=0 eigenvalue=-1.110014272172
Davidson: iter=21 dim=21 root=1 eigenvalue=-0.732830674985
Davidson: iter=22 dim=22 root=0 eigenvalue=-1.110014272172
Davidson: iter=22 dim=22 root=1 eigenvalue=-0.732830674986
root no. 1 converged
Davidson converged in 22 iterations.
E(core)= 0.000000000000
E(0)= -1.110014272172
E(1)= -0.732830674986
FCI Excitation energies = 2
0.000000000000 0.377183597186

Vacuum coefficients in CI state 0 = -0.985036040308
Vacuum coefficients in CI state 1 = -0.029709489840
Eigenvector 0 in string basis
0: -0.985036040308 seniority 0 ... 1
1
 | 1
1

10: 0.117621457369 seniority 0 ... 1
2
 | 1
2

20: 0.074123387863 seniority 0 ... 1
3
 | 1
3

30: 0.074122885809 seniority 0 ... 1
4
 | 1
4

40: 0.065815884106 seniority 0 ... 1
5
 | 1
5

Eigenvector 1 in string basis
1: -0.631498177084 seniority 2 ... 1
1
 | 1
2

5: -0.242190205575 seniority 2 ... 1
1
 | 1
6

9: -0.631498175985 seniority 2 ... 1
2
 | 1
1

10: -0.236132865508 seniority 0 ... 1
2
 | 1
2

14: -0.094146841261 seniority 2 ... 1
2
 | 1
6

45: -0.242190205404 seniority 2 ... 1
6
 | 1
1

46: -0.094146841227 seniority 2 ... 1
6
 | 1
2

Seniority vectors for all roots (nroots/seniority)
2 2
0.999921927007 0.000078072993
0.058923761139 1.386806731961

Calculating transition densities
Root 0 MO occupations numbers (density matrix diagonal)
9
1.940655390423 0.027674735179 0.010991829742 0.010991684697 0.008683643194 0.000329529817 0.000261254901 0.000261254995 0.000150677052
Root 1 MO occupations numbers (density matrix diagonal)
9
0.916841040543 0.928059915230 0.003502118407 0.003501444891 0.005505624151 0.135164521848 0.003165245943 0.003165076268 0.001095012719
Transition densities done:
Trandens between roots 0 0
9 9
1.940655390423 0.000589939776 -0.000002518088 -0.000012894248 -0.004687114901 -0.009383749860 -0.000000543915 0.000005996234 -0.002633654172
0.000589939776 0.027674735179 -0.000000246850 -0.000001268053 -0.000517242906 0.000136385762 -0.000000000358 -0.000000115174 -0.000114002534
-0.000002518088 -0.000000246850 0.010991829742 -0.000000017180 -0.000001237606 -0.000000131246 0.000171415708 -0.000136008329 0.000000070531
-0.000012894248 -0.000001268053 -0.000000017180 0.010991684697 -0.000005709710 0.000000094527 0.000136076801 0.000171482936 0.000000064278
-0.004687114901 -0.000517242906 -0.000001237606 -0.000005709710 0.008683643194 0.000012420821 -0.000000776899 -0.000000581646 0.000196650947
-0.009383749860 0.000136385762 -0.000000131246 0.000000094527 0.000012420821 0.000329529817 0.000000006903 -0.000000031922 0.000009424134
-0.000000543915 -0.000000000358 0.000171415708 0.000136076801 -0.000000776899 0.000000006903 0.000261254901 -0.000000000276 -0.000000034002
0.000005996234 -0.000000115174 -0.000136008329 0.000171482936 -0.000000581646 -0.000000031922 -0.000000000276 0.000261254995 -0.000000054214
-0.002633654172 -0.000114002534 0.000000070531 0.000000064278 0.000196650947 0.000009424134 -0.000000034002 -0.000000054214 0.000150677052

Trandens between roots 0 1
9 9
0.056674201309 1.243479992960 -0.000406628321 0.000491883809 -0.009717612918 0.477269494800 -0.000008423897 -0.000119087329 -0.016109784499
-0.148817098041 -0.055288642338 0.000018757073 -0.000004346787 0.005748691376 -0.021998865849 0.000000141654 0.000006706598 0.000272281914
0.000031663377 0.000010431591 -0.002271840302 -0.000000269492 0.000005389574 0.000004037717 -0.004536807660 0.003603070859 -0.000002050943
-0.000033204075 -0.000010942990 -0.000000179317 -0.002270762947 0.000017268883 -0.000005476021 -0.003602945135 -0.004536501015 -0.000003914285
0.002335318871 0.000723535043 0.000006118040 0.000016499222 0.005279857106 -0.000054965803 0.000010748760 0.000006329825 -0.002554628410
-0.006724488078 -0.008584080253 0.000002832086 -0.000002833383 0.000237628739 -0.002355434311 0.000000090844 0.000000516247 0.000117827351
0.000000023271 -0.000000444131 -0.000726604489 -0.000577019248 0.000001560280 -0.000000144475 0.000054034868 0.000000014776 0.000000152837
0.000001311785 0.000004441640 0.000577029123 -0.000726548764 0.000000777029 0.000001411449 -0.000000073041 0.000054031163 0.000000003920
0.000653875202 -0.001408825063 0.000000300872 -0.000000815361 -0.000241943979 -0.000529543205 0.000000167816 0.000000193870 0.000124555453

Trandens between roots 1 0
9 9
0.056674201309 -0.148817098041 0.000031663377 -0.000033204075 0.002335318871 -0.006724488078 0.000000023271 0.000001311785 0.000653875202
1.243479992960 -0.055288642338 0.000010431591 -0.000010942990 0.000723535043 -0.008584080253 -0.000000444131 0.000004441640 -0.001408825063
-0.000406628321 0.000018757073 -0.002271840302 -0.000000179317 0.000006118040 0.000002832086 -0.000726604489 0.000577029123 0.000000300872
0.000491883809 -0.000004346787 -0.000000269492 -0.002270762947 0.000016499222 -0.000002833383 -0.000577019248 -0.000726548764 -0.000000815361
-0.009717612918 0.005748691376 0.000005389574 0.000017268883 0.005279857106 0.000237628739 0.000001560280 0.000000777029 -0.000241943979
0.477269494800 -0.021998865849 0.000004037717 -0.000005476021 -0.000054965803 -0.002355434311 -0.000000144475 0.000001411449 -0.000529543205
-0.000008423897 0.000000141654 -0.004536807660 -0.003602945135 0.000010748760 0.000000090844 0.000054034868 -0.000000073041 0.000000167816
-0.000119087329 0.000006706598 0.003603070859 -0.004536501015 0.000006329825 0.000000516247 0.000000014776 0.000054031163 0.000000193870
-0.016109784499 0.000272281914 -0.000002050943 -0.000003914285 -0.002554628410 0.000117827351 0.000000152837 0.000000003920 0.000124555453

Trandens between roots 1 1
9 9
0.916841040543 0.381626816437 -0.000132448944 0.000050035908 -0.034937940946 0.131717491964 -0.000000982113 -0.000012110109 -0.002513796001
0.381626816437 0.928059915230 -0.000303891365 0.000331851891 -0.017406221002 0.350044043210 -0.000006220185 -0.000081938357 -0.012007960246
-0.000132448944 -0.000303891365 0.003502118407 0.000000044422 0.000006598316 -0.000115529973 0.000482020126 -0.000382619704 0.000002062811
0.000050035908 0.000331851891 0.000000044422 0.003501444891 -0.000001585703 0.000126392571 0.000382516966 0.000481395774 -0.000008901011
-0.034937940946 -0.017406221002 0.000006598316 -0.000001585703 0.005505624151 -0.006562471159 -0.000001700757 -0.000000201536 -0.001833089666
0.131717491964 0.350044043210 -0.000115529973 0.000126392571 -0.006562471159 0.135164521848 -0.000002268070 -0.000031533687 -0.004365201836
-0.000000982113 -0.000006220185 0.000482020126 0.000382516966 -0.000001700757 -0.000002268070 0.003165245943 -0.000000133382 -0.000000196026
-0.000012110109 -0.000081938357 -0.000382619704 0.000481395774 -0.000000201536 -0.000031533687 -0.000000133382 0.003165076268 0.000000723730
-0.002513796001 -0.012007960246 0.000002062811 -0.000008901011 -0.001833089666 -0.004365201836 -0.000000196026 0.000000723730 0.001095012719

State 0 :
Natural orbital occupations
9
1.940715899881 0.027689762308 0.010996292211 0.010996161666 0.008662382652 0.000283481389 0.000256794907 0.000256790330 0.000142434656
Natural orbitals (in MO basis)
9 9
0.999984394430 0.000355751589 0.000000084465 -0.000000575374 -0.002442355291 -0.004815197849 -0.000001130359 0.000002569483 0.001390359278
0.000308765294 -0.999608910987 0.000001728934 0.000001344787 -0.027250552581 0.005132720337 0.000000954221 -0.000002877968 0.003604482085
-0.000001303322 0.000012732399 -0.994081076855 -0.106710847638 -0.000537330902 -0.000007884904 0.020311643592 0.001660049732 -0.000007399651
-0.000006674859 0.000066375894 0.106711864538 -0.994077826301 -0.002481859218 0.000002857382 -0.001659655827 0.020320781525 -0.000022836546
-0.002426216443 0.027157274286 0.000269227807 0.002524187634 -0.999380701205 -0.001318069708 -0.000017316489 -0.000106323020 -0.022059398612
-0.004835946275 -0.005091071476 0.000013385247 -0.000003964723 0.000789830783 -0.999808984037 0.000274045294 0.000030709395 0.018220592252
-0.000000279904 -0.000000360950 -0.014520705549 -0.014305182863 0.000041503706 -0.000217819544 -0.729984010352 -0.683160136772 0.000183959725
0.000003090398 0.000004048577 0.014299197524 -0.014527866394 0.000026000070 0.000170729221 0.683160263012 -0.729983837244 0.000310809877
-0.001357424597 0.004296204851 -0.000001003680 0.000039422745 -0.021967743688 0.018183798237 -0.000083344776 0.000350284353 0.999583081360

State 1 :
Natural orbital occupations
9
1.399646662088 0.579369036708 0.005171451181 0.003971763304 0.003970579098 0.002695704452 0.002695598700 0.002479140652 0.000000063817
Natural orbitals (in MO basis)
9 9
0.642286371601 0.765422787424 0.031279969273 -0.000003810605 -0.000018012950 -0.000086923011 -0.000023788171 -0.021309908081 0.012791255873
0.718328037687 -0.595591629616 0.060149137912 0.000162384113 0.000337183800 0.001009919684 0.000289203594 0.354218872942 0.013611341832
-0.000239414817 0.000186518261 0.000792228724 0.776698809268 0.169317768303 0.247942567208 0.553708411188 -0.001026875981 0.000396931546
0.000217895098 -0.000329874989 0.001917314462 0.169320410667 -0.776671034796 -0.553743067853 0.247943967045 0.000681366144 0.000899777875
-0.026305641119 -0.025801587090 0.889300610086 -0.001006785783 0.001491010081 0.000646024338 -0.001206751516 -0.157486918345 0.427761003920
0.265923030173 -0.242100810216 -0.162937637217 -0.000016468943 -0.000040960098 -0.001620213720 -0.000514685849 -0.918757620280 0.002238153078
-0.000004072936 0.000006087270 -0.000174363926 0.544549742105 -0.267475868762 0.196807207654 -0.770187701237 0.000115057190 0.000148958415
-0.000053582078 0.000081481104 -0.000016934236 -0.267458576277 -0.544580482532 0.770166183234 0.196824426022 -0.001472961014 0.000155352964
-0.008117555765 0.010949554207 -0.421894609587 -0.000079310748 0.000126154672 -0.000038161520 0.000171507838 0.071787756691 0.903695532724

