Number of strings: 9 9, CI size = 81
String addressing array alpha: 1 9
0 1 2 3 4 5 6 7 8

Alpha strings 9 1
1
2
3
4
5
6
7
8
9

Is hamiltonian hermitian? 1
Implicit Hamiltonian constructed
E(core)= 0.000000000000
H(1,1) + E(core) energy = -0.679275959100
Davidson: iter=0 dim=0 root=0 eigenvalue=-0.679275959100
Davidson: iter=1 dim=1 root=0 eigenvalue=-0.734743676177
Davidson: iter=2 dim=2 root=0 eigenvalue=-0.759875547466
Davidson: iter=3 dim=3 root=0 eigenvalue=-0.771226816269
Davidson: iter=4 dim=4 root=0 eigenvalue=-0.775973020844
Davidson: iter=5 dim=5 root=0 eigenvalue=-0.777438959153
Davidson: iter=6 dim=6 root=0 eigenvalue=-0.777607131790
Davidson: iter=7 dim=7 root=0 eigenvalue=-0.777616504072
Davidson: iter=8 dim=8 root=0 eigenvalue=-0.777618860248
Davidson: iter=9 dim=9 root=0 eigenvalue=-0.777618979324
Davidson: iter=10 dim=10 root=0 eigenvalue=-0.777618989207
Davidson: iter=11 dim=11 root=0 eigenvalue=-0.777618989580
Davidson: iter=12 dim=12 root=0 eigenvalue=-0.777618989615
Davidson: iter=13 dim=13 root=0 eigenvalue=-0.777618989616
Davidson: iter=13 dim=13 root=1 eigenvalue=-0.697046338355
root no. 0 converged
Davidson: iter=14 dim=14 root=0 eigenvalue=-0.777618989616
Davidson: iter=14 dim=14 root=1 eigenvalue=-0.697424621116
Davidson: iter=15 dim=15 root=0 eigenvalue=-0.777618989616
Davidson: iter=15 dim=15 root=1 eigenvalue=-0.697433504421
Davidson: iter=16 dim=16 root=0 eigenvalue=-0.777618989616
Davidson: iter=16 dim=16 root=1 eigenvalue=-0.697435596685
Davidson: iter=17 dim=17 root=0 eigenvalue=-0.777618989616
Davidson: iter=17 dim=17 root=1 eigenvalue=-0.697435797646
Davidson: iter=18 dim=18 root=0 eigenvalue=-0.777618989616
Davidson: iter=18 dim=18 root=1 eigenvalue=-0.697435806945
Davidson: iter=19 dim=19 root=0 eigenvalue=-0.777618989616
Davidson: iter=19 dim=19 root=1 eigenvalue=-0.697435807624
Davidson: iter=20 dim=20 root=0 eigenvalue=-0.777618989616
Davidson: iter=20 dim=20 root=1 eigenvalue=-0.697435807674
Davidson: iter=21 dim=21 root=0 eigenvalue=-0.777618989616
Davidson: iter=21 dim=21 root=1 eigenvalue=-0.697435807678
Davidson: iter=22 dim=22 root=0 eigenvalue=-0.777618989616
Davidson: iter=22 dim=22 root=1 eigenvalue=-0.697435807678
root no. 1 converged
Davidson converged in 22 iterations.
E(core)= 0.000000000000
E(0)= -0.777618989616
E(1)= -0.697435807678
FCI Excitation energies = 2
0.000000000000 0.080183181938

Vacuum coefficients in CI state 0 = 0.577504411170
Vacuum coefficients in CI state 1 = -0.756428032414
Eigenvector 0 in string basis
0: 0.577504411170 seniority 0 ... 1
1
 | 1
1

1: 0.371723923979 seniority 2 ... 1
1
 | 1
2

2: -0.160014243106 seniority 2 ... 1
1
 | 1
3

9: 0.371723924013 seniority 2 ... 1
2
 | 1
1

10: -0.567917654913 seniority 0 ... 1
2
 | 1
2

11: -0.077365535990 seniority 2 ... 1
2
 | 1
3

18: -0.160014243107 seniority 2 ... 1
3
 | 1
1

19: -0.077365535985 seniority 2 ... 1
3
 | 1
2

Eigenvector 1 in string basis
0: -0.756428032414 seniority 0 ... 1
1
 | 1
1

1: 0.385251204002 seniority 2 ... 1
1
 | 1
2

2: -0.138385898801 seniority 2 ... 1
1
 | 1
3

9: 0.385251204972 seniority 2 ... 1
2
 | 1
1

10: -0.194953659873 seniority 0 ... 1
2
 | 1
2

11: 0.084865211115 seniority 2 ... 1
2
 | 1
3

18: -0.138385898813 seniority 2 ... 1
3
 | 1
1

19: 0.084865211276 seniority 2 ... 1
3
 | 1
2

20: 0.135935649829 seniority 0 ... 1
3
 | 1
3

30: 0.071068835452 seniority 0 ... 1
4
 | 1
4

40: 0.070568723411 seniority 0 ... 1
5
 | 1
5

50: 0.067665965319 seniority 0 ... 1
6
 | 1
6

Seniority vectors for all roots (nroots/seniority)
2 2
0.657895104220 0.342104895780
0.657942219390 0.732884157010

Calculating transition densities
Root 0 MO occupations numbers (density matrix diagonal)
9
0.996872765032 0.933520763775 0.066897945073 0.000213708886 0.000033352343 0.000027275330 0.002137373245 0.000295007182 0.000001809134
Root 1 MO occupations numbers (density matrix diagonal)
9
1.484479420874 0.388780040776 0.089900822827 0.010706256673 0.010005726681 0.009159032086 0.006087310166 0.000625961572 0.000255428344
Transition densities done:
Trandens between roots 0 0
9 9
0.996872765032 0.031692895531 -0.256424451248 0.000258506916 -0.000061864152 -0.000485415185 -0.036659141725 -0.016228339304 -0.000063235466
0.031692895531 0.933520763775 -0.037607992564 -0.011216413130 0.000320658525 -0.000343780830 -0.028201173125 -0.005581865335 -0.000035214449
-0.256424451248 -0.037607992564 0.066897945073 0.000310330899 0.000004968120 0.000134924484 0.010289334252 0.004330086787 0.000017317295
0.000258506916 -0.011216413130 0.000310330899 0.000213708886 -0.000005395162 0.000003551085 0.000336234192 0.000042436042 0.000000213264
-0.000061864152 0.000320658525 0.000004968120 -0.000005395162 0.000033352343 -0.000000686159 -0.000007733704 -0.000000238503 -0.000005591051
-0.000485415185 -0.000343780830 0.000134924484 0.000003551085 -0.000000686159 0.000027275330 0.000027393201 0.000009904307 0.000000585636
-0.036659141725 -0.028201173125 0.010289334252 0.000336234192 -0.000007733704 0.000027393201 0.002137373245 0.000739674359 0.000003289507
-0.016228339304 -0.005581865335 0.004330086787 0.000042436042 -0.000000238503 0.000009904307 0.000739674359 0.000295007182 0.000001203524
-0.000063235466 -0.000035214449 0.000017317295 0.000000213264 -0.000005591051 0.000000585636 0.000003289507 0.000001203524 0.000001809134

Trandens between roots 0 1
9 9
-0.539648405195 0.271083909545 -0.140983323274 -0.008145520341 0.000196628379 -0.000565385773 -0.039409736015 -0.011312346326 -0.000055098002
-0.978931608507 0.494989081443 -0.220237698281 -0.021175488944 0.000585355918 -0.000830710366 -0.064257950633 -0.016163204254 -0.000087081193
0.169976777814 -0.085540170091 0.042827897501 0.002542644921 -0.000061550483 0.000175136779 0.012122283573 0.003426230543 0.000016849684
0.012560983789 -0.006450428378 0.002219050427 -0.000589005107 0.000001823350 0.000012294130 0.000707970100 0.000247812370 0.000002541739
-0.000336556740 0.000173547150 -0.000054449135 0.000001969332 -0.000574636190 0.000007275259 -0.000018036078 -0.000007139008 0.000050290330
0.000592205447 -0.000297873619 0.000148603318 0.000013625594 0.000007235287 -0.000495940947 0.000041299782 0.000009185752 -0.000004832384
0.047938751330 -0.024197246889 0.011378524792 0.000691860709 -0.000017199027 0.000043455659 0.003262063335 0.000894409927 0.000004495279
0.013743811463 -0.006900090439 0.003549451530 0.000381266701 -0.000011387834 0.000010246343 0.000995689070 0.000249840416 0.000001417991
0.000068343566 -0.000034446362 0.000016669170 0.000004022504 0.000089502138 -0.000008645506 0.000004755720 0.000001337686 -0.000020895258

Trandens between roots 1 0
9 9
-0.539648405195 -0.978931608507 0.169976777814 0.012560983789 -0.000336556740 0.000592205447 0.047938751330 0.013743811463 0.000068343566
0.271083909545 0.494989081443 -0.085540170091 -0.006450428378 0.000173547150 -0.000297873619 -0.024197246889 -0.006900090439 -0.000034446362
-0.140983323274 -0.220237698281 0.042827897501 0.002219050427 -0.000054449135 0.000148603318 0.011378524792 0.003549451530 0.000016669170
-0.008145520341 -0.021175488944 0.002542644921 -0.000589005107 0.000001969332 0.000013625594 0.000691860709 0.000381266701 0.000004022504
0.000196628379 0.000585355918 -0.000061550483 0.000001823350 -0.000574636190 0.000007235287 -0.000017199027 -0.000011387834 0.000089502138
-0.000565385773 -0.000830710366 0.000175136779 0.000012294130 0.000007275259 -0.000495940947 0.000043455659 0.000010246343 -0.000008645506
-0.039409736015 -0.064257950633 0.012122283573 0.000707970100 -0.000018036078 0.000041299782 0.003262063335 0.000995689070 0.000004755720
-0.011312346326 -0.016163204254 0.003426230543 0.000247812370 -0.000007139008 0.000009185752 0.000894409927 0.000249840416 0.000001337686
-0.000055098002 -0.000087081193 0.000016849684 0.000002541739 0.000050290330 -0.000004832384 0.000004495279 0.000001417991 -0.000020895258

Trandens between roots 1 1
9 9
1.484479420874 -0.759256078805 0.236041472643 0.025442139505 -0.000704026162 0.000986355205 0.085617850321 0.021645666889 0.000116127085
-0.759256078805 0.388780040776 -0.116057525963 -0.012261714808 0.000337237290 -0.000493122969 -0.043224376996 -0.010948416084 -0.000058568056
0.236041472643 -0.116057525963 0.089900822827 0.006282528725 -0.000166549451 0.000307855295 0.020088382925 0.005399340225 0.000027664587
0.025442139505 -0.012261714808 0.006282528725 0.010706256673 -0.000020820857 -0.000006690278 0.001853100092 -0.000167764436 -0.000021488258
-0.000704026162 0.000337237290 -0.000166549451 -0.000020820857 0.010005726681 -0.000082026612 -0.000051662904 0.000014514608 -0.000768545270
0.000986355205 -0.000493122969 0.000307855295 -0.000006690278 -0.000082026612 0.009159032086 0.000072774227 0.000050942418 0.000074752090
0.085617850321 -0.043224376996 0.020088382925 0.001853100092 -0.000051662904 0.000072774227 0.006087310166 0.001498273331 0.000007988096
0.021645666889 -0.010948416084 0.005399340225 -0.000167764436 0.000014514608 0.000050942418 0.001498273331 0.000625961572 0.000001717409
0.000116127085 -0.000058568056 0.000027664587 -0.000021488258 -0.000768545270 0.000074752090 0.000007988096 0.000001717409 0.000255428344

State 0 :
Natural orbital occupations
9
1.076487550037 0.923356060681 0.000092402687 0.000034218431 0.000026865849 0.000001338742 0.000000832180 0.000000731224 0.000000000169
Natural orbitals (in MO basis)
9 9
0.926991522980 0.278917028206 -0.068320517498 -0.000008032167 0.001045003930 0.221230339561 -0.000058991685 0.037298509633 0.088821039447
0.279311575770 -0.959195097409 -0.024784240788 -0.000012528330 -0.000404996865 0.018810771935 0.000000898341 0.000210658005 0.031008006364
-0.246342762880 -0.041166893275 -0.246800376057 0.000001865529 0.007003654133 0.902496830964 -0.000283083685 0.149049186113 0.199861910731
-0.002772794407 0.011725251666 -0.920725790211 -0.031990277181 -0.010493556885 -0.244407817882 -0.005001408497 0.224861998568 -0.201648810624
0.000029106237 -0.000352244095 0.030457960579 -0.980239027159 -0.096001824137 0.008923807121 -0.169733949944 -0.007735939418 0.006180150026
-0.000539305061 0.000205067546 0.005308478867 0.094874066089 -0.995272252804 0.010374859846 0.016511348681 -0.002985085958 -0.003790572662
-0.041334235862 0.017809528471 -0.235572506901 -0.000099844832 -0.005305151708 -0.196671850006 0.000879696614 -0.411509076592 0.856989749333
-0.016446866502 0.000718429652 0.172108542734 -0.000597210067 -0.005311690944 -0.193905243099 0.002776793675 0.869722353174 0.419589248842
-0.000067699334 0.000016777113 -0.000134597133 0.170606613381 -0.000109096799 -0.001117335383 -0.985334552042 0.002179746896 0.001780282229

State 1 :
Natural orbital occupations
9
1.916656130574 0.053168223295 0.010216839102 0.010073787822 0.009149128148 0.000343538993 0.000197566781 0.000194642996 0.000000142290
Natural orbitals (in MO basis)
9 9
0.879918468263 -0.096245500320 -0.014004129893 0.000135142420 -0.000159946293 0.056740099123 -0.037974926638 -0.000295836955 -0.460024468868
-0.449780881065 0.138224389380 -0.041885382640 0.000397458611 -0.000973170431 0.035398169743 -0.061794983025 -0.000499846126 -0.878500874616
0.142925739241 0.976616274660 0.055569492147 -0.000451641918 0.005091079553 0.122766744873 -0.022221158137 -0.000150851085 0.084340484534
0.015159169384 0.051922416785 -0.994609682329 -0.022796600059 -0.032003820318 0.002991811546 0.066286305936 -0.001740190350 0.043313496675
-0.000418453420 -0.001282361742 0.025656760915 -0.992094318516 -0.094817784598 -0.000164847512 -0.002042287374 -0.078053047383 -0.001373185665
0.000596608563 0.003356218588 0.029787918461 0.095270443691 -0.994965515373 0.000015999237 -0.003341131599 0.007551826050 0.000179036382
0.051134999612 0.117941102074 -0.004358601670 0.000103712773 0.000612570408 -0.985982301606 -0.098368702959 -0.000343004680 -0.040225693217
0.012952097966 0.035106925921 0.064405907593 -0.000984022059 -0.001301677296 -0.091023983650 0.989976741250 0.010265641278 -0.077487199645
0.000069375006 0.000167607399 0.000634523007 0.078430615708 -0.000071327173 -0.000643457222 0.010293044301 -0.996865990136 -0.000186598704

