Number of strings: 9 9, CI size = 81
String addressing array alpha: 1 9
0 1 2 3 4 5 6 7 8

Alpha strings 9 1
1
2
3
4
5
6
7
8
9

Is hamiltonian hermitian? 1
Implicit Hamiltonian constructed
E(core)= 0.000000000000
H(1,1) + E(core) energy = -0.768628962500
Davidson: iter=0 dim=0 root=0 eigenvalue=-0.768628962500
Davidson: iter=1 dim=1 root=0 eigenvalue=-0.814076007600
Davidson: iter=2 dim=2 root=0 eigenvalue=-0.822059924853
Davidson: iter=3 dim=3 root=0 eigenvalue=-0.823869296142
Davidson: iter=4 dim=4 root=0 eigenvalue=-0.824511701903
Davidson: iter=5 dim=5 root=0 eigenvalue=-0.824602519371
Davidson: iter=6 dim=6 root=0 eigenvalue=-0.824612907377
Davidson: iter=7 dim=7 root=0 eigenvalue=-0.824613653459
Davidson: iter=8 dim=8 root=0 eigenvalue=-0.824613717957
Davidson: iter=9 dim=9 root=0 eigenvalue=-0.824613727509
Davidson: iter=10 dim=10 root=0 eigenvalue=-0.824613727702
Davidson: iter=11 dim=11 root=0 eigenvalue=-0.824613727716
Davidson: iter=12 dim=12 root=0 eigenvalue=-0.824613727717
Davidson: iter=12 dim=12 root=1 eigenvalue=-0.735712475632
root no. 0 converged
Davidson: iter=13 dim=13 root=0 eigenvalue=-0.824613727717
Davidson: iter=13 dim=13 root=1 eigenvalue=-0.735864028996
Davidson: iter=14 dim=14 root=0 eigenvalue=-0.824613727717
Davidson: iter=14 dim=14 root=1 eigenvalue=-0.735877308352
Davidson: iter=15 dim=15 root=0 eigenvalue=-0.824613727717
Davidson: iter=15 dim=15 root=1 eigenvalue=-0.735877446701
Davidson: iter=16 dim=16 root=0 eigenvalue=-0.824613727717
Davidson: iter=16 dim=16 root=1 eigenvalue=-0.735877474725
Davidson: iter=17 dim=17 root=0 eigenvalue=-0.824613727717
Davidson: iter=17 dim=17 root=1 eigenvalue=-0.735877475752
Davidson: iter=18 dim=18 root=0 eigenvalue=-0.824613727717
Davidson: iter=18 dim=18 root=1 eigenvalue=-0.735877475868
Davidson: iter=19 dim=19 root=0 eigenvalue=-0.824613727717
Davidson: iter=19 dim=19 root=1 eigenvalue=-0.735877475876
Davidson: iter=20 dim=20 root=0 eigenvalue=-0.824613727717
Davidson: iter=20 dim=20 root=1 eigenvalue=-0.735877475876
root no. 1 converged
Davidson converged in 20 iterations.
E(core)= 0.000000000000
E(0)= -0.824613727717
E(1)= -0.735877475876
FCI Excitation energies = 2
0.000000000000 0.088736251841

Vacuum coefficients in CI state 0 = -0.879976852497
Vacuum coefficients in CI state 1 = -0.397530251464
Eigenvector 0 in string basis
0: -0.879976852497 seniority 0 ... 1
1
 | 1
1

1: -0.151314853053 seniority 2 ... 1
1
 | 1
2

5: -0.081402645141 seniority 2 ... 1
1
 | 1
6

9: -0.151314853053 seniority 2 ... 1
2
 | 1
1

10: 0.398278381820 seniority 0 ... 1
2
 | 1
2

45: -0.081402645141 seniority 2 ... 1
6
 | 1
1

Eigenvector 1 in string basis
0: -0.397530251464 seniority 0 ... 1
1
 | 1
1

1: 0.521623329012 seniority 2 ... 1
1
 | 1
2

2: 0.053190548018 seniority 2 ... 1
1
 | 1
3

5: 0.196836452063 seniority 2 ... 1
1
 | 1
6

9: 0.521623328995 seniority 2 ... 1
2
 | 1
1

10: -0.420589961049 seniority 0 ... 1
2
 | 1
2

14: -0.096512236905 seniority 2 ... 1
2
 | 1
6

18: 0.053190548018 seniority 2 ... 1
3
 | 1
1

20: 0.066120279583 seniority 0 ... 1
3
 | 1
3

30: 0.061939395719 seniority 0 ... 1
4
 | 1
4

40: 0.061931466209 seniority 0 ... 1
5
 | 1
5

45: 0.196836452062 seniority 2 ... 1
6
 | 1
1

46: -0.096512236904 seniority 2 ... 1
6
 | 1
2

50: 0.067073622558 seniority 0 ... 1
6
 | 1
6

Seniority vectors for all roots (nroots/seniority)
2 2
0.938231663588 0.061768336412
0.351771004638 0.952084603062

Calculating transition densities
Root 0 MO occupations numbers (density matrix diagonal)
9
1.609459702588 0.363670551063 0.005433523766 0.003469680469 0.003470224971 0.014018118137 0.000169974350 0.000154134056 0.000154090601
Root 1 MO occupations numbers (density matrix diagonal)
9
0.944257754571 0.917069396659 0.015046156009 0.007872214596 0.007871455707 0.105380743885 0.001643388776 0.000429613817 0.000429275982
Transition densities done:
Trandens between roots 0 0
9 9
1.609459702588 0.148603761408 0.053941813381 -0.000323736862 0.000572015138 0.146498509632 0.003759381227 -0.000023196069 -0.000042102037
0.148603761408 0.363670551063 -0.000823287247 -0.000041917921 0.000056127463 0.013947495773 0.002861211187 -0.000030730176 -0.000024868348
0.053941813381 -0.000823287247 0.005433523766 -0.000009229380 0.000016781726 0.003937738541 -0.000399367818 0.000008179544 0.000001917039
-0.000323736862 -0.000041917921 -0.000009229380 0.003469680469 -0.000000121212 -0.000024425799 -0.000002761699 -0.000273989662 0.000422448435
0.000572015138 0.000056127463 0.000016781726 -0.000000121212 0.003470224971 0.000042662518 0.000009901370 0.000422379805 0.000273871194
0.146498509632 0.013947495773 0.003937738541 -0.000024425799 0.000042662518 0.014018118137 0.000499421054 -0.000006854542 -0.000004949693
0.003759381227 0.002861211187 -0.000399367818 -0.000002761699 0.000009901370 0.000499421054 0.000169974350 -0.000000238931 -0.000000186825
-0.000023196069 -0.000030730176 0.000008179544 -0.000273989662 0.000422379805 -0.000006854542 -0.000000238931 0.000154134056 -0.000000006990
-0.000042102037 -0.000024868348 0.000001917039 0.000422448435 0.000273871194 -0.000004949693 -0.000000186825 -0.000000006990 0.000154090601

Trandens between roots 0 1
9 9
0.506537571755 -0.774409269806 -0.096244804114 0.000826678165 -0.001349851527 -0.328718131451 -0.032974391217 0.000390549824 0.000288999088
0.529424574310 -0.490127479134 -0.025610560773 0.000341283632 -0.000532973902 -0.138507396234 -0.015690304519 0.000197480961 0.000134491318
0.011060722584 -0.019344592078 0.002096299367 0.000024069907 -0.000039594568 -0.009829404568 -0.000077469196 -0.000002836913 0.000002860483
-0.000142599710 0.000183882774 0.000020599117 0.005015403153 0.000000354120 0.000074411616 0.000010769885 0.000387556502 -0.000597251032
0.000220312076 -0.000298325344 -0.000035617318 0.000000418233 0.005014675331 -0.000126753815 -0.000025444893 -0.000597565453 -0.000387639225
0.053128662662 -0.075172353570 -0.009627315583 0.000081449903 -0.000134071803 -0.028492651424 -0.003365477393 0.000044023442 0.000028889509
0.004926081831 -0.005082277882 -0.000794783244 0.000002132528 0.000002091160 -0.001466548008 -0.000139999887 0.000002535461 0.000001609865
-0.000049348920 0.000049302587 0.000010833922 -0.000273967971 0.000422235976 0.000010469187 0.000001968460 0.000048060735 -0.000000044136
-0.000044792002 0.000047578861 0.000006275785 0.000422427485 0.000273809096 0.000014454337 0.000001782734 0.000000000951 0.000048120103

Trandens between roots 1 0
9 9
0.506537571755 0.529424574310 0.011060722584 -0.000142599710 0.000220312076 0.053128662662 0.004926081831 -0.000049348920 -0.000044792002
-0.774409269806 -0.490127479134 -0.019344592078 0.000183882774 -0.000298325344 -0.075172353570 -0.005082277882 0.000049302587 0.000047578861
-0.096244804114 -0.025610560773 0.002096299367 0.000020599117 -0.000035617318 -0.009627315583 -0.000794783244 0.000010833922 0.000006275785
0.000826678165 0.000341283632 0.000024069907 0.005015403153 0.000000418233 0.000081449903 0.000002132528 -0.000273967971 0.000422427485
-0.001349851527 -0.000532973902 -0.000039594568 0.000000354120 0.005014675331 -0.000134071803 0.000002091160 0.000422235976 0.000273809096
-0.328718131451 -0.138507396234 -0.009829404568 0.000074411616 -0.000126753815 -0.028492651424 -0.001466548008 0.000010469187 0.000014454337
-0.032974391217 -0.015690304519 -0.000077469196 0.000010769885 -0.000025444893 -0.003365477393 -0.000139999887 0.000001968460 0.000001782734
0.000390549824 0.000197480961 -0.000002836913 0.000387556502 -0.000597565453 0.000044023442 0.000002535461 0.000048060735 0.000000000951
0.000288999088 0.000134491318 0.000002860483 -0.000597251032 -0.000387639225 0.000028889509 0.000001609865 -0.000000044136 0.000048120103

Trandens between roots 1 1
9 9
0.944257754571 -0.893025146217 -0.040899461084 0.000564052248 -0.000879276130 -0.229863681809 -0.029055266939 0.000363904014 0.000248309649
-0.893025146217 0.917069396659 0.060157812238 -0.000678628464 0.001075932017 0.273493386699 0.032022889136 -0.000397202035 -0.000275243062
-0.040899461084 0.060157812238 0.015046156009 -0.000064743237 0.000105448030 0.025512838656 0.003999581092 -0.000054117991 -0.000031036886
0.000564052248 -0.000678628464 -0.000064743237 0.007872214596 -0.000000881639 -0.000248512324 -0.000018999637 0.000788895619 -0.001214813777
-0.000879276130 0.001075932017 0.000105448030 -0.000000881639 0.007871455707 0.000398023141 0.000014513495 -0.001216238383 -0.000789017636
-0.229863681809 0.273493386699 0.025512838656 -0.000248512324 0.000398023141 0.105380743885 0.009935854452 -0.000113186970 -0.000087306441
-0.029055266939 0.032022889136 0.003999581092 -0.000018999637 0.000014513495 0.009935854452 0.001643388776 -0.000014770724 -0.000010336784
0.000363904014 -0.000397202035 -0.000054117991 0.000788895619 -0.001216238383 -0.000113186970 -0.000014770724 0.000429613817 0.000000262278
0.000248309649 -0.000275243062 -0.000031036886 -0.001214813777 -0.000789017636 -0.000087306441 -0.000010336784 0.000000262278 0.000429275982

State 0 :
Natural orbital occupations
9
1.642017901149 0.346383841801 0.003893233488 0.003544817509 0.003544402417 0.000382810694 0.000079347661 0.000079324180 0.000074321102
Natural orbitals (in MO basis)
9 9
-0.988627417211 -0.114908626247 -0.006465048832 -0.000039644822 -0.000027080937 -0.096794848168 -0.000046761175 0.000021255292 -0.000890573667
-0.115891597216 0.993093368768 0.017215535903 -0.000062621258 -0.000050680917 0.003634330389 -0.000030971712 0.000012769480 -0.005010784055
-0.032742887394 -0.020692247777 0.946856137321 -0.002847823103 -0.000821233970 0.294615483047 0.000036110426 0.000155783406 0.123110099015
0.000199828409 -0.000011762968 -0.000576421782 -0.087388913723 -0.985280869564 -0.001733878383 0.051241531469 -0.137679602752 0.000199000997
-0.000351784391 -0.000031234161 0.001893047347 0.985278762318 -0.087399219897 0.003179372042 -0.137662645579 -0.051208533836 0.000046888432
-0.090036274241 -0.009209062746 -0.291817167381 -0.002525466911 -0.001221966902 0.950536119534 0.000949862060 -0.000258273676 -0.055889611179
-0.002485072594 0.006970052681 -0.133998543642 0.002815227033 0.000395441824 0.016933716224 0.017432236837 0.003646531930 0.990645052672
0.000016225604 -0.000080785297 0.002769538761 0.129797200117 0.068739621589 -0.000691680751 0.965354973974 -0.215050162190 -0.016204865743
0.000027332767 -0.000057382749 0.000910260066 0.068696477707 -0.129828816336 -0.000087821993 0.214961126995 0.965485397096 -0.007354858798

State 1 :
Natural orbital occupations
9
1.898556434845 0.074219151818 0.008143579947 0.008142206997 0.007867701802 0.002613473878 0.000157166185 0.000157097499 0.000143187028
Natural orbitals (in MO basis)
9 9
0.695293291586 -0.591869441444 -0.000169893620 -0.000208098655 0.006541997283 0.407182905683 0.000068311684 0.000477905109 0.020415222825
-0.690195858849 -0.396903454503 -0.000536306111 -0.000517547420 -0.053358784040 0.599262407221 0.000116171180 0.001117379126 0.064287745167
-0.039834623602 -0.274930023835 -0.004854038154 -0.005831303820 -0.883313249805 -0.326894023733 -0.000223576288 0.002127415642 0.188845288661
0.000482397670 0.001719470561 -0.982472047639 -0.025816971036 0.004651172337 0.001076296369 0.159414858166 0.092965649038 -0.000685277276
-0.000759864071 -0.002915844410 -0.025857100290 0.982438689865 -0.004629137710 -0.002282276501 0.092990159600 -0.159562765216 0.001570971443
-0.195092996237 -0.644078586146 0.000188305162 -0.001397160736 0.417270298974 -0.605970653437 0.000098590867 -0.000063549147 -0.076056302694
-0.023407378501 -0.041504664628 -0.001798944368 -0.004563937147 -0.206603729874 0.031937873391 0.006265222183 -0.027363122050 -0.976325903226
0.000291369102 0.000481953900 -0.096339426177 -0.157482809597 0.004907151969 -0.000192716647 -0.047011118113 -0.981301233139 0.027042370539
0.000200800261 0.000375175819 0.157390123904 -0.096383465903 0.000999546541 -0.000284493714 0.981677318221 -0.046800155799 0.007530179157

