Number of strings: 9 9, CI size = 81
String addressing array alpha: 1 9
0 1 2 3 4 5 6 7 8

Alpha strings 9 1
1
2
3
4
5
6
7
8
9

Is hamiltonian hermitian? 1
Implicit Hamiltonian constructed
E(core)= 0.000000000000
H(1,1) + E(core) energy = -0.714474015700
Davidson: iter=0 dim=0 root=0 eigenvalue=-0.714474015700
Davidson: iter=1 dim=1 root=0 eigenvalue=-0.765603804798
Davidson: iter=2 dim=2 root=0 eigenvalue=-0.781914637906
Davidson: iter=3 dim=3 root=0 eigenvalue=-0.789139290588
Davidson: iter=4 dim=4 root=0 eigenvalue=-0.792377131894
Davidson: iter=5 dim=5 root=0 eigenvalue=-0.793417451950
Davidson: iter=6 dim=6 root=0 eigenvalue=-0.793599470703
Davidson: iter=7 dim=7 root=0 eigenvalue=-0.793608492329
Davidson: iter=8 dim=8 root=0 eigenvalue=-0.793609096021
Davidson: iter=9 dim=9 root=0 eigenvalue=-0.793609157512
Davidson: iter=10 dim=10 root=0 eigenvalue=-0.793609160513
Davidson: iter=11 dim=11 root=0 eigenvalue=-0.793609160735
Davidson: iter=12 dim=12 root=0 eigenvalue=-0.793609160740
Davidson: iter=13 dim=13 root=0 eigenvalue=-0.793609160741
Davidson: iter=13 dim=13 root=1 eigenvalue=-0.724431245333
root no. 0 converged
Davidson: iter=14 dim=14 root=0 eigenvalue=-0.793609160741
Davidson: iter=14 dim=14 root=1 eigenvalue=-0.725147452642
Davidson: iter=15 dim=15 root=0 eigenvalue=-0.793609160741
Davidson: iter=15 dim=15 root=1 eigenvalue=-0.725191422098
Davidson: iter=16 dim=16 root=0 eigenvalue=-0.793609160741
Davidson: iter=16 dim=16 root=1 eigenvalue=-0.725194523731
Davidson: iter=17 dim=17 root=0 eigenvalue=-0.793609160741
Davidson: iter=17 dim=17 root=1 eigenvalue=-0.725194605771
Davidson: iter=18 dim=18 root=0 eigenvalue=-0.793609160741
Davidson: iter=18 dim=18 root=1 eigenvalue=-0.725194605794
Davidson: iter=19 dim=19 root=0 eigenvalue=-0.793609160741
Davidson: iter=19 dim=19 root=1 eigenvalue=-0.725194605796
Davidson: iter=20 dim=20 root=0 eigenvalue=-0.793609160741
Davidson: iter=20 dim=20 root=1 eigenvalue=-0.725194605797
root no. 1 converged
Davidson converged in 20 iterations.
E(core)= 0.000000000000
E(0)= -0.793609160741
E(1)= -0.725194605797
FCI Excitation energies = 2
0.000000000000 0.068414554945

Vacuum coefficients in CI state 0 = -0.675131822010
Vacuum coefficients in CI state 1 = 0.679015900703
Eigenvector 0 in string basis
0: -0.675131822010 seniority 0 ... 1
1
 | 1
1

1: -0.323275351235 seniority 2 ... 1
1
 | 1
2

2: 0.145506040344 seniority 2 ... 1
1
 | 1
3

9: -0.323275351234 seniority 2 ... 1
2
 | 1
1

10: 0.530829779340 seniority 0 ... 1
2
 | 1
2

11: 0.055628150361 seniority 2 ... 1
2
 | 1
3

18: 0.145506040344 seniority 2 ... 1
3
 | 1
1

19: 0.055628150361 seniority 2 ... 1
3
 | 1
2

Eigenvector 1 in string basis
0: 0.679015900703 seniority 0 ... 1
1
 | 1
1

1: -0.428262035286 seniority 2 ... 1
1
 | 1
2

2: 0.155664655940 seniority 2 ... 1
1
 | 1
3

6: 0.054146171988 seniority 2 ... 1
1
 | 1
7

9: -0.428262035322 seniority 2 ... 1
2
 | 1
1

10: 0.260324504509 seniority 0 ... 1
2
 | 1
2

11: -0.077551110357 seniority 2 ... 1
2
 | 1
3

18: 0.155664655941 seniority 2 ... 1
3
 | 1
1

19: -0.077551110362 seniority 2 ... 1
3
 | 1
2

20: -0.117077449182 seniority 0 ... 1
3
 | 1
3

30: -0.071076153573 seniority 0 ... 1
4
 | 1
4

40: -0.071203747532 seniority 0 ... 1
5
 | 1
5

50: -0.071203695052 seniority 0 ... 1
6
 | 1
6

54: 0.054146171989 seniority 2 ... 1
7
 | 1
1

Seniority vectors for all roots (nroots/seniority)
2 2
0.738962430170 0.261037569830
0.558109578140 0.780441905260

Calculating transition densities
Root 0 MO occupations numbers (density matrix diagonal)
9
1.165994526513 0.779060130307 0.050026485580 0.002086495344 0.000427876066 0.000427815173 0.001924602960 0.000026033990 0.000026034066
Root 1 MO occupations numbers (density matrix diagonal)
9
1.347993775867 0.518086839564 0.088160737474 0.017154652015 0.010148620354 0.010148200506 0.007809368789 0.000248898956 0.000248906475
Transition densities done:
Trandens between roots 0 0
9 9
1.165994526513 0.108550159844 -0.240667004162 0.029023537711 0.000252630132 -0.000119315543 -0.035917884988 0.000002023465 0.000054797066
0.108550159844 0.779060130307 -0.037757272118 0.027447056692 0.000235662520 -0.000114643138 -0.027907271330 -0.000004140225 0.000040977561
-0.240667004162 -0.037757272118 0.050026485580 -0.006500428317 -0.000056536298 0.000026806573 0.007904463207 -0.000000318649 -0.000012028794
0.029023537711 0.027447056692 -0.006500428317 0.002086495344 0.000014262804 -0.000006959723 -0.001814668240 0.000000222787 0.000001949905
0.000252630132 0.000235662520 -0.000056536298 0.000014262804 0.000427876066 -0.000000064071 -0.000015585669 -0.000003693818 0.000089152978
-0.000119315543 -0.000114643138 0.000026806573 -0.000006959723 -0.000000064071 0.000427815173 0.000007554716 0.000089144672 0.000003684058
-0.035917884988 -0.027907271330 0.007904463207 -0.001814668240 -0.000015585669 0.000007554716 0.001924602960 0.000000098864 -0.000002852778
0.000002023465 -0.000004140225 -0.000000318649 0.000000222787 -0.000003693818 0.000089144672 0.000000098864 0.000026033990 0.000000000012
0.000054797066 0.000040977561 -0.000012028794 0.000001949905 0.000089152978 0.000003684058 -0.000002852778 0.000000000012 0.000026034066

Trandens between roots 0 1
9 9
-0.588992421604 0.384074957645 -0.194994824031 0.050177886283 0.000426813639 -0.000204624128 -0.058227674295 -0.000003972539 0.000084162116
-0.878121812576 0.545689455928 -0.195729111188 0.066143220136 0.000568649318 -0.000276898370 -0.064940717409 -0.000007757672 0.000095032988
0.140678774086 -0.090955841344 0.042987425123 -0.011537351368 -0.000098175794 0.000047043435 0.013238462561 0.000000971651 -0.000019157340
-0.043410006395 0.027426247454 -0.010243177158 0.000903215567 0.000025508584 -0.000012181835 -0.003349684583 -0.000000768087 0.000005720625
-0.000374507419 0.000236707403 -0.000088397249 0.000025719619 -0.002058640110 -0.000000095568 -0.000028902668 0.000004790991 -0.000116095732
0.000181238800 -0.000114541138 0.000042366705 -0.000012207470 -0.000000099153 -0.002058878522 0.000013886888 -0.000116114355 -0.000004828035
0.044937941709 -0.028433353772 0.011638336873 -0.003019322965 -0.000026184036 0.000012413849 0.003658655692 0.000000334970 -0.000005383058
0.000004070226 -0.000002509406 0.000000583746 -0.000001702469 0.000016025725 -0.000387003594 0.000000227586 -0.000064410144 0.000000000779
-0.000066774287 0.000042295519 -0.000017415950 0.000007765187 -0.000386925272 -0.000016062151 -0.000005529392 -0.000000003625 -0.000064401929

Trandens between roots 1 0
9 9
-0.588992421604 -0.878121812576 0.140678774086 -0.043410006395 -0.000374507419 0.000181238800 0.044937941709 0.000004070226 -0.000066774287
0.384074957645 0.545689455928 -0.090955841344 0.027426247454 0.000236707403 -0.000114541138 -0.028433353772 -0.000002509406 0.000042295519
-0.194994824031 -0.195729111188 0.042987425123 -0.010243177158 -0.000088397249 0.000042366705 0.011638336873 0.000000583746 -0.000017415950
0.050177886283 0.066143220136 -0.011537351368 0.000903215567 0.000025719619 -0.000012207470 -0.003019322965 -0.000001702469 0.000007765187
0.000426813639 0.000568649318 -0.000098175794 0.000025508584 -0.002058640110 -0.000000099153 -0.000026184036 0.000016025725 -0.000386925272
-0.000204624128 -0.000276898370 0.000047043435 -0.000012181835 -0.000000095568 -0.002058878522 0.000012413849 -0.000387003594 -0.000016062151
-0.058227674295 -0.064940717409 0.013238462561 -0.003349684583 -0.000028902668 0.000013886888 0.003658655692 0.000000227586 -0.000005529392
-0.000003972539 -0.000007757672 0.000000971651 -0.000000768087 0.000004790991 -0.000116114355 0.000000334970 -0.000064410144 -0.000000003625
0.000084162116 0.000095032988 -0.000019157340 0.000005720625 -0.000116095732 -0.000004828035 -0.000005383058 0.000000000779 -0.000064401929

Trandens between roots 1 1
9 9
1.347993775867 -0.834908405166 0.239733123651 -0.085064129849 -0.000729289477 0.000355624054 0.093495958865 0.000010836045 -0.000136231310
-0.834908405166 0.518086839564 -0.154578720987 0.052974278021 0.000453663829 -0.000220847822 -0.058923501431 -0.000006662881 0.000085760236
0.239733123651 -0.154578720987 0.088160737474 -0.023304422945 -0.000199404054 0.000096051079 0.023124813248 0.000002056323 -0.000033660283
-0.085064129849 0.052974278021 -0.023304422945 0.017154652015 0.000059785777 -0.000028768093 -0.006948280233 0.000000505408 0.000008084326
-0.000729289477 0.000453663829 -0.000199404054 0.000059785777 0.010148620354 -0.000000231681 -0.000059915813 -0.000013640986 0.000331677699
0.000355624054 -0.000220847822 0.000096051079 -0.000028768093 -0.000000231681 0.010148200506 0.000028986126 0.000331404225 0.000013664852
0.093495958865 -0.058923501431 0.023124813248 -0.006948280233 -0.000059915813 0.000028986126 0.007809368789 0.000000771323 -0.000010972506
0.000010836045 -0.000006662881 0.000002056323 0.000000505408 -0.000013640986 0.000331404225 0.000000771323 0.000248898956 -0.000000000074
-0.000136231310 0.000085760236 -0.000033660283 0.000008084326 0.000331677699 0.000013664852 -0.000010972506 -0.000000000074 0.000248906475

State 0 :
Natural orbital occupations
9
1.246097900380 0.752351387196 0.000596685922 0.000446709398 0.000446672335 0.000043174316 0.000007110966 0.000007110354 0.000003249134
Natural orbitals (in MO basis)
9 9
0.949036842783 0.240919384547 -0.031660724386 -0.000002846607 0.000025250244 -0.197164128401 0.000008756986 0.000002645033 -0.037560956644
0.240374236736 -0.969432910620 -0.038871453170 0.000019232121 0.000016943543 -0.016496562862 0.000000399547 -0.000007148141 -0.025237491038
-0.198928533804 -0.029925909583 -0.020211837724 -0.000100650270 0.000045406558 -0.976410462363 0.000013657879 0.000041902015 -0.075802076770
0.028534278356 -0.025944514762 0.973333573282 -0.005618050213 0.007547907150 -0.007636245724 0.000873879462 -0.001783480342 -0.225795575971
0.000247731871 -0.000221638274 0.008071656488 0.112583051953 -0.971708402987 -0.000094084087 -0.015405829611 0.206883345455 -0.002122917636
-0.000117672102 0.000108994481 -0.004661902632 -0.971724015365 -0.112623873600 0.000140810394 0.206900799700 0.015415987041 0.000963636741
-0.034094762944 0.024268122785 -0.222739362701 0.000132027785 -0.000111497283 0.086130120757 0.000098506063 -0.001747164193 -0.970161992561
0.000000786559 0.000006005185 -0.000258058060 -0.206908152930 -0.015331149918 0.000011122031 -0.977709830737 -0.032208572861 -0.000007306386
0.000051699916 -0.000034961639 0.000264826109 0.015327106704 -0.206897588630 -0.000200297967 0.032209202806 -0.977710591818 0.001708617569

State 1 :
Natural orbital occupations
9
1.922240702207 0.046491275906 0.010159229883 0.010159178237 0.010031053375 0.000413837524 0.000237797890 0.000237776443 0.000029148535
Natural orbitals (in MO basis)
9 9
0.836824315919 0.200383643795 -0.000013716838 -0.000036623100 0.032419296144 0.176036989957 -0.000036131993 0.000069603030 -0.477002535959
-0.519095646237 0.004387898779 -0.000044807047 -0.000100256452 0.088138810781 0.224650695541 -0.000076834537 0.000097957527 -0.819929291995
0.154559361024 -0.948374574005 0.000144167997 0.000367952817 -0.203116818819 0.171432626722 -0.000001959020 0.000044979207 -0.077790266152
-0.053905024550 0.210369790193 0.007478522794 0.008329575655 -0.973672663905 0.031093371946 0.000124488361 0.000212469938 -0.060894783949
-0.000461998009 0.001794512350 -0.944227079300 -0.327443147984 -0.009604705862 0.000203353604 -0.002677523028 -0.033361185578 -0.000586751166
0.000225062866 -0.000840180983 -0.327504300215 0.944241786711 0.005349629440 -0.000130454526 0.033342181103 -0.002683941936 0.000291331121
0.058908022258 -0.127096022705 0.000065516335 0.000100223121 -0.042009085232 -0.942436180959 -0.000022192118 0.001150018196 -0.300706485020
0.000006734391 -0.000002220089 -0.009651730345 0.032027117663 0.000074193011 0.000036558870 -0.998680934232 0.038954855390 0.000108567134
-0.000085824645 0.000187691855 -0.032047536289 -0.009651846662 -0.000055596792 0.001041627707 0.038955079619 0.998679609707 0.000453350837

