Number of strings: 9 9, CI size = 81
String addressing array alpha: 1 9
0 1 2 3 4 5 6 7 8

Alpha strings 9 1
1
2
3
4
5
6
7
8
9

Is hamiltonian hermitian? 1
Implicit Hamiltonian constructed
E(core)= 0.000000000000
H(1,1) + E(core) energy = -0.855592801100
Davidson: iter=0 dim=0 root=0 eigenvalue=-0.855592801100
Davidson: iter=1 dim=1 root=0 eigenvalue=-0.893837445444
Davidson: iter=2 dim=2 root=0 eigenvalue=-0.897168866143
Davidson: iter=3 dim=3 root=0 eigenvalue=-0.898383346123
Davidson: iter=4 dim=4 root=0 eigenvalue=-0.898526081986
Davidson: iter=5 dim=5 root=0 eigenvalue=-0.898537058802
Davidson: iter=6 dim=6 root=0 eigenvalue=-0.898538234143
Davidson: iter=7 dim=7 root=0 eigenvalue=-0.898538253885
Davidson: iter=8 dim=8 root=0 eigenvalue=-0.898538255774
Davidson: iter=9 dim=9 root=0 eigenvalue=-0.898538255927
Davidson: iter=10 dim=10 root=0 eigenvalue=-0.898538255946
Davidson: iter=11 dim=11 root=0 eigenvalue=-0.898538255947
Davidson: iter=11 dim=11 root=1 eigenvalue=-0.726592241495
root no. 0 converged
Davidson: iter=12 dim=12 root=0 eigenvalue=-0.898538255947
Davidson: iter=12 dim=12 root=1 eigenvalue=-0.728546039895
Davidson: iter=13 dim=13 root=0 eigenvalue=-0.898538255947
Davidson: iter=13 dim=13 root=1 eigenvalue=-0.728626689301
Davidson: iter=14 dim=14 root=0 eigenvalue=-0.898538255947
Davidson: iter=14 dim=14 root=1 eigenvalue=-0.728630216511
Davidson: iter=15 dim=15 root=0 eigenvalue=-0.898538255947
Davidson: iter=15 dim=15 root=1 eigenvalue=-0.728630256758
Davidson: iter=16 dim=16 root=0 eigenvalue=-0.898538255947
Davidson: iter=16 dim=16 root=1 eigenvalue=-0.728630257892
Davidson: iter=17 dim=17 root=0 eigenvalue=-0.898538255947
Davidson: iter=17 dim=17 root=1 eigenvalue=-0.728630257906
Davidson: iter=18 dim=18 root=0 eigenvalue=-0.898538255947
Davidson: iter=18 dim=18 root=1 eigenvalue=-0.728630257910
Davidson: iter=19 dim=19 root=0 eigenvalue=-0.898538255947
Davidson: iter=19 dim=19 root=1 eigenvalue=-0.728630257911
Davidson: iter=20 dim=20 root=0 eigenvalue=-0.898538255947
Davidson: iter=20 dim=20 root=1 eigenvalue=-0.728630257911
root no. 1 converged
Davidson converged in 20 iterations.
E(core)= 0.000000000000
E(0)= -0.898538255947
E(1)= -0.728630257911
FCI Excitation energies = 2
0.000000000000 0.169907998036

Vacuum coefficients in CI state 0 = 0.959381278117
Vacuum coefficients in CI state 1 = 0.163340346178
Eigenvector 0 in string basis
0: 0.959381278117 seniority 0 ... 1
1
 | 1
1

10: -0.251438002908 seniority 0 ... 1
2
 | 1
2

20: -0.059831183223 seniority 0 ... 1
3
 | 1
3

30: -0.059410920112 seniority 0 ... 1
4
 | 1
4

40: -0.059411720493 seniority 0 ... 1
5
 | 1
5

Eigenvector 1 in string basis
0: 0.163340346178 seniority 0 ... 1
1
 | 1
1

1: -0.569525575216 seniority 2 ... 1
1
 | 1
2

2: 0.054587735531 seniority 2 ... 1
1
 | 1
3

5: 0.220870989761 seniority 2 ... 1
1
 | 1
6

9: -0.569525575290 seniority 2 ... 1
2
 | 1
1

10: 0.425578730907 seniority 0 ... 1
2
 | 1
2

14: -0.120307033132 seniority 2 ... 1
2
 | 1
6

18: 0.054587735533 seniority 2 ... 1
3
 | 1
1

45: 0.220870989769 seniority 2 ... 1
6
 | 1
1

46: -0.120307033136 seniority 2 ... 1
6
 | 1
2

Seniority vectors for all roots (nroots/seniority)
2 2
0.994800056544 0.005199943456
0.213828611893 1.110923163707

Calculating transition densities
Root 0 MO occupations numbers (density matrix diagonal)
9
1.845932395451 0.129176366112 0.007509214402 0.007078541396 0.007078714449 0.002546298048 0.000230016385 0.000230045703 0.000218408056
Root 1 MO occupations numbers (density matrix diagonal)
9
0.806209396525 1.040044791576 0.011440625932 0.004230081659 0.004229125767 0.128603051007 0.001621237401 0.001621063967 0.002000626166
Transition densities done:
Trandens between roots 0 0
9 9
1.845932395451 0.052399215557 -0.022452116540 -0.000095736295 0.000057144296 -0.060998117491 -0.000099026695 -0.000047519046 -0.004504667920
0.052399215557 0.129176366112 0.000013597757 0.000000884562 0.000000523693 -0.001408103791 -0.000003175214 -0.000002135790 -0.000143048777
-0.022452116540 0.000013597757 0.007509214402 0.000001771191 -0.000001153584 0.000273691039 0.000010395568 0.000006769586 0.000480939934
-0.000095736295 0.000000884562 0.000001771191 0.007078541396 0.000000015904 0.000001160552 0.000100495325 -0.000420132132 0.000004756454
0.000057144296 0.000000523693 -0.000001153584 0.000000015904 0.007078714449 -0.000000538518 0.000419906499 0.000100311105 -0.000011006484
-0.060998117491 -0.001408103791 0.000273691039 0.000001160552 -0.000000538518 0.002546298048 0.000002650911 0.000001249457 0.000116353684
-0.000099026695 -0.000003175214 0.000010395568 0.000100495325 0.000419906499 0.000002650911 0.000230016385 -0.000000004531 -0.000000091872
-0.000047519046 -0.000002135790 0.000006769586 -0.000420132132 0.000100311105 0.000001249457 -0.000000004531 0.000230045703 -0.000000078059
-0.004504667920 -0.000143048777 0.000480939934 0.000004756454 -0.000011006484 0.000116353684 -0.000000091872 -0.000000078059 0.000218408056

Trandens between roots 0 1
9 9
0.255909536034 -1.053528477882 0.105993933370 0.000420646297 -0.000463999781 0.417137183265 -0.000839352173 -0.000384565868 -0.032985946080
0.297482738174 -0.255585174159 0.007027291062 0.000021272833 -0.000058212610 0.076940920282 -0.000115772883 -0.000051607142 -0.004522002219
-0.007196765208 0.012530411470 0.003892962558 -0.000000793753 0.000002651279 -0.004015579521 -0.000053607770 -0.000041308267 -0.002363011103
-0.000026976927 0.000050411939 -0.000001093026 0.004276528090 0.000000041218 -0.000016261401 -0.000726926023 0.003036016811 -0.000026550072
0.000031731866 -0.000040340735 0.000000353924 -0.000000070674 0.004276055331 0.000010954948 -0.003035257343 -0.000726244950 0.000071732292
-0.014639976644 0.038640302602 -0.003485276161 -0.000013735324 0.000015520134 -0.012950378451 0.000034697872 0.000016249968 0.001420302306
-0.000010237773 0.000054523146 -0.000010745539 -0.000074129753 -0.000309263939 -0.000019777509 0.000032558120 -0.000000009708 0.000001632636
-0.000006578362 0.000027424478 -0.000006930414 0.000309288993 -0.000074077202 -0.000009794322 0.000000093638 0.000032420955 0.000000966391
-0.000565716687 0.002515261402 -0.000446521029 -0.000003197558 0.000007763595 -0.000894286488 0.000001951014 0.000001047977 0.000115491522

Trandens between roots 1 0
9 9
0.255909536034 0.297482738174 -0.007196765208 -0.000026976927 0.000031731866 -0.014639976644 -0.000010237773 -0.000006578362 -0.000565716687
-1.053528477882 -0.255585174159 0.012530411470 0.000050411939 -0.000040340735 0.038640302602 0.000054523146 0.000027424478 0.002515261402
0.105993933370 0.007027291062 0.003892962558 -0.000001093026 0.000000353924 -0.003485276161 -0.000010745539 -0.000006930414 -0.000446521029
0.000420646297 0.000021272833 -0.000000793753 0.004276528090 -0.000000070674 -0.000013735324 -0.000074129753 0.000309288993 -0.000003197558
-0.000463999781 -0.000058212610 0.000002651279 0.000000041218 0.004276055331 0.000015520134 -0.000309263939 -0.000074077202 0.000007763595
0.417137183265 0.076940920282 -0.004015579521 -0.000016261401 0.000010954948 -0.012950378451 -0.000019777509 -0.000009794322 -0.000894286488
-0.000839352173 -0.000115772883 -0.000053607770 -0.000726926023 -0.003035257343 0.000034697872 0.000032558120 0.000000093638 0.000001951014
-0.000384565868 -0.000051607142 -0.000041308267 0.003036016811 -0.000726244950 0.000016249968 -0.000000009708 0.000032420955 0.000001047977
-0.032985946080 -0.004522002219 -0.002363011103 -0.000026550072 0.000071732292 0.001420302306 0.000001632636 0.000000966391 0.000115491522

Trandens between roots 1 1
9 9
0.806209396525 -0.724788026155 0.013921890013 0.000035775284 -0.000142903035 0.194977319209 -0.000326214374 -0.000142125368 -0.012574890876
-0.724788026155 1.040044791576 -0.063678517252 -0.000239338611 0.000333793438 -0.346703157182 0.000665916959 0.000301365534 0.026171416452
0.013921890013 -0.063678517252 0.011440625932 0.000028797283 -0.000028161846 0.026754289746 -0.000105229556 -0.000061878258 -0.004386873138
0.000035775284 -0.000239338611 0.000028797283 0.004230081659 -0.000000219347 0.000103579520 -0.000586991928 0.002450483333 -0.000031374052
-0.000142903035 0.000333793438 -0.000028161846 -0.000000219347 0.004229125767 -0.000129581590 -0.002449546789 -0.000586020890 0.000069349811
0.194977319209 -0.346703157182 0.026754289746 0.000103579520 -0.000129581590 0.128603051007 -0.000235667927 -0.000107157418 -0.009223287786
-0.000326214374 0.000665916959 -0.000105229556 -0.000586991928 -0.002449546789 -0.000235667927 0.001621237401 0.000000223984 0.000013687672
-0.000142125368 0.000301365534 -0.000061878258 0.002450483333 -0.000586020890 -0.000107157418 0.000000223984 0.001621063967 0.000006187040
-0.012574890876 0.026171416452 -0.004386873138 -0.000031374052 0.000069349811 -0.009223287786 0.000013687672 0.000006187040 0.002000626166

State 0 :
Natural orbital occupations
9
1.849830016276 0.127584142549 0.007290471487 0.007105838706 0.007105674961 0.000496490118 0.000202904096 0.000202890276 0.000181571532
Natural orbitals (in MO basis)
9 9
0.998913929921 -0.030278548319 -0.010136589877 0.000006490443 -0.000001104034 0.033865938773 -0.000010538758 -0.000014942138 0.002125436351
0.030447133369 0.999518545819 0.005205294292 -0.000008230199 0.000006964792 -0.002898492405 -0.000006096541 -0.000003101839 0.000390031470
-0.012178946771 0.005782734248 -0.995658062702 0.002491713596 0.004457913488 0.070120364254 0.000519792629 0.000440008485 -0.059496592440
-0.000051917715 0.000031527300 -0.004079109976 0.130041579478 -0.989515101703 0.000299389788 -0.059956650131 0.018366067950 -0.000454202003
0.000031003508 -0.000010090498 0.003041820170 0.989521850290 0.130029901840 -0.000206040133 0.018353902799 0.059934709038 0.000633360269
-0.033009742280 0.003527637665 0.069867582976 -0.000014225229 0.000011496994 0.996921316447 -0.000064692049 -0.000006841771 0.012818649861
-0.000053645063 -0.000000839398 -0.001176279671 0.062334444784 -0.006515013785 -0.000106462186 -0.062396017145 -0.995985631912 0.013781575052
-0.000025752078 -0.000005234660 -0.000589020176 0.006492598716 0.062365322645 -0.000107199004 -0.996053094487 0.062488463452 0.006440377636
-0.002440420285 -0.000026641685 -0.060216900414 -0.001322728975 -0.000579725109 -0.008692833338 0.007282159449 0.013346807594 0.998027630068

State 1 :
Natural orbital occupations
9
1.754154862435 0.223893384670 0.005763088122 0.005762067053 0.005451342128 0.004775852076 0.000087866071 0.000087793162 0.000023744284
Natural orbitals (in MO basis)
9 9
0.620401750468 0.764575300804 0.000439913463 -0.001000956143 0.123791192623 0.122788440413 0.000046966195 0.000042632713 0.011127330619
-0.747352132862 0.515174859044 0.000613877967 -0.001117890139 0.202413759645 0.366558190178 -0.000141235048 -0.000360906867 -0.026863367447
0.035907023824 -0.149799645742 0.007660896995 -0.011119988772 0.859854625638 -0.157372949769 0.004931647796 0.004161585351 0.460359148698
0.000129547470 -0.000626748675 -0.843259332479 -0.136897325837 0.005869783147 -0.000907128666 -0.492653887309 0.165590356578 0.003019049630
-0.000211161407 0.000514653421 0.136799664326 -0.843185445577 -0.011900582583 0.002761810818 0.165564084713 0.492679116477 -0.005515190487
0.234499252926 -0.355444819832 0.000038972750 0.000688544672 0.155249936040 0.882988804517 -0.000520848649 -0.000751577228 -0.122049158639
-0.000433025394 0.000867257719 0.038451134189 0.518326488535 -0.003332639937 0.002921670152 0.076155654461 0.850834774369 0.010912483087
-0.000194241564 0.000415385275 -0.518319373292 0.038435314006 -0.002011383699 0.001782540377 0.850891403993 -0.076238320002 0.005644261819
-0.016939803068 0.035170127061 0.002612727645 -0.005605767575 -0.424335551527 0.214714819714 -0.006340464472 -0.009849444178 0.878713563753

