Number of strings: 9 9, CI size = 81
String addressing array alpha: 1 9
0 1 2 3 4 5 6 7 8

Alpha strings 9 1
1
2
3
4
5
6
7
8
9

Is hamiltonian hermitian? 1
Implicit Hamiltonian constructed
E(core)= 0.000000000000
H(1,1) + E(core) energy = -0.918589921100
Davidson: iter=0 dim=0 root=0 eigenvalue=-0.918589921100
Davidson: iter=1 dim=1 root=0 eigenvalue=-0.953613888236
Davidson: iter=2 dim=2 root=0 eigenvalue=-0.956473573098
Davidson: iter=3 dim=3 root=0 eigenvalue=-0.957183250797
Davidson: iter=4 dim=4 root=0 eigenvalue=-0.957256919908
Davidson: iter=5 dim=5 root=0 eigenvalue=-0.957261085417
Davidson: iter=6 dim=6 root=0 eigenvalue=-0.957261531906
Davidson: iter=7 dim=7 root=0 eigenvalue=-0.957261548088
Davidson: iter=8 dim=8 root=0 eigenvalue=-0.957261549927
Davidson: iter=9 dim=9 root=0 eigenvalue=-0.957261549994
Davidson: iter=10 dim=10 root=0 eigenvalue=-0.957261549999
Davidson: iter=11 dim=11 root=0 eigenvalue=-0.957261549999
Davidson: iter=11 dim=11 root=1 eigenvalue=-0.716961120435
root no. 0 converged
Davidson: iter=12 dim=12 root=0 eigenvalue=-0.957261549999
Davidson: iter=12 dim=12 root=1 eigenvalue=-0.720355575300
Davidson: iter=13 dim=13 root=0 eigenvalue=-0.957261549999
Davidson: iter=13 dim=13 root=1 eigenvalue=-0.720455529734
Davidson: iter=14 dim=14 root=0 eigenvalue=-0.957261549999
Davidson: iter=14 dim=14 root=1 eigenvalue=-0.720463908925
Davidson: iter=15 dim=15 root=0 eigenvalue=-0.957261549999
Davidson: iter=15 dim=15 root=1 eigenvalue=-0.720464107549
Davidson: iter=16 dim=16 root=0 eigenvalue=-0.957261549999
Davidson: iter=16 dim=16 root=1 eigenvalue=-0.720464133658
Davidson: iter=17 dim=17 root=0 eigenvalue=-0.957261549999
Davidson: iter=17 dim=17 root=1 eigenvalue=-0.720464136219
Davidson: iter=18 dim=18 root=0 eigenvalue=-0.957261549999
Davidson: iter=18 dim=18 root=1 eigenvalue=-0.720464136302
Davidson: iter=19 dim=19 root=0 eigenvalue=-0.957261549999
Davidson: iter=19 dim=19 root=1 eigenvalue=-0.720464136375
Davidson: iter=20 dim=20 root=0 eigenvalue=-0.957261549999
Davidson: iter=20 dim=20 root=1 eigenvalue=-0.720464136382
Davidson: iter=21 dim=21 root=0 eigenvalue=-0.957261549999
Davidson: iter=21 dim=21 root=1 eigenvalue=-0.720464136383
root no. 1 converged
Davidson converged in 21 iterations.
E(core)= 0.000000000000
E(0)= -0.957261549999
E(1)= -0.720464136383
FCI Excitation energies = 2
0.000000000000 0.236797413616

Vacuum coefficients in CI state 0 = -0.973831195916
Vacuum coefficients in CI state 1 = 0.089539859306
Eigenvector 0 in string basis
0: -0.973831195916 seniority 0 ... 1
1
 | 1
1

10: 0.192944044330 seniority 0 ... 1
2
 | 1
2

20: 0.065159451001 seniority 0 ... 1
3
 | 1
3

30: 0.065288217383 seniority 0 ... 1
4
 | 1
4

40: 0.065287893272 seniority 0 ... 1
5
 | 1
5

Eigenvector 1 in string basis
0: 0.089539859306 seniority 0 ... 1
1
 | 1
1

1: -0.601381517789 seniority 2 ... 1
1
 | 1
2

5: 0.223563496719 seniority 2 ... 1
1
 | 1
6

9: -0.601381517713 seniority 2 ... 1
2
 | 1
1

10: 0.355472515851 seniority 0 ... 1
2
 | 1
2

14: -0.115862819503 seniority 2 ... 1
2
 | 1
6

45: 0.223563496710 seniority 2 ... 1
6
 | 1
1

46: -0.115862819500 seniority 2 ... 1
6
 | 1
2

Seniority vectors for all roots (nroots/seniority)
2 2
0.998906162906 0.001093837094
0.136783010662 1.216550921338

Calculating transition densities
Root 0 MO occupations numbers (density matrix diagonal)
9
1.897755415739 0.074776639263 0.008641816133 0.008532788586 0.008532674766 0.001004818207 0.000259705415 0.000259685200 0.000236456692
Root 1 MO occupations numbers (density matrix diagonal)
9
0.844999836889 1.003207446310 0.008020482759 0.003238793800 0.003236883561 0.127700067796 0.002669965306 0.002668940347 0.004257583234
Transition densities done:
Trandens between roots 0 0
9 9
1.897755415739 0.019798248505 -0.014909411850 0.000288519475 0.000126914447 -0.033185534021 0.000037081069 0.000041076764 -0.004455068094
0.019798248505 0.074776639263 0.000127458562 -0.000002340514 -0.000001094741 -0.000272877169 -0.000000069587 -0.000000134237 0.000030221945
-0.014909411850 0.000127458562 0.008641816133 -0.000001370684 -0.000000772643 -0.000029629489 0.000002281579 -0.000004739895 0.000350529364
0.000288519475 -0.000002340514 -0.000001370684 0.008532788586 0.000000006389 0.000000756227 0.000298135372 0.000021704742 -0.000004981567
0.000126914447 -0.000001094741 -0.000000772643 0.000000006389 0.008532674766 0.000000331514 0.000021657564 -0.000298378499 -0.000005724205
-0.033185534021 -0.000272877169 -0.000029629489 0.000000756227 0.000000331514 0.001004818207 -0.000000481428 -0.000000609919 0.000062687211
0.000037081069 -0.000000069587 0.000002281579 0.000298135372 0.000021657564 -0.000000481428 0.000259705415 -0.000000002075 0.000000085679
0.000041076764 -0.000000134237 -0.000004739895 0.000021704742 -0.000298378499 -0.000000609919 -0.000000002075 0.000259685200 0.000000094116
-0.004455068094 0.000030221945 0.000350529364 -0.000004981567 -0.000005724205 0.000062687211 0.000000085679 0.000000094116 0.000236456692

Trandens between roots 0 1
9 9
-0.150918531039 1.158474581152 -0.082261274882 0.001505755100 0.000859468285 -0.433286784371 -0.000645431435 -0.000660055316 0.064701532814
-0.234112948458 0.152322173841 0.002392945794 -0.000059435144 -0.000003254826 -0.050401657191 -0.000045317642 -0.000044559459 0.004261639446
0.005100929427 -0.007687140927 -0.003667502498 0.000029143963 0.000011181795 0.002057948564 0.000065823601 -0.000061582071 0.003266051266
-0.000091751079 0.000144402098 0.000028478202 -0.002319510873 -0.000000185321 -0.000039882668 0.004597206029 0.000334896141 -0.000026073887
-0.000053871445 0.000070406813 0.000012471680 -0.000000258037 -0.002319740850 -0.000017890230 0.000334224738 -0.004596207354 -0.000061623905
0.008783047323 -0.023799576993 0.001249647408 -0.000022756315 -0.000013570676 0.007197009294 0.000013725728 0.000013953173 -0.001408741955
0.000004386096 0.000019373056 0.000009240751 0.000722830720 0.000052569586 -0.000006920903 -0.000049881839 0.000000005533 0.000000454355
0.000005192687 0.000021818110 -0.000011644986 0.000052689665 -0.000722478211 -0.000007877614 -0.000000037957 -0.000049761978 0.000001431464
-0.000447258385 -0.002377351901 0.000667590715 -0.000006735981 -0.000011053431 0.000833213465 0.000000712975 0.000001597018 -0.000194254058

Trandens between roots 1 0
9 9
-0.150918531039 -0.234112948458 0.005100929427 -0.000091751079 -0.000053871445 0.008783047323 0.000004386096 0.000005192687 -0.000447258385
1.158474581152 0.152322173841 -0.007687140927 0.000144402098 0.000070406813 -0.023799576993 0.000019373056 0.000021818110 -0.002377351901
-0.082261274882 0.002392945794 -0.003667502498 0.000028478202 0.000012471680 0.001249647408 0.000009240751 -0.000011644986 0.000667590715
0.001505755100 -0.000059435144 0.000029143963 -0.002319510873 -0.000000258037 -0.000022756315 0.000722830720 0.000052689665 -0.000006735981
0.000859468285 -0.000003254826 0.000011181795 -0.000000185321 -0.002319740850 -0.000013570676 0.000052569586 -0.000722478211 -0.000011053431
-0.433286784371 -0.050401657191 0.002057948564 -0.000039882668 -0.000017890230 0.007197009294 -0.000006920903 -0.000007877614 0.000833213465
-0.000645431435 -0.000045317642 0.000065823601 0.004597206029 0.000334224738 0.000013725728 -0.000049881839 -0.000000037957 0.000000712975
-0.000660055316 -0.000044559459 -0.000061582071 0.000334896141 -0.004596207354 0.000013953173 0.000000005533 -0.000049761978 0.000001597018
0.064701532814 0.004261639446 0.003266051266 -0.000026073887 -0.000061623905 -0.001408741955 0.000000454355 0.000001431464 -0.000194254058

Trandens between roots 1 1
9 9
0.844999836889 -0.586878890657 -0.013344123351 0.000310360566 0.000049625046 0.171270279586 0.000173120130 0.000171848826 -0.016035160035
-0.586878890657 1.003207446310 -0.041192834250 0.000720497240 0.000477962260 -0.347662404351 -0.000482459170 -0.000490601181 0.047864922169
-0.013344123351 -0.041192834250 0.008020482759 -0.000093710720 -0.000045590779 0.017397412033 0.000007680919 0.000061181606 -0.004979694650
0.000310360566 0.000720497240 -0.000093710720 0.003238793800 0.000000956637 -0.000309537476 -0.001931705985 -0.000141348018 0.000077434757
0.000049625046 0.000477962260 -0.000045590779 0.000000956637 0.003236883561 -0.000194042999 -0.000140763761 0.001930736036 0.000063340774
0.171270279586 -0.347662404351 0.017397412033 -0.000309537476 -0.000194042999 0.127700067796 0.000173623844 0.000176843928 -0.017273464500
0.000173120130 -0.000482459170 0.000007680919 -0.001931705985 -0.000140763761 0.000173623844 0.002669965306 0.000000206295 -0.000018860413
0.000171848826 -0.000490601181 0.000061181606 -0.000141348018 0.001930736036 0.000176843928 0.000000206295 0.002668940347 -0.000019895126
-0.016035160035 0.047864922169 -0.004979694650 0.000077434757 0.000063340774 -0.017273464500 -0.000018860413 -0.000019895126 0.004257583234

State 0 :
Natural orbital occupations
9
1.898678865568 0.074563102355 0.008545596024 0.008543482420 0.008543327539 0.000413968285 0.000248919544 0.000248878299 0.000213859966
Natural orbitals (in MO basis)
9 9
-0.999754340539 0.010798748436 0.007002449139 -0.000277461900 0.002330629844 0.017724829216 -0.000002862178 0.000010357442 0.002435734857
-0.010854243854 -0.999930837794 -0.004073122582 0.000160566064 -0.001353897835 -0.001107880451 -0.000001567308 -0.000002103954 -0.000910200348
0.007885914746 -0.004380913863 0.953123956400 -0.040221877408 0.295188460751 0.036584227453 -0.000585814915 -0.000323015908 -0.037154591624
-0.000152601314 0.000082819661 0.294529926526 0.281581790627 -0.912503480901 -0.000737224008 -0.035871780416 0.003642086993 0.000769310096
-0.000067126601 0.000037438982 0.046498145426 -0.958013119385 -0.280616617212 -0.000323416079 -0.003637313661 -0.035909948980 0.000484469308
0.017484697659 -0.001161548105 -0.034084062558 0.001347753752 -0.011374715853 0.998972623639 -0.000067695221 0.000060912878 0.021300261953
-0.000019546989 0.000006540546 0.011015217734 0.007617102725 -0.033483003523 0.000203292354 0.998916480611 -0.028572497143 -0.006997758084
-0.000021647654 0.000007937783 -0.001410433016 0.035266492136 0.007560585937 0.000156518478 -0.028607829481 -0.998926230336 -0.005007610322
0.002347981198 -0.001075497116 0.035973550058 -0.001045907590 0.011855846957 -0.019979505218 0.006862536228 -0.005205896591 0.999041642058

State 1 :
Natural orbital occupations
9
1.613290745413 0.365306407284 0.005028212009 0.004910336641 0.004909661583 0.004310199087 0.000996325981 0.000995457769 0.000252654232
Natural orbitals (in MO basis)
9 9
-0.622246046409 -0.776569646866 -0.096487278150 -0.002262354782 0.001560588558 -0.013790559100 -0.000003368186 0.000005760777 0.015553559059
0.742327539589 -0.557556305342 -0.270184769230 -0.007247816066 0.005198161250 -0.251659855167 -0.000139132511 -0.000167501952 -0.040849712133
-0.016638672896 0.107075781430 -0.721329628934 -0.030600735646 0.006143874989 0.399123156912 -0.012663810693 0.005425548679 0.554507207106
0.000262407520 -0.002046283508 0.033450132152 -0.744254788658 0.132107778466 -0.004462343455 -0.651456407164 -0.054760955287 -0.009749450494
0.000232172328 -0.001006217821 -0.002410629155 -0.132335681214 -0.744969696750 -0.005569056709 -0.054647805627 0.651499663396 -0.005597538163
-0.246014202012 0.267794974847 -0.469659516472 -0.014107017038 0.010288238935 -0.798515077330 0.000055036350 0.000014732581 -0.096185314272
-0.000316543564 0.000515623920 -0.019339578361 0.650102472940 -0.067266529145 -0.000060409433 -0.756546539272 -0.008445431102 -0.005797269594
-0.000320278966 0.000533341130 -0.012261986364 -0.067650228943 -0.650188703377 0.000981134804 0.008481390997 -0.756585710210 -0.005702602090
0.030976170334 -0.053716183279 0.418503049649 0.013009081455 -0.011157888382 -0.373496481232 -0.004813764340 -0.005167135074 0.825328430494

