Number of strings: 9 9, CI size = 81
String addressing array alpha: 1 9
0 1 2 3 4 5 6 7 8

Alpha strings 9 1
1
2
3
4
5
6
7
8
9

Is hamiltonian hermitian? 1
Implicit Hamiltonian constructed
E(core)= 0.000000000000
H(1,1) + E(core) energy = -1.017408705900
Davidson: iter=0 dim=0 root=0 eigenvalue=-1.017408705900
Davidson: iter=1 dim=1 root=0 eigenvalue=-1.049626663476
Davidson: iter=2 dim=2 root=0 eigenvalue=-1.052273233773
Davidson: iter=3 dim=3 root=0 eigenvalue=-1.052707971736
Davidson: iter=4 dim=4 root=0 eigenvalue=-1.052749794804
Davidson: iter=5 dim=5 root=0 eigenvalue=-1.052752153943
Davidson: iter=6 dim=6 root=0 eigenvalue=-1.052752412978
Davidson: iter=7 dim=7 root=0 eigenvalue=-1.052752420800
Davidson: iter=8 dim=8 root=0 eigenvalue=-1.052752421459
Davidson: iter=9 dim=9 root=0 eigenvalue=-1.052752421478
Davidson: iter=10 dim=10 root=0 eigenvalue=-1.052752421479
Davidson: iter=11 dim=11 root=0 eigenvalue=-1.052752421479
Davidson: iter=11 dim=11 root=1 eigenvalue=-0.711965910619
root no. 0 converged
Davidson: iter=12 dim=12 root=0 eigenvalue=-1.052752421479
Davidson: iter=12 dim=12 root=1 eigenvalue=-0.720195442687
Davidson: iter=13 dim=13 root=0 eigenvalue=-1.052752421479
Davidson: iter=13 dim=13 root=1 eigenvalue=-0.720856951595
Davidson: iter=14 dim=14 root=0 eigenvalue=-1.052752421479
Davidson: iter=14 dim=14 root=1 eigenvalue=-0.720912577997
Davidson: iter=15 dim=15 root=0 eigenvalue=-1.052752421479
Davidson: iter=15 dim=15 root=1 eigenvalue=-0.720921909963
Davidson: iter=16 dim=16 root=0 eigenvalue=-1.052752421479
Davidson: iter=16 dim=16 root=1 eigenvalue=-0.720923159386
Davidson: iter=17 dim=17 root=0 eigenvalue=-1.052752421479
Davidson: iter=17 dim=17 root=1 eigenvalue=-0.720923162745
Davidson: iter=18 dim=18 root=0 eigenvalue=-1.052752421479
Davidson: iter=18 dim=18 root=1 eigenvalue=-0.720923163063
Davidson: iter=19 dim=19 root=0 eigenvalue=-1.052752421479
Davidson: iter=19 dim=19 root=1 eigenvalue=-0.720923163101
Davidson: iter=20 dim=20 root=0 eigenvalue=-1.052752421479
Davidson: iter=20 dim=20 root=1 eigenvalue=-0.720923163131
Davidson: iter=21 dim=21 root=0 eigenvalue=-1.052752421479
Davidson: iter=21 dim=21 root=1 eigenvalue=-0.720923163146
Davidson: iter=22 dim=22 root=0 eigenvalue=-1.052752421479
Davidson: iter=22 dim=22 root=1 eigenvalue=-0.720923163152
Davidson: iter=23 dim=23 root=0 eigenvalue=-1.052752421479
Davidson: iter=23 dim=23 root=1 eigenvalue=-0.720923163152
root no. 1 converged
Davidson converged in 23 iterations.
E(core)= 0.000000000000
E(0)= -1.052752421479
E(1)= -0.720923163152
FCI Excitation energies = 2
0.000000000000 0.331829258328

Vacuum coefficients in CI state 0 = -0.982847193104
Vacuum coefficients in CI state 1 = 0.038415920868
Eigenvector 0 in string basis
0: -0.982847193104 seniority 0 ... 1
1
 | 1
1

10: 0.136033919463 seniority 0 ... 1
2
 | 1
2

20: 0.071279583791 seniority 0 ... 1
3
 | 1
3

30: 0.071277088698 seniority 0 ... 1
4
 | 1
4

40: 0.068311681062 seniority 0 ... 1
5
 | 1
5

Eigenvector 1 in string basis
1: -0.625203299027 seniority 2 ... 1
1
 | 1
2

5: 0.242558048936 seniority 2 ... 1
1
 | 1
6

9: -0.625203294985 seniority 2 ... 1
2
 | 1
1

10: 0.252214335839 seniority 0 ... 1
2
 | 1
2

14: -0.101941445552 seniority 2 ... 1
2
 | 1
6

45: 0.242558048350 seniority 2 ... 1
6
 | 1
1

46: -0.101941445420 seniority 2 ... 1
6
 | 1
2

Seniority vectors for all roots (nroots/seniority)
2 2
0.999840366153 0.000159633847
0.066445333414 1.347752023286

Calculating transition densities
Root 0 MO occupations numbers (density matrix diagonal)
9
1.932120354255 0.037016792339 0.010165075265 0.010164403078 0.009371873400 0.000416539522 0.000272997340 0.000273002025 0.000198962777
Root 1 MO occupations numbers (density matrix diagonal)
9
0.904227437377 0.932795727226 0.003427337373 0.003429790709 0.007289059949 0.139021382565 0.003426289881 0.003426239331 0.002956735588
Transition densities done:
Trandens between roots 0 0
9 9
1.932120354255 0.001755602634 -0.000117379341 -0.000223865669 -0.007171873745 -0.013836297588 -0.000013477726 -0.000008103836 -0.004060535833
0.001755602634 0.037016792339 0.000007911275 0.000015338408 0.000503990418 -0.000160158562 -0.000000045231 0.000000582129 0.000161903103
-0.000117379341 0.000007911275 0.010165075265 -0.000000398594 -0.000012502325 -0.000001006319 -0.000199483894 -0.000091300776 0.000003477763
-0.000223865669 0.000015338408 -0.000000398594 0.010164403078 -0.000024080348 -0.000002448609 0.000091393706 -0.000199454444 0.000006625161
-0.007171873745 0.000503990418 -0.000012502325 -0.000024080348 0.009371873400 -0.000078485068 0.000000429741 0.000010171581 0.000231557959
-0.013836297588 -0.000160158562 -0.000001006319 -0.000002448609 -0.000078485068 0.000416539522 0.000000109782 -0.000000060241 0.000014363590
-0.000013477726 -0.000000045231 -0.000199483894 0.000091393706 0.000000429741 0.000000109782 0.000272997340 -0.000000001992 0.000000014886
-0.000008103836 0.000000582129 -0.000091300776 -0.000199454444 0.000010171581 -0.000000060241 -0.000000001992 0.000273002025 0.000000110985
-0.004060535833 0.000161903103 0.000003477763 0.000006625161 0.000231557959 0.000014363590 0.000000014886 0.000000110985 0.000198962777

Trandens between roots 0 1
9 9
-0.070985976604 1.227303142564 -0.000043325263 0.000603354362 0.026678472329 -0.476798289921 -0.000260754239 0.000366583228 0.053342012768
-0.170475405746 0.070110628580 0.000147704789 0.000321326869 0.010526449013 -0.028274361056 -0.000016914296 0.000017582444 0.001094201584
-0.000022587532 0.000006508481 0.001061051168 -0.000002753496 -0.000088722122 -0.000001591175 -0.005276345500 -0.002419767502 0.000056326596
-0.000094347839 0.000033310645 -0.000002542069 0.001056357325 -0.000172101803 -0.000018624181 0.002421562466 -0.005272903655 0.000107980576
-0.003615695927 0.001199818863 -0.000087195180 -0.000171525750 -0.004391406810 -0.000470644163 0.000009498678 0.000209944186 0.003229616714
0.007256578033 -0.011769725007 -0.000004865210 -0.000017058713 -0.000581866768 0.003449714042 0.000001765133 -0.000003120752 -0.000526512356
0.000003448075 -0.000010042699 -0.000877986181 0.000402919220 0.000001197907 0.000003183458 -0.000046973080 0.000000065365 -0.000000480328
-0.000008256556 -0.000001169918 -0.000402643052 -0.000877437929 0.000034403156 0.000000977323 -0.000000104354 -0.000046863570 0.000000568870
-0.001235203007 -0.002096938230 0.000007741936 0.000013483697 0.000391306006 0.000782828634 0.000000388718 -0.000000083848 -0.000206531051

Trandens between roots 1 0
9 9
-0.070985976604 -0.170475405746 -0.000022587532 -0.000094347839 -0.003615695927 0.007256578033 0.000003448075 -0.000008256556 -0.001235203007
1.227303142564 0.070110628580 0.000006508481 0.000033310645 0.001199818863 -0.011769725007 -0.000010042699 -0.000001169918 -0.002096938230
-0.000043325263 0.000147704789 0.001061051168 -0.000002542069 -0.000087195180 -0.000004865210 -0.000877986181 -0.000402643052 0.000007741936
0.000603354362 0.000321326869 -0.000002753496 0.001056357325 -0.000171525750 -0.000017058713 0.000402919220 -0.000877437929 0.000013483697
0.026678472329 0.010526449013 -0.000088722122 -0.000172101803 -0.004391406810 -0.000581866768 0.000001197907 0.000034403156 0.000391306006
-0.476798289921 -0.028274361056 -0.000001591175 -0.000018624181 -0.000470644163 0.003449714042 0.000003183458 0.000000977323 0.000782828634
-0.000260754239 -0.000016914296 -0.005276345500 0.002421562466 0.000009498678 0.000001765133 -0.000046973080 -0.000000104354 0.000000388718
0.000366583228 0.000017582444 -0.002419767502 -0.005272903655 0.000209944186 -0.000003120752 0.000000065365 -0.000046863570 -0.000000083848
0.053342012768 0.001094201584 0.000056326596 0.000107980576 0.003229616714 -0.000526512356 -0.000000480328 0.000000568870 -0.000206531051

Trandens between roots 1 1
9 9
0.904227437377 -0.414124581621 -0.000792571736 -0.001749168059 -0.057456567486 0.144167575684 0.000069707033 -0.000114110241 -0.008762889011
-0.414124581621 0.932795727226 0.000258563186 0.001013255533 0.037590167579 -0.354862138268 -0.000190648809 0.000275206635 0.038403949383
-0.000792571736 0.000258563186 0.003427337373 0.000001523329 0.000048478498 -0.000085960186 -0.000001005482 -0.000000523528 -0.000029449040
-0.001749168059 0.001013255533 0.000001523329 0.003429790709 0.000114645178 -0.000362728412 0.000000020092 -0.000000563696 -0.000037192062
-0.057456567486 0.037590167579 0.000048478498 0.000114645178 0.007289059949 -0.013614748265 -0.000008047218 0.000006859150 -0.000948171016
0.144167575684 -0.354862138268 -0.000085960186 -0.000362728412 -0.013614748265 0.139021382565 0.000073271168 -0.000103935248 -0.014545000178
0.000069707033 -0.000190648809 -0.000001005482 0.000000020092 -0.000008047218 0.000073271168 0.003426289881 0.000000019598 -0.000008327403
-0.000114110241 0.000275206635 -0.000000523528 -0.000000563696 0.000006859150 -0.000103935248 0.000000019598 0.003426239331 0.000008738582
-0.008762889011 0.038403949383 -0.000029449040 -0.000037192062 -0.000948171016 -0.014545000178 -0.000008327403 0.000008738582 0.002956735588

State 0 :
Natural orbital occupations
9
1.932256393752 0.037025989321 0.010170139521 0.010170003163 0.009341520285 0.000315956644 0.000268132725 0.000268129278 0.000183735311
Natural orbitals (in MO basis)
9 9
0.999964752440 -0.000876050287 -0.000001631615 0.000002867062 -0.003694699895 0.007016580801 0.000000135305 -0.000015835796 0.002615901063
0.000925722349 0.999809370226 -0.000002348075 0.000001259926 0.018664210335 0.004159545568 -0.000001180824 0.000005463171 -0.003835575861
-0.000061037442 0.000290378049 -0.991468746554 0.127470416486 -0.015800520425 0.000224707926 -0.017245191659 -0.013918196974 -0.000331212568
-0.000116409590 0.000562997694 0.127904542262 0.991071287038 -0.030430394526 0.000458629097 0.013926640698 -0.017240336132 -0.000633874369
-0.003729332384 0.018498052908 0.011784412606 -0.032202471499 -0.998858157671 0.016100066316 -0.000212644122 0.001002740131 -0.022139570468
-0.007161926634 -0.004080751294 -0.000022072018 -0.000006781769 0.014149326797 0.996338462906 0.000818740117 -0.001531578952 0.083895777955
-0.000006976342 -0.000000879302 0.021165381253 0.006581338572 -0.000000914079 0.000404863308 -0.968720324679 -0.247162824582 0.000139114306
-0.000004198771 0.000017392454 0.006580748705 -0.021182104375 -0.000287866835 -0.001675311155 0.247161604135 -0.968718865685 -0.000151831024
-0.002102013210 0.004606914742 0.000013543329 -0.000046254721 -0.023332930063 -0.083550520988 0.000102391299 0.000022605347 0.996217460887

State 1 :
Natural orbital occupations
9
1.436384341159 0.541895026089 0.004687425732 0.003427592126 0.003426990889 0.003425500658 0.003425346568 0.003264613892 0.000063162886
Natural orbitals (in MO basis)
9 9
0.638196110544 0.767469752175 -0.051851739644 0.000016988387 -0.000009200250 -0.000091502189 -0.000222297774 -0.025970609430 0.018241994464
-0.719523943564 0.590153672357 0.036399382023 0.000297727628 -0.000076369285 -0.000946148918 -0.001738662207 -0.358689112838 -0.063380835775
-0.000499990377 -0.000812216081 -0.012810619697 0.746172310041 0.154476976375 0.264167056252 -0.591054960222 -0.000340239852 0.008271061630
-0.001358879046 -0.001227216618 -0.025981521453 0.154042037916 -0.745951540249 -0.590993018707 -0.263836608539 -0.001674500119 0.016237301752
-0.047125589579 -0.034804739784 -0.846571626259 -0.016791548132 0.021004928437 0.013723040994 0.016069113866 -0.138778919631 0.509367255124
0.268511960648 -0.245317495593 0.121524260387 0.000014057024 0.000577635277 -0.003018501793 -0.003748972272 -0.922624691300 -0.041142271187
0.000140920018 -0.000143016294 0.000712869809 -0.521586872379 -0.383627367429 0.572697525437 -0.502786331110 0.000082199001 0.000268096639
-0.000208867676 0.000186481373 0.001590142591 -0.383617836810 0.521614258358 -0.502753925787 -0.572687866456 0.004334926954 0.001272765820
-0.025872087143 0.036256833284 0.513510106681 0.000615555746 -0.000474561950 0.000846118834 0.001856684758 0.012248272692 0.856836425455

