Number of strings: 13 13, CI size = 169
String addressing array alpha: 1 13
0 1 2 3 4 5 6 7 8 9 10 11 12

Alpha strings 13 1
1
2
3
4
5
6
7
8
9
10
11
12
13

Is hamiltonian hermitian? 1
Implicit Hamiltonian constructed
E(core)= 0.000000000000
H(1,1) + E(core) energy = -1.017408705900
Davidson: iter=0 dim=0 root=0 eigenvalue=-1.017408705900
Davidson: iter=1 dim=1 root=0 eigenvalue=-1.050095522723
Davidson: iter=2 dim=2 root=0 eigenvalue=-1.052991487090
Davidson: iter=3 dim=3 root=0 eigenvalue=-1.053462081861
Davidson: iter=4 dim=4 root=0 eigenvalue=-1.053507231139
Davidson: iter=5 dim=5 root=0 eigenvalue=-1.053511706451
Davidson: iter=6 dim=6 root=0 eigenvalue=-1.053512248372
Davidson: iter=7 dim=7 root=0 eigenvalue=-1.053512276968
Davidson: iter=8 dim=8 root=0 eigenvalue=-1.053512280323
Davidson: iter=9 dim=9 root=0 eigenvalue=-1.053512280621
Davidson: iter=10 dim=10 root=0 eigenvalue=-1.053512280640
Davidson: iter=11 dim=11 root=0 eigenvalue=-1.053512280641
Davidson: iter=11 dim=11 root=1 eigenvalue=-0.708896103724
root no. 0 converged
Davidson: iter=12 dim=12 root=0 eigenvalue=-1.053512280641
Davidson: iter=12 dim=12 root=1 eigenvalue=-0.720168339897
Davidson: iter=13 dim=13 root=0 eigenvalue=-1.053512280641
Davidson: iter=13 dim=13 root=1 eigenvalue=-0.721161879372
Davidson: iter=14 dim=14 root=0 eigenvalue=-1.053512280641
Davidson: iter=14 dim=14 root=1 eigenvalue=-0.721240223732
Davidson: iter=15 dim=15 root=0 eigenvalue=-1.053512280641
Davidson: iter=15 dim=15 root=1 eigenvalue=-0.721255096760
Davidson: iter=16 dim=16 root=0 eigenvalue=-1.053512280641
Davidson: iter=16 dim=16 root=1 eigenvalue=-0.721258904378
Davidson: iter=17 dim=17 root=0 eigenvalue=-1.053512280641
Davidson: iter=17 dim=17 root=1 eigenvalue=-0.721260007904
Davidson: iter=18 dim=18 root=0 eigenvalue=-1.053512280641
Davidson: iter=18 dim=18 root=1 eigenvalue=-0.721260247321
Davidson: iter=19 dim=19 root=0 eigenvalue=-1.053512280641
Davidson: iter=19 dim=19 root=1 eigenvalue=-0.721260295202
Davidson: iter=20 dim=20 root=0 eigenvalue=-1.053512280641
Davidson: iter=20 dim=20 root=1 eigenvalue=-0.721260383155
Davidson: iter=21 dim=21 root=0 eigenvalue=-1.053512280641
Davidson: iter=21 dim=21 root=1 eigenvalue=-0.721260428274
Davidson: iter=22 dim=22 root=0 eigenvalue=-1.053512280641
Davidson: iter=22 dim=22 root=1 eigenvalue=-0.721260436779
Davidson: iter=23 dim=23 root=0 eigenvalue=-1.053512280641
Davidson: iter=23 dim=23 root=1 eigenvalue=-0.721260437630
Davidson: iter=24 dim=24 root=0 eigenvalue=-1.053512280641
Davidson: iter=24 dim=24 root=1 eigenvalue=-0.721260437659
Davidson: iter=25 dim=25 root=0 eigenvalue=-1.053512280641
Davidson: iter=25 dim=25 root=1 eigenvalue=-0.721260437663
Davidson: iter=26 dim=26 root=0 eigenvalue=-1.053512280641
Davidson: iter=26 dim=26 root=1 eigenvalue=-0.721260437664
root no. 1 converged
Davidson converged in 26 iterations.
E(core)= 0.000000000000
E(0)= -1.053512280641
E(1)= -0.721260437664
FCI Excitation energies = 2
0.000000000000 0.332251842977

Vacuum coefficients in CI state 0 = 0.983135597225
Vacuum coefficients in CI state 1 = 0.037505881027
Eigenvector 0 in string basis
0: 0.983135597225 seniority 0 ... 1
1
 | 1
1

14: -0.135410686059 seniority 0 ... 1
2
 | 1
2

28: -0.069471184102 seniority 0 ... 1
3
 | 1
3

42: -0.069432749508 seniority 0 ... 1
4
 | 1
4

56: -0.067113478964 seniority 0 ... 1
5
 | 1
5

Eigenvector 1 in string basis
1: -0.624880856338 seniority 2 ... 1
1
 | 1
2

5: 0.242538989554 seniority 2 ... 1
1
 | 1
6

13: -0.624880864746 seniority 2 ... 1
2
 | 1
1

14: 0.252301799052 seniority 0 ... 1
2
 | 1
2

18: -0.101915915103 seniority 2 ... 1
2
 | 1
6

65: 0.242538990772 seniority 2 ... 1
6
 | 1
1

66: -0.101915915379 seniority 2 ... 1
6
 | 1
2

Seniority vectors for all roots (nroots/seniority)
2 2
0.999857137898 0.000142862102
0.066530704046 0.933469295954

Calculating transition densities
Root 0 MO occupations numbers (density matrix diagonal)
13
1.933241363427 0.036675725348 0.009654882254 0.009644234569 0.009049860772 0.000394271687 0.000263437668 0.000263307464 0.000192733370 0.000168113836 0.000166342149 0.000142941175 0.000142786280
Root 1 MO occupations numbers (density matrix diagonal)
13
0.903748125802 0.932267604302 0.003660708362 0.003557105803 0.007553972902 0.138997954138 0.003438306856 0.003432738652 0.003064226544 0.000033937211 0.000034715143 0.000102087294 0.000108516990
Transition densities done:
Trandens between roots 0 0
13 13
1.933241363427 0.000768946771 -0.000006722501 -0.000240236574 -0.007646919245 -0.012817897892 -0.000016252909 -0.000008671674 -0.003852549605 0.000010580302 0.000040418633 0.000105541450 -0.000173703409
0.000768946771 0.036675725348 0.000009046283 0.000013668264 0.000437575284 -0.000107827726 -0.000002599767 -0.000000678124 0.000162435136 0.000000331812 -0.000001274784 -0.000009226743 0.000015604082
-0.000006722501 0.000009046283 0.009654882254 -0.000002050652 0.000007230977 -0.000002760982 -0.000155550480 -0.000071003150 0.000005967683 0.000000215248 0.000000030752 0.000021822985 -0.000035847549
-0.000240236574 0.000013668264 -0.000002050652 0.009644234569 -0.000016872713 -0.000002371414 0.000070885061 -0.000154632739 0.000005855272 -0.000001594794 -0.000000537228 0.000036388181 0.000022718148
-0.007646919245 0.000437575284 0.000007230977 -0.000016872713 0.009049860772 -0.000076406404 -0.000001805712 0.000007361406 0.000203760912 0.000000080119 -0.000001044736 -0.000004256398 0.000006626113
-0.012817897892 -0.000107827726 -0.000002760982 -0.000002371414 -0.000076406404 0.000394271687 0.000000291558 0.000000015536 0.000010671153 -0.000000144672 -0.000000464274 -0.000001146846 0.000001784167
-0.000016252909 -0.000002599767 -0.000155550480 0.000070885061 -0.000001805712 0.000000291558 0.000263437668 0.000000026388 -0.000000033950 -0.000000109641 -0.000000088298 0.000000966139 -0.000008777047
-0.000008671674 -0.000000678124 -0.000071003150 -0.000154632739 0.000007361406 0.000000015536 0.000000026388 0.000263307464 0.000000085828 0.000000139999 0.000000051088 0.000008995655 0.000001160583
-0.003852549605 0.000162435136 0.000005967683 0.000005855272 0.000203760912 0.000010671153 -0.000000033950 0.000000085828 0.000192733370 -0.000000037915 0.000000124305 0.000001449166 -0.000002153111
0.000010580302 0.000000331812 0.000000215248 -0.000001594794 0.000000080119 -0.000000144672 -0.000000109641 0.000000139999 -0.000000037915 0.000168113836 0.000002719323 0.000000173872 0.000000010168
0.000040418633 -0.000001274784 0.000000030752 -0.000000537228 -0.000001044736 -0.000000464274 -0.000000088298 0.000000051088 0.000000124305 0.000002719323 0.000166342149 -0.000000077318 -0.000000075770
0.000105541450 -0.000009226743 0.000021822985 0.000036388181 -0.000004256398 -0.000001146846 0.000000966139 0.000008995655 0.000001449166 0.000000173872 -0.000000077318 0.000142941175 0.000000004360
-0.000173703409 0.000015604082 -0.000035847549 0.000022718148 0.000006626113 0.000001784167 -0.000008777047 0.000001160583 -0.000002153111 0.000000010168 -0.000000075770 0.000000004360 0.000142786280

Trandens between roots 0 1
13 13
0.070245298665 -1.227462131424 0.014015918239 -0.000319405832 -0.034835464634 0.477021370723 -0.004297368880 -0.002664609593 -0.055145925786 -0.000009620508 0.000298453107 0.002267403442 -0.003467507950
0.169498568279 -0.069050347426 0.000588414439 -0.000309009617 -0.010785585907 0.027853860492 -0.000202470535 -0.000129062062 -0.001122570570 -0.000000320270 0.000042085514 0.000248260107 -0.000408503971
-0.000958094290 0.000288243568 -0.001435683428 0.000008638489 0.000206780192 0.000009712403 0.005150485033 0.002361902684 -0.000050379375 -0.000053063334 -0.000031867129 -0.000190250035 0.000310157598
0.000067292263 -0.000012198358 0.000006545417 -0.001452613034 0.000180050175 0.000011990192 -0.002361629897 0.005144958174 -0.000104440079 -0.000034509636 0.000055163942 -0.000325443954 -0.000202197433
0.003912782902 -0.000863768829 0.000145327886 0.000176994993 0.004166022646 0.000290222202 0.000027653889 -0.000185701563 -0.003161853122 0.000003044084 0.000004839828 0.000063504625 -0.000071230985
-0.006957439951 0.011002669757 -0.000095870559 0.000014289365 0.000612401864 -0.003167063181 0.000030112209 0.000018940965 0.000507688487 0.000000055371 -0.000002960482 -0.000021206405 0.000032890524
0.000049489130 -0.000004978539 0.000866543440 -0.000397697319 0.000000239921 -0.000004846503 0.000061894583 -0.000000085685 0.000000268111 0.000000480141 0.000000679613 -0.000000086103 0.000000760855
0.000035202805 -0.000007128844 0.000397398177 0.000866108555 -0.000033201893 -0.000001529639 0.000000083023 0.000062038813 -0.000000715232 0.000000542756 -0.000000472035 -0.000000735117 -0.000000134820
0.001267776841 0.001964269713 -0.000030236321 -0.000014128666 -0.000389096947 -0.000736485262 0.000008819145 0.000004702810 0.000207302240 0.000000041934 -0.000000635767 -0.000003640761 0.000005906801
0.000002645235 -0.000007729746 -0.000007072464 -0.000004023278 0.000000130118 0.000002867765 0.000000374221 -0.000000921857 -0.000000344060 0.000075061066 -0.000000080608 0.000000004451 0.000000053009
-0.000004431107 -0.000021425684 -0.000004108594 0.000007427213 -0.000000407549 0.000008443835 -0.000000056992 -0.000000206419 -0.000001137886 -0.000000075635 0.000075407121 0.000000192953 -0.000000055515
-0.000049972194 -0.000036748584 -0.000015472069 -0.000027738143 0.000005578131 0.000016303963 0.000001901176 0.000018386178 -0.000002870843 -0.000000301858 0.000000269419 0.000106270216 -0.000000260895
0.000083190004 0.000058332164 0.000025372294 -0.000017363315 -0.000005352524 -0.000026145853 -0.000018162700 0.000002514213 0.000004145726 0.000000146010 0.000000218193 -0.000000258995 0.000106411720

Trandens between roots 1 0
13 13
0.070245298665 0.169498568279 -0.000958094290 0.000067292263 0.003912782902 -0.006957439951 0.000049489130 0.000035202805 0.001267776841 0.000002645235 -0.000004431107 -0.000049972194 0.000083190004
-1.227462131424 -0.069050347426 0.000288243568 -0.000012198358 -0.000863768829 0.011002669757 -0.000004978539 -0.000007128844 0.001964269713 -0.000007729746 -0.000021425684 -0.000036748584 0.000058332164
0.014015918239 0.000588414439 -0.001435683428 0.000006545417 0.000145327886 -0.000095870559 0.000866543440 0.000397398177 -0.000030236321 -0.000007072464 -0.000004108594 -0.000015472069 0.000025372294
-0.000319405832 -0.000309009617 0.000008638489 -0.001452613034 0.000176994993 0.000014289365 -0.000397697319 0.000866108555 -0.000014128666 -0.000004023278 0.000007427213 -0.000027738143 -0.000017363315
-0.034835464634 -0.010785585907 0.000206780192 0.000180050175 0.004166022646 0.000612401864 0.000000239921 -0.000033201893 -0.000389096947 0.000000130118 -0.000000407549 0.000005578131 -0.000005352524
0.477021370723 0.027853860492 0.000009712403 0.000011990192 0.000290222202 -0.003167063181 -0.000004846503 -0.000001529639 -0.000736485262 0.000002867765 0.000008443835 0.000016303963 -0.000026145853
-0.004297368880 -0.000202470535 0.005150485033 -0.002361629897 0.000027653889 0.000030112209 0.000061894583 0.000000083023 0.000008819145 0.000000374221 -0.000000056992 0.000001901176 -0.000018162700
-0.002664609593 -0.000129062062 0.002361902684 0.005144958174 -0.000185701563 0.000018940965 -0.000000085685 0.000062038813 0.000004702810 -0.000000921857 -0.000000206419 0.000018386178 0.000002514213
-0.055145925786 -0.001122570570 -0.000050379375 -0.000104440079 -0.003161853122 0.000507688487 0.000000268111 -0.000000715232 0.000207302240 -0.000000344060 -0.000001137886 -0.000002870843 0.000004145726
-0.000009620508 -0.000000320270 -0.000053063334 -0.000034509636 0.000003044084 0.000000055371 0.000000480141 0.000000542756 0.000000041934 0.000075061066 -0.000000075635 -0.000000301858 0.000000146010
0.000298453107 0.000042085514 -0.000031867129 0.000055163942 0.000004839828 -0.000002960482 0.000000679613 -0.000000472035 -0.000000635767 -0.000000080608 0.000075407121 0.000000269419 0.000000218193
0.002267403442 0.000248260107 -0.000190250035 -0.000325443954 0.000063504625 -0.000021206405 -0.000000086103 -0.000000735117 -0.000003640761 0.000000004451 0.000000192953 0.000106270216 -0.000000258995
-0.003467507950 -0.000408503971 0.000310157598 -0.000202197433 -0.000071230985 0.000032890524 0.000000760855 -0.000000134820 0.000005906801 0.000000053009 -0.000000055515 -0.000000260895 0.000106411720

Trandens between roots 1 1
13 13
0.903748125802 -0.413316535153 0.003579826992 -0.001667145775 -0.059059672717 0.143794271834 -0.001619046402 -0.000973215221 -0.009312278688 0.000004034519 0.000221722350 0.001331450231 -0.002175111201
-0.413316535153 0.932267604302 -0.010211416851 0.000807533711 0.043406294048 -0.354745400968 0.003297139209 0.002034023723 0.039702959059 0.000004045209 -0.000277967558 -0.001968937065 0.003065052691
0.003579826992 -0.010211416851 0.003660708362 -0.000006067052 -0.000391336604 0.003941411971 -0.000272102764 -0.000129235368 -0.000492019243 0.000003802886 0.000005400189 0.000013359944 -0.000020180111
-0.001667145775 0.000807533711 -0.000006067052 0.003557105803 0.000102495846 -0.000284799731 0.000119854638 -0.000245432002 -0.000042752420 0.000001935197 -0.000004507400 -0.000014739760 -0.000005409541
-0.059059672717 0.043406294048 -0.000391336604 0.000102495846 0.007553972902 -0.015886928322 0.000210324404 0.000128171178 -0.000586532596 0.000000040068 -0.000014215583 -0.000084126656 0.000140221937
0.143794271834 -0.354745400968 0.003941411971 -0.000284799731 -0.015886928322 0.138997954138 -0.001221963615 -0.000757861414 -0.015042639192 -0.000002223189 0.000106243403 0.000754013839 -0.001173807915
-0.001619046402 0.003297139209 -0.000272102764 0.000119854638 0.000210324404 -0.001221963615 0.003438306856 0.000007014034 0.000126668259 -0.000019924090 -0.000031582249 -0.000029698988 0.000238677351
-0.000973215221 0.002034023723 -0.000129235368 -0.000245432002 0.000128171178 -0.000757861414 0.000007014034 0.003432738652 0.000077937849 -0.000031767908 0.000021094475 -0.000239554685 -0.000026106848
-0.009312278688 0.039702959059 -0.000492019243 -0.000042752420 -0.000586532596 -0.015042639192 0.000126668259 0.000077937849 0.003064226544 -0.000000118488 -0.000013188976 -0.000097944536 0.000150093789
0.000004034519 0.000004045209 0.000003802886 0.000001935197 0.000000040068 -0.000002223189 -0.000019924090 -0.000031767908 -0.000000118488 0.000033937211 -0.000000640651 0.000002117883 -0.000000954167
0.000221722350 -0.000277967558 0.000005400189 -0.000004507400 -0.000014215583 0.000106243403 -0.000031582249 0.000021094475 -0.000013188976 -0.000000640651 0.000034715143 -0.000000354896 -0.000003277369
0.001331450231 -0.001968937065 0.000013359944 -0.000014739760 -0.000084126656 0.000754013839 -0.000029698988 -0.000239554685 -0.000097944536 0.000002117883 -0.000000354896 0.000102087294 -0.000007092326
-0.002175111201 0.003065052691 -0.000020180111 -0.000005409541 0.000140221937 -0.001173807915 0.000238677351 -0.000026106848 0.000150093789 -0.000000954167 -0.000003277369 -0.000007092326 0.000108516990

State 0 :
Natural orbital occupations
13
1.933364789200 0.036683518253 0.009658734143 0.009647517501 0.009017601979 0.000308241096 0.000261105144 0.000261035411 0.000179548298 0.000170085575 0.000164366654 0.000141895633 0.000141561114
Natural orbitals (in MO basis)
13 13
-0.999968038781 0.000351034214 0.000042494697 -0.000020297237 -0.003926164246 -0.006484637255 0.000003849452 0.000015014761 0.002501959482 0.000036495370 0.000036075187 -0.000048150948 0.000256307374
-0.000404689968 -0.999857458167 -0.000500850985 0.000149796282 0.016106259475 -0.003022302293 0.000089686779 0.000026535300 -0.003921356773 -0.000063812129 -0.000081020645 0.000142952562 -0.000814567426
0.000003500865 -0.000339960027 0.978313085953 -0.205985082435 0.011080395323 -0.000388801392 0.016693908200 0.006111966854 -0.001123668688 0.000010209159 -0.000040937277 -0.000956145274 0.005691082449
0.000124837381 -0.000499728117 -0.205604480049 -0.978040335788 -0.028540769458 -0.000469758235 -0.006101173908 0.016596978120 -0.000573653670 -0.000132817025 -0.000008050169 -0.005885998725 -0.001077997367
0.003973567908 -0.015971382019 0.016701128832 0.025656700751 -0.999066835945 -0.016347919050 0.000093109746 -0.000802483669 -0.019570715559 -0.000299923333 -0.000330358120 0.000542911746 -0.002444416880
0.006630856152 0.002879238230 -0.000430226117 0.000126556999 0.014464736932 -0.995630538906 -0.000545286612 0.001835528765 0.091947010375 -0.000352061002 0.000081695098 -0.000049766502 0.000299480514
0.000008409077 0.000072625088 -0.017747533780 -0.003977359222 -0.000218056314 -0.001505848998 0.993585223341 -0.077019547021 -0.009166845416 -0.001320998235 -0.000072755792 0.021699586849 0.077243932218
0.000004490843 0.000018129126 -0.003995499358 0.017690547771 -0.000423151434 0.001343250870 0.077118058499 0.993404118160 -0.004909276585 0.001564366320 -0.001200401515 -0.080130810131 0.020523740324
0.001993222289 -0.004576268568 0.000823902318 -0.000171910638 -0.021051120819 0.091334563773 0.003543893655 0.001550250352 0.992068021705 0.011611232465 0.011748599373 -0.015971411063 0.080295490585
-0.000005473359 -0.000009002175 0.000057083831 0.000160307571 -0.000007836865 0.000541037322 -0.000915803414 0.001482745155 0.002193771939 -0.809497753130 0.587074551116 -0.006645623873 0.002126752690
-0.000020910368 0.000035704082 0.000013428894 0.000052032908 0.000098391486 0.001652440656 -0.000812846506 0.000486310958 0.016335639136 -0.586999461014 -0.809403753385 0.005122792469 0.000677206714
-0.000054598650 0.000254378758 0.001445465192 -0.004212931536 0.000320190295 0.004066886087 0.015237055462 0.081328396196 0.044149136474 -0.002366159610 0.008191262711 0.924537319209 -0.369223346796
0.000089864513 -0.000431120429 -0.004150612731 -0.001536426544 -0.000750400659 -0.005948241976 -0.079238611772 0.016741301230 -0.067908777715 0.000414352764 0.001528853254 0.371453300050 0.922384724034

State 1 :
Natural orbital occupations
13
1.435755712274 0.542158487530 0.004560156303 0.003777380171 0.003757971503 0.003284770723 0.003222936578 0.003182928299 0.000080533970 0.000080033866 0.000071373761 0.000034560291 0.000033154730
Natural orbitals (in MO basis)
13 13
0.637797703701 0.767893270318 0.049675883131 0.000053100510 0.000163607116 -0.019432105972 0.000695298514 0.019397428255 0.002166657894 0.000123701576 -0.018088299553 -0.000176240235 0.000117675550
-0.719503722758 0.589759947253 -0.051764961691 0.000070588255 -0.007463470119 -0.268223157354 0.010380353190 0.235353374395 0.000885737632 0.000008400735 0.065718028480 -0.000015091397 0.000095483475
0.007487629863 -0.007888034052 0.038512665848 -0.038193180719 -0.771742651761 -0.431380908497 0.012740515936 -0.463641308073 -0.009690269924 -0.000326293719 -0.006614095717 -0.000050551585 0.000470272737
-0.001204356983 -0.001371524826 0.025954490637 0.772124402546 -0.037654862061 -0.025338711018 -0.632975997051 0.007640871990 -0.000039897235 0.010140184025 -0.016341403252 0.000341969736 -0.000147800949
-0.051220838898 -0.029689979484 0.837051158361 -0.023541328402 0.015420530591 -0.092819671498 0.023578748625 0.139639395174 0.010086792166 0.000402285112 -0.516018032299 -0.000995996470 0.000431040767
0.268522995304 -0.245353813039 -0.149663281587 -0.000336091202 0.011605712397 -0.683685784007 0.026644204950 0.612941709391 0.009107048836 0.000321041703 0.035295141411 -0.000619943653 0.000356764881
-0.002618229723 0.001859454843 0.028717170872 0.291803934322 0.562020575201 -0.455229819791 0.334978660677 -0.523236957014 -0.061253381241 -0.032177086247 0.004577861848 0.004765018156 -0.009774427439
-0.001603962684 0.001185720858 0.012522232943 -0.561398110217 0.292167818768 -0.237789432212 -0.694015580072 -0.236328647633 -0.030953600641 0.064485924612 0.001316164063 -0.010712511074 -0.004860388821
-0.026886248981 0.037056612604 -0.518172194664 0.000506982288 0.000408925901 0.008930619502 0.000511937638 -0.040641002455 -0.015229257310 0.001367817275 -0.852897938778 0.000005126530 -0.000827754799
-0.000000555695 0.000010909490 -0.000072944532 0.003584975205 -0.006340135841 0.004721636461 0.004473983337 0.005068085734 0.004337047144 -0.003416650126 0.000603166238 -0.510182698547 -0.859977741652
0.000258495409 -0.000036673250 0.000865541918 -0.006557738421 -0.003370927034 0.001856891836 -0.007110557357 0.003712078524 -0.000965177105 0.005890376718 -0.000175800841 0.859959104081 -0.510207514927
0.001724555917 -0.000600215188 0.007155681959 0.031397874278 -0.020332242328 0.018523620646 0.052590460917 0.026941006279 -0.550614216249 0.831538981546 0.005689368594 -0.006659959201 -0.001311266153
-0.002730302143 0.000788438214 -0.010306841500 0.021249924125 0.029544649200 -0.026054263964 0.033166798007 -0.044374168930 0.831611776829 0.550633881798 -0.005697635881 -0.000779687050 0.002104548117

