Number of strings: 13 13, CI size = 169
String addressing array alpha: 1 13
0 1 2 3 4 5 6 7 8 9 10 11 12

Alpha strings 13 1
1
2
3
4
5
6
7
8
9
10
11
12
13

Is hamiltonian hermitian? 1
Implicit Hamiltonian constructed
E(core)= 0.000000000000
H(1,1) + E(core) energy = -0.738517344900
Davidson: iter=0 dim=0 root=0 eigenvalue=-0.738517344900
Davidson: iter=1 dim=1 root=0 eigenvalue=-0.786210784174
Davidson: iter=2 dim=2 root=0 eigenvalue=-0.798653858755
Davidson: iter=3 dim=3 root=0 eigenvalue=-0.803631281065
Davidson: iter=4 dim=4 root=0 eigenvalue=-0.806585839459
Davidson: iter=5 dim=5 root=0 eigenvalue=-0.807576141258
Davidson: iter=6 dim=6 root=0 eigenvalue=-0.807729867445
Davidson: iter=7 dim=7 root=0 eigenvalue=-0.807744082513
Davidson: iter=8 dim=8 root=0 eigenvalue=-0.807746474997
Davidson: iter=9 dim=9 root=0 eigenvalue=-0.807746709440
Davidson: iter=10 dim=10 root=0 eigenvalue=-0.807746738752
Davidson: iter=11 dim=11 root=0 eigenvalue=-0.807746742062
Davidson: iter=12 dim=12 root=0 eigenvalue=-0.807746742215
Davidson: iter=13 dim=13 root=0 eigenvalue=-0.807746742223
Davidson: iter=14 dim=14 root=0 eigenvalue=-0.807746742224
Davidson: iter=14 dim=14 root=1 eigenvalue=-0.742414364632
root no. 0 converged
Davidson: iter=15 dim=15 root=0 eigenvalue=-0.807746742224
Davidson: iter=15 dim=15 root=1 eigenvalue=-0.744253883782
Davidson: iter=16 dim=16 root=0 eigenvalue=-0.807746742224
Davidson: iter=16 dim=16 root=1 eigenvalue=-0.744278573931
Davidson: iter=17 dim=17 root=0 eigenvalue=-0.807746742224
Davidson: iter=17 dim=17 root=1 eigenvalue=-0.744281490720
Davidson: iter=18 dim=18 root=0 eigenvalue=-0.807746742224
Davidson: iter=18 dim=18 root=1 eigenvalue=-0.744281672496
Davidson: iter=19 dim=19 root=0 eigenvalue=-0.807746742224
Davidson: iter=19 dim=19 root=1 eigenvalue=-0.744281689783
Davidson: iter=20 dim=20 root=0 eigenvalue=-0.807746742224
Davidson: iter=20 dim=20 root=1 eigenvalue=-0.744281691146
Davidson: iter=21 dim=21 root=0 eigenvalue=-0.807746742224
Davidson: iter=21 dim=21 root=1 eigenvalue=-0.744281691266
Davidson: iter=22 dim=22 root=0 eigenvalue=-0.807746742224
Davidson: iter=22 dim=22 root=1 eigenvalue=-0.744281691282
Davidson: iter=23 dim=23 root=0 eigenvalue=-0.807746742224
Davidson: iter=23 dim=23 root=1 eigenvalue=-0.744281691283
root no. 1 converged
Davidson converged in 23 iterations.
E(core)= 0.000000000000
E(0)= -0.807746742224
E(1)= -0.744281691283
FCI Excitation energies = 2
0.000000000000 0.063465050941

Vacuum coefficients in CI state 0 = 0.747114883991
Vacuum coefficients in CI state 1 = -0.603015437942
Eigenvector 0 in string basis
0: 0.747114883991 seniority 0 ... 1
1
 | 1
1

1: 0.268677498803 seniority 2 ... 1
1
 | 1
2

2: 0.140761311317 seniority 2 ... 1
1
 | 1
3

3: -0.060459182297 seniority 2 ... 1
1
 | 1
4

13: 0.268677498803 seniority 2 ... 1
2
 | 1
1

14: -0.493291391060 seniority 0 ... 1
2
 | 1
2

26: 0.140761311317 seniority 2 ... 1
3
 | 1
1

39: -0.060459182297 seniority 2 ... 1
4
 | 1
1

Eigenvector 1 in string basis
0: -0.603015437942 seniority 0 ... 1
1
 | 1
1

1: 0.444810490904 seniority 2 ... 1
1
 | 1
2

2: 0.189658752020 seniority 2 ... 1
1
 | 1
3

3: -0.098060590504 seniority 2 ... 1
1
 | 1
4

9: 0.057022620886 seniority 2 ... 1
1
 | 1
10

13: 0.444810490905 seniority 2 ... 1
2
 | 1
1

14: -0.297190580935 seniority 0 ... 1
2
 | 1
2

15: -0.087171202827 seniority 2 ... 1
2
 | 1
3

16: 0.059136553683 seniority 2 ... 1
2
 | 1
4

26: 0.189658752021 seniority 2 ... 1
3
 | 1
1

27: -0.087171202827 seniority 2 ... 1
3
 | 1
2

28: 0.104693190523 seniority 0 ... 1
3
 | 1
3

39: -0.098060590504 seniority 2 ... 1
4
 | 1
1

40: 0.059136553683 seniority 2 ... 1
4
 | 1
2

42: 0.067274326535 seniority 0 ... 1
4
 | 1
4

56: 0.067624247978 seniority 0 ... 1
5
 | 1
5

70: 0.067702588732 seniority 0 ... 1
6
 | 1
6

117: 0.057022620886 seniority 2 ... 1
10
 | 1
1

Seniority vectors for all roots (nroots/seniority)
2 2
0.803408712226 0.196591287774
0.477261415396 0.522738584604

Calculating transition densities
Root 0 MO occupations numbers (density matrix diagonal)
13
1.310591313487 0.632711659673 0.042323489065 0.008690392898 0.001092277728 0.001089554010 0.001055618107 0.000057857089 0.000057825437 0.002248100166 0.000049807630 0.000016019569 0.000016085142
Root 1 MO occupations numbers (density matrix diagonal)
13
1.224812007311 0.597063136520 0.109505983099 0.035523759898 0.009165531161 0.009179648303 0.005470549709 0.000216341088 0.000216760682 0.008234490911 0.000278310781 0.000166501448 0.000166979091
Transition densities done:
Trandens between roots 0 0
13 13
1.310591313487 0.142862595552 0.232284283224 -0.090633392991 0.001831927244 0.001190414111 0.025661755119 -0.000015070935 -0.000013457293 0.047764935572 -0.006044306085 -0.000131675230 0.000374380154
0.142862595552 0.632711659673 0.050004260319 -0.036432958907 0.000785057242 0.000493386432 0.020010051521 -0.000013932021 0.000005479478 0.022702150840 -0.001915550362 -0.000023908479 0.000117501345
0.232284283224 0.050004260319 0.042323489065 -0.016790325179 0.000341575328 0.000221157966 0.005159842550 -0.000003375104 -0.000002116206 0.009158411004 -0.001094610146 -0.000023051491 0.000067725442
-0.090633392991 -0.036432958907 -0.016790325179 0.008690392898 -0.000156007515 -0.000100969762 -0.002763975834 -0.000002687116 0.000003113698 -0.004011519417 0.000547299372 0.000010010805 -0.000033371712
0.001831927244 0.000785057242 0.000341575328 -0.000156007515 0.001092277728 0.000002293873 0.000057775288 -0.000183476998 0.000011130178 0.000082453477 -0.000009346836 -0.000050632018 -0.000006137728
0.001190414111 0.000493386432 0.000221157966 -0.000100969762 0.000002293873 0.001089554010 0.000036710569 0.000011146910 0.000183423483 0.000053283789 -0.000003283765 -0.000006727747 0.000050489234
0.025661755119 0.020010051521 0.005159842550 -0.002763975834 0.000057775288 0.000036710569 0.001055618107 -0.000000586275 -0.000000043778 0.001411496800 -0.000169420098 -0.000003227885 0.000010464026
-0.000015070935 -0.000013932021 -0.000003375104 -0.000002687116 -0.000183476998 0.000011146910 -0.000000586275 0.000057857089 -0.000000004428 -0.000000915202 -0.000000279429 0.000010592614 0.000002089838
-0.000013457293 0.000005479478 -0.000002116206 0.000003113698 0.000011130178 0.000183423483 -0.000000043778 -0.000000004428 0.000057825437 -0.000000260596 0.000000888796 -0.000002043294 0.000010519890
0.047764935572 0.022702150840 0.009158411004 -0.004011519417 0.000082453477 0.000053283789 0.001411496800 -0.000000915202 -0.000000260596 0.002248100166 -0.000252042528 -0.000004986710 0.000015583471
-0.006044306085 -0.001915550362 -0.001094610146 0.000547299372 -0.000009346836 -0.000003283765 -0.000169420098 -0.000000279429 0.000000888796 -0.000252042528 0.000049807630 0.000000630487 -0.000002057339
-0.000131675230 -0.000023908479 -0.000023051491 0.000010010805 -0.000050632018 -0.000006727747 -0.000003227885 0.000010592614 -0.000002043294 -0.000004986710 0.000000630487 0.000016019569 -0.000000031467
0.000374380154 0.000117501345 0.000067725442 -0.000033371712 -0.000006137728 0.000050489234 0.000010464026 0.000002089838 0.000010519890 0.000015583471 -0.000002057339 -0.000000031467 0.000016085142

Trandens between roots 0 1
13 13
-0.591231302398 0.470605825749 0.268111770614 -0.125940918701 0.002611713010 0.001659522238 0.055895330968 -0.000042959129 -0.000000166070 0.074761138418 -0.009151775810 -0.000205529181 0.000565139904
-0.754727978334 0.528621569335 0.193273175321 -0.111220909194 0.002356599084 0.001485783803 0.047987453865 -0.000034099728 0.000007282052 0.056563439674 -0.006267444334 -0.000121864306 0.000378944790
-0.134893897643 0.103781536218 0.053035483560 -0.026915245563 0.000558627703 0.000355479114 0.011612920973 -0.000008639447 0.000000236255 0.015190309467 -0.001820976690 -0.000039880284 0.000111859240
0.073742050593 -0.055324230113 -0.026268835088 0.009797932229 -0.000271820279 -0.000170155924 -0.005736532465 0.000006471664 -0.000001698783 -0.007327847796 0.000922348414 0.000019819514 -0.000056857794
-0.001550775347 0.001160541843 0.000542458912 -0.000270215699 -0.003112430421 0.000003663928 0.000119863436 0.000077958526 -0.000004697594 0.000152028971 -0.000018233035 -0.000072245485 -0.000008547518
-0.000987313368 0.000739972305 0.000349324054 -0.000171242148 0.000003709678 -0.003118185601 0.000076647646 -0.000004822053 -0.000078317020 0.000097409929 -0.000007809015 -0.000009715948 0.000072557604
-0.031180999979 0.022805160430 0.010028020464 -0.004676792294 0.000097787174 0.000062294321 0.002199849179 -0.000001797279 0.000000242109 0.002835110262 -0.000334579213 -0.000007241768 0.000020611766
0.000019218665 -0.000014123570 -0.000005940333 0.000014019434 0.000453722926 -0.000027816391 -0.000001569576 -0.000088318690 -0.000000010301 -0.000001795779 0.000000238404 0.000006429779 0.000001260947
-0.000002355154 0.000001045860 -0.000000862587 -0.000006115030 -0.000027457640 -0.000454502955 -0.000000053227 -0.000000004655 -0.000088382388 -0.000000231641 0.000000375977 -0.000001245550 0.000006446507
-0.040505164055 0.030315866792 0.014564545980 -0.007460964669 0.000155951978 0.000098380605 0.003227167431 -0.000002375628 0.000000154437 0.004062728674 -0.000487500911 -0.000010405359 0.000029880408
0.004050281276 -0.003119211473 -0.001670063331 0.000631620920 -0.000017773606 -0.000017622184 -0.000341954872 0.000000539751 -0.000000611094 -0.000453338245 0.000007869211 0.000001166590 -0.000003221865
0.000064642956 -0.000052113191 -0.000032481725 0.000013937815 0.000116511087 0.000015084697 -0.000006199410 -0.000007420565 0.000001434803 -0.000008513191 0.000001016119 -0.000043507880 -0.000000050917
-0.000248731272 0.000191843865 0.000103361462 -0.000040167505 0.000016668119 -0.000115535574 0.000021112852 -0.000001489010 -0.000007396217 0.000028009831 -0.000003226948 -0.000000064189 -0.000043304810

Trandens between roots 1 0
13 13
-0.591231302398 -0.754727978334 -0.134893897643 0.073742050593 -0.001550775347 -0.000987313368 -0.031180999979 0.000019218665 -0.000002355154 -0.040505164055 0.004050281276 0.000064642956 -0.000248731272
0.470605825749 0.528621569335 0.103781536218 -0.055324230113 0.001160541843 0.000739972305 0.022805160430 -0.000014123570 0.000001045860 0.030315866792 -0.003119211473 -0.000052113191 0.000191843865
0.268111770614 0.193273175321 0.053035483560 -0.026268835088 0.000542458912 0.000349324054 0.010028020464 -0.000005940333 -0.000000862587 0.014564545980 -0.001670063331 -0.000032481725 0.000103361462
-0.125940918701 -0.111220909194 -0.026915245563 0.009797932229 -0.000270215699 -0.000171242148 -0.004676792294 0.000014019434 -0.000006115030 -0.007460964669 0.000631620920 0.000013937815 -0.000040167505
0.002611713010 0.002356599084 0.000558627703 -0.000271820279 -0.003112430421 0.000003709678 0.000097787174 0.000453722926 -0.000027457640 0.000155951978 -0.000017773606 0.000116511087 0.000016668119
0.001659522238 0.001485783803 0.000355479114 -0.000170155924 0.000003663928 -0.003118185601 0.000062294321 -0.000027816391 -0.000454502955 0.000098380605 -0.000017622184 0.000015084697 -0.000115535574
0.055895330968 0.047987453865 0.011612920973 -0.005736532465 0.000119863436 0.000076647646 0.002199849179 -0.000001569576 -0.000000053227 0.003227167431 -0.000341954872 -0.000006199410 0.000021112852
-0.000042959129 -0.000034099728 -0.000008639447 0.000006471664 0.000077958526 -0.000004822053 -0.000001797279 -0.000088318690 -0.000000004655 -0.000002375628 0.000000539751 -0.000007420565 -0.000001489010
-0.000000166070 0.000007282052 0.000000236255 -0.000001698783 -0.000004697594 -0.000078317020 0.000000242109 -0.000000010301 -0.000088382388 0.000000154437 -0.000000611094 0.000001434803 -0.000007396217
0.074761138418 0.056563439674 0.015190309467 -0.007327847796 0.000152028971 0.000097409929 0.002835110262 -0.000001795779 -0.000000231641 0.004062728674 -0.000453338245 -0.000008513191 0.000028009831
-0.009151775810 -0.006267444334 -0.001820976690 0.000922348414 -0.000018233035 -0.000007809015 -0.000334579213 0.000000238404 0.000000375977 -0.000487500911 0.000007869211 0.000001016119 -0.000003226948
-0.000205529181 -0.000121864306 -0.000039880284 0.000019819514 -0.000072245485 -0.000009715948 -0.000007241768 0.000006429779 -0.000001245550 -0.000010405359 0.000001166590 -0.000043507880 -0.000000064189
0.000565139904 0.000378944790 0.000111859240 -0.000056857794 -0.000008547518 0.000072557604 0.000020611766 0.000001260947 0.000006446507 0.000029880408 -0.000003221865 -0.000000050917 -0.000043304810

Trandens between roots 1 1
13 13
1.224812007311 -0.850667808819 -0.262989363600 0.153581085546 -0.003257186303 -0.002055396958 -0.073459848033 0.000053955978 -0.000012332227 -0.086789309905 0.009943767841 0.000204895660 -0.000606010015
-0.850667808819 0.597063136520 0.200313864498 -0.112556665388 0.002379364767 0.001502188471 0.053316043225 -0.000039330154 0.000008010879 0.063773381884 -0.007365667018 -0.000153235553 0.000449652396
-0.262989363600 0.200313864498 0.109505983099 -0.051220699546 0.001076951524 0.000676300111 0.022262309056 -0.000016662154 0.000001255424 0.028304532405 -0.003372100179 -0.000071654064 0.000207168870
0.153581085546 -0.112556665388 -0.051220699546 0.035523759898 -0.000544222922 -0.000351257739 -0.011518729599 0.000007048155 0.000000205442 -0.014691114981 0.001468754926 0.000032508738 -0.000089758356
-0.003257186303 0.002379364767 0.001076951524 -0.000544222922 0.009165531161 0.000004654556 0.000240399726 -0.000027315835 0.000001592009 0.000308297099 -0.000036044276 0.000295101488 0.000041999051
-0.002055396958 0.001502188471 0.000676300111 -0.000351257739 0.000004654556 0.009179648303 0.000152508214 0.000001523792 0.000027807134 0.000194981226 -0.000038865202 0.000038438029 -0.000294510999
-0.073459848033 0.053316043225 0.022262309056 -0.011518729599 0.000240399726 0.000152508214 0.005470549709 -0.000003652438 0.000000494551 0.006472846717 -0.000763566899 -0.000016196454 0.000046672410
0.000053955978 -0.000039330154 -0.000016662154 0.000007048155 -0.000027315835 0.000001523792 -0.000003652438 0.000216341088 0.000000068277 -0.000004872311 0.000000387156 0.000002852418 0.000000523172
-0.000012332227 0.000008010879 0.000001255424 0.000000205442 0.000001592009 0.000027807134 0.000000494551 0.000000068277 0.000216760682 0.000000564224 0.000000196150 -0.000000551158 0.000002775503
-0.086789309905 0.063773381884 0.028304532405 -0.014691114981 0.000308297099 0.000194981226 0.006472846717 -0.000004872311 0.000000564224 0.008234490911 -0.000932051721 -0.000019543247 0.000056935942
0.009943767841 -0.007365667018 -0.003372100179 0.001468754926 -0.000036044276 -0.000038865202 -0.000763566899 0.000000387156 0.000000196150 -0.000932051721 0.000278310781 0.000002356691 -0.000006778568
0.000204895660 -0.000153235553 -0.000071654064 0.000032508738 0.000295101488 0.000038438029 -0.000016196454 0.000002852418 -0.000000551158 -0.000019543247 0.000002356691 0.000166501448 -0.000000149962
-0.000606010015 0.000449652396 0.000207168870 -0.000089758356 0.000041999051 -0.000294510999 0.000046672410 0.000000523172 0.000002775503 0.000056935942 -0.000006778568 -0.000000149962 0.000166979091

State 0 :
Natural orbital occupations
13
1.391154291673 0.604974091972 0.001427550787 0.001123357768 0.001122378814 0.000077706943 0.000026367062 0.000026326233 0.000023943318 0.000014797033 0.000013266016 0.000013240239 0.000002682142
Natural orbitals (in MO basis)
13 13
-0.961135981059 -0.205165191292 0.016740479140 -0.000041953279 0.000007889663 -0.162456221459 -0.000073304168 -0.000018872275 0.008293851130 -0.003824625401 0.000008354177 0.000075552333 0.085843890915
-0.197610513637 0.977778024544 0.034364563594 -0.000087555443 0.000033215481 -0.037100752652 -0.000021442186 -0.000045244652 0.012880661498 -0.008872305278 -0.000142553727 0.000102368612 0.045805668014
-0.174063939895 0.003621839556 0.267915949705 0.000474718539 0.000407677186 0.901534695939 0.000185158951 0.000209885502 -0.083205724993 -0.017908489798 -0.000680170461 0.000062853410 -0.279105750322
0.070487372419 -0.028912175283 0.941587250251 0.022828263609 0.009205235848 -0.270379411292 -0.004720396801 -0.001529178591 -0.177582090802 -0.025934571197 0.000687855780 -0.000011861567 0.040805389365
-0.001432103166 0.000663419565 -0.019439869279 0.958330227037 -0.223590830938 0.005328514812 -0.174795837990 0.015428073116 0.004185629607 -0.000033138031 0.019596725626 0.002819596063 -0.000640972707
-0.000928075721 0.000403903567 -0.013732838803 0.223341099688 0.958491366335 0.003404396955 -0.015328236675 -0.174897508209 0.001798162876 -0.000169002361 0.002782594022 -0.019403625979 -0.000499909673
-0.021412622313 0.023891954988 -0.187876518953 0.000314834734 -0.000424973667 -0.109969674073 -0.000737533750 0.002156212414 -0.925225106369 0.171566732994 0.002320762718 -0.001305669425 -0.257080830739
0.000012892699 -0.000017547489 -0.000496994087 -0.163199340232 0.048684606522 0.000666260274 -0.962021983947 0.143892009728 0.001232252306 0.003871406632 -0.154117540634 -0.032166693117 0.000682848843
0.000008816639 0.000013383154 -0.000290009843 0.048657776730 0.163289233350 -0.000042710897 0.143957010847 0.962029024310 0.001782968931 -0.003080203352 0.031744750822 -0.154029302778 0.000272601229
-0.037657873626 0.020873814566 0.031472228815 0.000046395637 0.000205947530 -0.259866833732 -0.000084491923 -0.000214544540 0.310410902742 0.199458621217 0.003177939950 -0.002490548954 -0.890769232725
0.004622355168 -0.001094362515 0.057476353201 0.002505972198 0.003246405572 0.081593746510 0.006622963044 0.010518084797 0.094061323296 0.962586601735 -0.018408231192 0.054431543997 0.226103733772
0.000098005455 0.000005036118 0.001262548304 -0.046623069378 0.004642497926 0.003354926192 -0.151267040043 -0.006461307448 0.002987595593 0.017042341477 0.987106524666 0.011604138200 0.007422758010
-0.000286131846 0.000065929477 -0.003644712811 0.004343855186 0.046375183618 -0.005324661900 -0.007286097158 0.151025240862 -0.005326760207 -0.052976793568 -0.010662295921 0.985774035987 -0.015099367274

State 1 :
Natural orbital occupations
13
1.911389182629 0.059661088124 0.009185334309 0.009164336232 0.008929409106 0.000515193176 0.000216919795 0.000216528682 0.000214621369 0.000162908635 0.000156429047 0.000156305151 0.000031743745
Natural orbitals (in MO basis)
13 13
0.798466755288 0.320603672385 0.000501096532 0.001327237031 0.036746547429 -0.333562055123 -0.000323791738 0.010406537393 0.069448573058 0.028345218297 0.000790519043 -0.000322549091 -0.375915514992
-0.558568336173 0.087724727359 0.001639568497 0.004192516747 0.113236032839 -0.484261483034 -0.000587799782 0.021048762770 0.140558727973 0.051342646337 0.001382659364 -0.000630477636 -0.640402536734
-0.183157617776 0.862062229123 0.004646312203 0.013763230705 0.333385749615 0.321473386053 0.000089393961 -0.000726884805 -0.004687439260 -0.012866315502 -0.000426671978 0.000052457926 0.091714525193
0.104658988456 -0.337548482329 0.002923259691 0.059911611358 0.931999795144 -0.016965339529 -0.000000870380 0.001719491350 0.011998231314 -0.027805673967 -0.000531440293 0.000044883479 0.040960670668
-0.002215427041 0.006868258745 0.130168193260 0.989014604457 -0.061189844211 -0.000128476441 -0.000092420520 -0.000967090106 -0.000258073498 0.000153741498 0.004624188645 -0.032961895854 -0.001074828393
-0.001398384758 0.004335726347 -0.990916481017 0.130171040362 -0.003492289321 0.000143538757 0.001020082916 -0.000121656678 -0.000129162234 -0.000294226552 0.032917127618 0.004692120202 -0.000587626150
-0.049375506368 0.095946718979 0.000499829527 0.001130919448 0.034645969698 -0.380057643885 0.003530001589 -0.133493523978 -0.886437608200 -0.140090098119 -0.001920460177 0.001756872796 0.139549189685
0.000036296176 -0.000070144943 -0.000573614390 -0.002976157535 -0.000000154221 0.000266152313 -0.153873068906 -0.975121547988 0.146455400166 -0.003273292730 0.005192755776 -0.062967223101 -0.000217052994
-0.000007654911 -0.000033210192 -0.003037434621 0.000583800289 0.000102666466 0.000316563902 -0.986114487963 0.151483261252 -0.027267781001 0.003065486718 -0.062009266381 -0.004820611778 -0.000207219543
-0.058833263108 0.151083771540 0.000158076167 0.000495008009 0.013527125720 -0.631631745728 -0.002250199191 0.060116474447 0.398557526250 -0.107637837515 -0.003468726389 0.001760017142 0.632852460177
0.006759427372 -0.018109342009 0.001638952921 -0.002031880235 -0.030138320869 0.084600866564 -0.005627731564 0.018036868734 0.091060327292 -0.981028723311 0.045613637000 0.001917465848 -0.135658772077
0.000139690312 -0.000384101901 -0.000008289209 0.033053789832 -0.002567775920 0.002702467573 0.002313929802 -0.062165041801 0.011470794901 -0.009853607696 -0.268530877524 0.960555855604 -0.004298804917
-0.000412176180 0.001113744531 0.033093504945 0.000205095727 0.001724546150 -0.005188231463 -0.062009982277 -0.003267139399 -0.004255977278 0.043312499647 0.959590958857 0.268747965512 0.009121424697

