Number of strings: 13 13, CI size = 169
String addressing array alpha: 1 13
0 1 2 3 4 5 6 7 8 9 10 11 12

Alpha strings 13 1
1
2
3
4
5
6
7
8
9
10
11
12
13

Is hamiltonian hermitian? 1
Implicit Hamiltonian constructed
E(core)= 0.000000000000
H(1,1) + E(core) energy = -0.918589921000
Davidson: iter=0 dim=0 root=0 eigenvalue=-0.918589921000
Davidson: iter=1 dim=1 root=0 eigenvalue=-0.953691433415
Davidson: iter=2 dim=2 root=0 eigenvalue=-0.956999259099
Davidson: iter=3 dim=3 root=0 eigenvalue=-0.957769820384
Davidson: iter=4 dim=4 root=0 eigenvalue=-0.957857206161
Davidson: iter=5 dim=5 root=0 eigenvalue=-0.957867108811
Davidson: iter=6 dim=6 root=0 eigenvalue=-0.957868166250
Davidson: iter=7 dim=7 root=0 eigenvalue=-0.957868270570
Davidson: iter=8 dim=8 root=0 eigenvalue=-0.957868278883
Davidson: iter=9 dim=9 root=0 eigenvalue=-0.957868279209
Davidson: iter=10 dim=10 root=0 eigenvalue=-0.957868279230
Davidson: iter=11 dim=11 root=0 eigenvalue=-0.957868279232
Davidson: iter=12 dim=12 root=0 eigenvalue=-0.957868279233
Davidson: iter=12 dim=12 root=1 eigenvalue=-0.712316802887
root no. 0 converged
Davidson: iter=13 dim=13 root=0 eigenvalue=-0.957868279233
Davidson: iter=13 dim=13 root=1 eigenvalue=-0.720496855311
Davidson: iter=14 dim=14 root=0 eigenvalue=-0.957868279233
Davidson: iter=14 dim=14 root=1 eigenvalue=-0.721061461320
Davidson: iter=15 dim=15 root=0 eigenvalue=-0.957868279233
Davidson: iter=15 dim=15 root=1 eigenvalue=-0.721132155916
Davidson: iter=16 dim=16 root=0 eigenvalue=-0.957868279233
Davidson: iter=16 dim=16 root=1 eigenvalue=-0.721142887017
Davidson: iter=17 dim=17 root=0 eigenvalue=-0.957868279233
Davidson: iter=17 dim=17 root=1 eigenvalue=-0.721144182468
Davidson: iter=18 dim=18 root=0 eigenvalue=-0.957868279233
Davidson: iter=18 dim=18 root=1 eigenvalue=-0.721144317987
Davidson: iter=19 dim=19 root=0 eigenvalue=-0.957868279233
Davidson: iter=19 dim=19 root=1 eigenvalue=-0.721144344209
Davidson: iter=20 dim=20 root=0 eigenvalue=-0.957868279233
Davidson: iter=20 dim=20 root=1 eigenvalue=-0.721144350872
Davidson: iter=21 dim=21 root=0 eigenvalue=-0.957868279233
Davidson: iter=21 dim=21 root=1 eigenvalue=-0.721144353281
Davidson: iter=22 dim=22 root=0 eigenvalue=-0.957868279233
Davidson: iter=22 dim=22 root=1 eigenvalue=-0.721144353836
Davidson: iter=23 dim=23 root=0 eigenvalue=-0.957868279233
Davidson: iter=23 dim=23 root=1 eigenvalue=-0.721144353911
Davidson: iter=24 dim=24 root=0 eigenvalue=-0.957868279233
Davidson: iter=24 dim=24 root=1 eigenvalue=-0.721144353914
Davidson: iter=25 dim=25 root=0 eigenvalue=-0.957868279233
Davidson: iter=25 dim=25 root=1 eigenvalue=-0.721144353915
root no. 1 converged
Davidson converged in 25 iterations.
E(core)= 0.000000000000
E(0)= -0.957868279233
E(1)= -0.721144353915
FCI Excitation energies = 2
0.000000000000 0.236723925318

Vacuum coefficients in CI state 0 = -0.974219133819
Vacuum coefficients in CI state 1 = 0.087493848604
Eigenvector 0 in string basis
0: -0.974219133819 seniority 0 ... 1
1
 | 1
1

14: 0.191974780945 seniority 0 ... 1
2
 | 1
2

28: 0.063390895661 seniority 0 ... 1
3
 | 1
3

42: 0.064076001321 seniority 0 ... 1
4
 | 1
4

56: 0.064073679434 seniority 0 ... 1
5
 | 1
5

Eigenvector 1 in string basis
0: 0.087493848604 seniority 0 ... 1
1
 | 1
1

1: -0.600576984978 seniority 2 ... 1
1
 | 1
2

2: 0.051621306909 seniority 2 ... 1
1
 | 1
3

5: 0.223357058735 seniority 2 ... 1
1
 | 1
6

13: -0.600576983742 seniority 2 ... 1
2
 | 1
1

14: 0.355840299540 seniority 0 ... 1
2
 | 1
2

18: -0.115532388639 seniority 2 ... 1
2
 | 1
6

26: 0.051621306862 seniority 2 ... 1
3
 | 1
1

65: 0.223357058592 seniority 2 ... 1
6
 | 1
1

66: -0.115532388588 seniority 2 ... 1
6
 | 1
2

Seniority vectors for all roots (nroots/seniority)
2 2
0.998987850439 0.001012149561
0.136968972403 0.863031027597

Calculating transition densities
Root 0 MO occupations numbers (density matrix diagonal)
13
1.899187620882 0.073976855743 0.008208798160 0.008218038400 0.008217384730 0.000948202011 0.000253763864 0.000253689244 0.000231148432 0.000140924339 0.000121347020 0.000121343940 0.000120883234
Root 1 MO occupations numbers (density matrix diagonal)
13
0.843989828769 1.001600220039 0.010275150749 0.003297988377 0.003295636879 0.127334572670 0.002723109368 0.002723966398 0.004074037831 0.000071994689 0.000143257393 0.000143405840 0.000326830999
Transition densities done:
Trandens between roots 0 0
13 13
1.899187620882 0.018093402730 -0.016182469858 0.000332268609 0.000130325883 -0.031823443406 0.000050083394 0.000042004976 -0.004430657752 -0.000036952891 -0.000000796931 0.000016350611 -0.001031404903
0.018093402730 0.073976855743 0.000071316758 0.000001204790 -0.000001241672 -0.000122707521 0.000000680112 0.000000150416 0.000012622276 0.000006293153 -0.000006935627 -0.000001958705 0.000116560629
-0.016182469858 0.000071316758 0.008208798160 0.000010286903 -0.000001276618 -0.000015243863 0.000002532132 -0.000004187439 0.000317362871 0.000000366587 0.000000166820 -0.000000215143 0.000000627707
0.000332268609 0.000001204790 0.000010286903 0.008218038400 0.000005407725 0.000000102523 0.000269523137 0.000019342537 -0.000003808250 -0.000001521122 0.000017754343 -0.000001235889 0.000000344479
0.000130325883 -0.000001241672 -0.000001276618 0.000005407725 0.008217384730 0.000000345894 0.000019721639 -0.000269569244 -0.000005265478 0.000000018249 0.000001902151 0.000017620652 0.000000097813
-0.031823443406 -0.000122707521 -0.000015243863 0.000000102523 0.000000345894 0.000948202011 -0.000000822313 -0.000000643961 0.000061555592 0.000000228814 0.000000585099 -0.000000213286 0.000010720142
0.000050083394 0.000000680112 0.000002532132 0.000269523137 0.000019721639 -0.000000822313 0.000253763864 -0.000000106094 0.000000277826 0.000000960031 -0.000008932359 0.000000210676 -0.000000389725
0.000042004976 0.000000150416 -0.000004187439 0.000019342537 -0.000269569244 -0.000000643961 -0.000000106094 0.000253689244 0.000000113734 0.000000212033 0.000000161425 0.000008985755 0.000000287138
-0.004430657752 0.000012622276 0.000317362871 -0.000003808250 -0.000005265478 0.000061555592 0.000000277826 0.000000113734 0.000231148432 -0.000000613016 0.000000456005 0.000000254469 -0.000014141819
-0.000036952891 0.000006293153 0.000000366587 -0.000001521122 0.000000018249 0.000000228814 0.000000960031 0.000000212033 -0.000000613016 0.000140924339 0.000001274530 -0.000000309057 -0.000000506833
-0.000000796931 -0.000006935627 0.000000166820 0.000017754343 0.000001902151 0.000000585099 -0.000008932359 0.000000161425 0.000000456005 0.000001274530 0.000121347020 -0.000000070584 -0.000000040151
0.000016350611 -0.000001958705 -0.000000215143 -0.000001235889 0.000017620652 -0.000000213286 0.000000210676 0.000008985755 0.000000254469 -0.000000309057 -0.000000070584 0.000121343940 -0.000000033376
-0.001031404903 0.000116560629 0.000000627707 0.000000344479 0.000000097813 0.000010720142 -0.000000389725 0.000000287138 -0.000014141819 -0.000000506833 -0.000000040151 -0.000000033376 0.000120883234

Trandens between roots 0 1
13 13
-0.148443922580 1.158338206550 -0.101682464258 0.001864451484 0.000753227706 -0.433302175417 -0.000571650029 -0.000581263225 0.062402361882 -0.000564389292 0.000353255312 0.000098956261 -0.016613047744
-0.232276363311 0.150358145025 0.002065695006 -0.000066600017 -0.000020285986 -0.049551540183 -0.000038980887 -0.000032690119 0.003714972874 0.000042611826 -0.000047472925 -0.000023164672 0.000546269340
0.006430166951 -0.008657392294 -0.003616388585 0.000019612508 0.000011557316 0.002422497541 0.000068648759 -0.000060360315 0.003171951562 -0.000021782713 0.000007186649 0.000006621206 -0.000512990672
-0.000119634275 0.000174600222 0.000016312348 -0.002206131591 -0.000013646363 -0.000054507063 0.004580399218 0.000334724927 -0.000023415432 0.000050149672 -0.000505754154 0.000047167784 -0.000010351387
-0.000045752313 0.000067396300 0.000011154070 -0.000013750168 -0.002205081091 -0.000019146479 0.000332061151 -0.004580490515 -0.000061337561 -0.000004870083 -0.000047488616 -0.000506855715 -0.000005003094
0.008187427703 -0.022692480403 0.001538912732 -0.000028390894 -0.000011295431 0.006831124657 0.000011985690 0.000012059496 -0.001313332933 0.000009243287 -0.000005859916 -0.000001562713 0.000275777680
-0.000000767994 0.000029457126 0.000008277506 0.000736222770 0.000052918728 -0.000010430218 -0.000043681267 0.000000408267 0.000000872580 0.000002562780 -0.000023423582 0.000000431953 -0.000001038543
0.000002419496 0.000023887272 -0.000012201057 0.000054363037 -0.000736188657 -0.000008340274 0.000000313936 -0.000043500582 0.000001509790 0.000000506385 0.000000551059 0.000023478323 0.000000241423
-0.000332968576 -0.002435615618 0.000719401997 -0.000008007716 -0.000011043930 0.000847566900 0.000000695706 0.000001524986 -0.000189399597 0.000000009626 -0.000000135352 0.000000493925 0.000009352034
-0.000015392149 -0.000006497213 -0.000002115595 0.000008496506 -0.000000859631 0.000004185241 -0.000000055707 0.000000099694 -0.000001171203 -0.000100236957 0.000001710706 -0.000000275029 -0.000000358944
0.000023067017 -0.000018363082 0.000001347725 -0.000083519287 -0.000007852583 0.000004423640 0.000004176968 -0.000000166131 -0.000000342594 0.000001679530 -0.000116951199 -0.000000026456 -0.000000038613
0.000004404274 0.000004932519 0.000000250859 0.000007761991 -0.000083732868 -0.000002294867 0.000000077718 -0.000004083425 0.000000450174 -0.000000281306 -0.000000034600 -0.000117031180 -0.000000185959
-0.000218980656 -0.000338898480 -0.000040377039 -0.000002579518 -0.000001169596 0.000155459344 0.000000413512 0.000000384248 -0.000036565294 -0.000000304339 -0.000000252950 -0.000000134498 -0.000106945054

Trandens between roots 1 0
13 13
-0.148443922580 -0.232276363311 0.006430166951 -0.000119634275 -0.000045752313 0.008187427703 -0.000000767994 0.000002419496 -0.000332968576 -0.000015392149 0.000023067017 0.000004404274 -0.000218980656
1.158338206550 0.150358145025 -0.008657392294 0.000174600222 0.000067396300 -0.022692480403 0.000029457126 0.000023887272 -0.002435615618 -0.000006497213 -0.000018363082 0.000004932519 -0.000338898480
-0.101682464258 0.002065695006 -0.003616388585 0.000016312348 0.000011154070 0.001538912732 0.000008277506 -0.000012201057 0.000719401997 -0.000002115595 0.000001347725 0.000000250859 -0.000040377039
0.001864451484 -0.000066600017 0.000019612508 -0.002206131591 -0.000013750168 -0.000028390894 0.000736222770 0.000054363037 -0.000008007716 0.000008496506 -0.000083519287 0.000007761991 -0.000002579518
0.000753227706 -0.000020285986 0.000011557316 -0.000013646363 -0.002205081091 -0.000011295431 0.000052918728 -0.000736188657 -0.000011043930 -0.000000859631 -0.000007852583 -0.000083732868 -0.000001169596
-0.433302175417 -0.049551540183 0.002422497541 -0.000054507063 -0.000019146479 0.006831124657 -0.000010430218 -0.000008340274 0.000847566900 0.000004185241 0.000004423640 -0.000002294867 0.000155459344
-0.000571650029 -0.000038980887 0.000068648759 0.004580399218 0.000332061151 0.000011985690 -0.000043681267 0.000000313936 0.000000695706 -0.000000055707 0.000004176968 0.000000077718 0.000000413512
-0.000581263225 -0.000032690119 -0.000060360315 0.000334724927 -0.004580490515 0.000012059496 0.000000408267 -0.000043500582 0.000001524986 0.000000099694 -0.000000166131 -0.000004083425 0.000000384248
0.062402361882 0.003714972874 0.003171951562 -0.000023415432 -0.000061337561 -0.001313332933 0.000000872580 0.000001509790 -0.000189399597 -0.000001171203 -0.000000342594 0.000000450174 -0.000036565294
-0.000564389292 0.000042611826 -0.000021782713 0.000050149672 -0.000004870083 0.000009243287 0.000002562780 0.000000506385 0.000000009626 -0.000100236957 0.000001679530 -0.000000281306 -0.000000304339
0.000353255312 -0.000047472925 0.000007186649 -0.000505754154 -0.000047488616 -0.000005859916 -0.000023423582 0.000000551059 -0.000000135352 0.000001710706 -0.000116951199 -0.000000034600 -0.000000252950
0.000098956261 -0.000023164672 0.000006621206 0.000047167784 -0.000506855715 -0.000001562713 0.000000431953 0.000023478323 0.000000493925 -0.000000275029 -0.000000026456 -0.000117031180 -0.000000134498
-0.016613047744 0.000546269340 -0.000512990672 -0.000010351387 -0.000005003094 0.000275777680 -0.000001038543 0.000000241423 0.000009352034 -0.000000358944 -0.000000038613 -0.000000185959 -0.000106945054

Trandens between roots 1 1
13 13
0.843989828769 -0.583691751875 -0.012211280462 0.000317547039 0.000108938367 0.169658434689 0.000149159399 0.000117286705 -0.013731150101 -0.000152415066 0.000166537873 0.000084439675 -0.001968171113
-0.583691751875 1.001600220039 -0.053441559204 0.000925530869 0.000385133677 -0.346993046882 -0.000430162838 -0.000419145204 0.045499857390 -0.000245058317 0.000113750144 0.000011721530 -0.008621538739
-0.012211280462 -0.053441559204 0.010275150749 -0.000127067028 -0.000049962257 0.021985622419 0.000006668597 0.000065956989 -0.005665792008 0.000049689273 -0.000031220079 -0.000012229000 0.001346847130
0.000317547039 0.000925530869 -0.000127067028 0.003297988377 0.000005398928 -0.000384184537 -0.001867995356 -0.000129508979 0.000086299015 -0.000015416417 0.000159734489 -0.000014056179 -0.000018500083
0.000108938367 0.000385133677 -0.000049962257 0.000005398928 0.003295636879 -0.000160172647 -0.000143208007 0.001865759111 0.000057596859 0.000000785908 0.000015739967 0.000159371175 -0.000007423127
0.169658434689 -0.346993046882 0.021985622419 -0.000384184537 -0.000160172647 0.127334572670 0.000153147041 0.000152595434 -0.016467842410 0.000105229842 -0.000053791680 -0.000010017409 0.003493355464
0.000149159399 -0.000430162838 0.000006668597 -0.001867995356 -0.000143208007 0.000153147041 0.002723109368 0.000002375705 -0.000015634387 0.000025609895 -0.000265596133 0.000005743063 -0.000003809063
0.000117286705 -0.000419145204 0.000065956989 -0.000129508979 0.001865759111 0.000152595434 0.000002375705 0.002723966398 -0.000015599325 0.000004655498 0.000005051261 0.000266170996 0.000011391543
-0.013731150101 0.045499857390 -0.005665792008 0.000086299015 0.000057596859 -0.016467842410 -0.000015634387 -0.000015599325 0.004074037831 -0.000027235426 0.000016022267 0.000008707122 -0.000780318156
-0.000152415066 -0.000245058317 0.000049689273 -0.000015416417 0.000000785908 0.000105229842 0.000025609895 0.000004655498 -0.000027235426 0.000071994689 -0.000006903727 0.000001183317 0.000009414811
0.000166537873 0.000113750144 -0.000031220079 0.000159734489 0.000015739967 -0.000053791680 -0.000265596133 0.000005051261 0.000016022267 -0.000006903727 0.000143257393 0.000000143870 -0.000004286846
0.000084439675 0.000011721530 -0.000012229000 -0.000014056179 0.000159371175 -0.000010017409 0.000005743063 0.000266170996 0.000008707122 0.000001183317 0.000000143870 0.000143405840 -0.000001512187
-0.001968171113 -0.008621538739 0.001346847130 -0.000018500083 -0.000007423127 0.003493355464 -0.000003809063 0.000011391543 -0.000780318156 0.000009414811 -0.000004286846 -0.000001512187 0.000326830999

State 0 :
Natural orbital occupations
13
1.900049591167 0.073799094128 0.008232905917 0.008222061956 0.008089111710 0.000403853160 0.000245410800 0.000245206971 0.000213671261 0.000141022097 0.000120584093 0.000120459710 0.000117027031
Natural orbitals (in MO basis)
13 13
-0.999771099683 0.009831926409 -0.000374814004 0.000461454027 -0.008008265250 0.017048078282 -0.000016193287 -0.000004229926 0.002025529960 -0.000021731917 -0.000007407577 0.000022661707 0.001361858704
-0.009906842208 -0.999940281208 0.000181472102 -0.000227620928 0.003348055470 -0.002522040800 0.000009964162 0.000008507824 -0.000346089033 0.000039070929 -0.000000405997 -0.000067051592 -0.001872862500
0.008551746561 -0.003516163134 -0.067362906881 0.064412634521 -0.994266539538 0.037736502558 0.000808476257 0.000149569610 -0.034938302422 0.000122164555 0.000073701205 -0.000013393548 -0.004047064627
-0.000175560779 0.000030945431 -0.760077720366 0.642236826416 0.093066020435 -0.000772299955 0.026875840687 0.020148921564 0.000879506538 -0.000165355366 0.002455185913 0.004084781792 0.000036136988
-0.000068873319 0.000038582362 -0.645436861436 -0.763037089769 -0.005720890971 -0.000332013393 0.020159118650 -0.026900457918 0.000460320215 -0.000006720737 -0.004038743006 0.002502866485 -0.000007247834
0.016753920527 -0.002610790409 0.001721107519 -0.002160837913 0.037451095858 0.998777231771 -0.000617270346 -0.000628080367 0.006984862971 -0.000646797348 0.000460249098 0.001422599924 0.026345728666
-0.000026381264 -0.000002526028 -0.027291782598 0.019856650562 0.002809243951 -0.000674413076 -0.838329964341 -0.538473489439 -0.013241178689 0.003686709595 -0.035566873588 -0.068173247050 0.000426560508
-0.000022122339 0.000003655681 0.019995000561 0.027339038335 0.000911450268 -0.000115346442 0.538603974359 -0.838332886528 -0.005191380375 0.000641148739 -0.068450744349 0.035153645507 -0.002649124593
0.002333516230 -0.000780719452 -0.001665031728 0.002483216511 -0.035384873606 -0.010151523505 -0.008148445129 -0.011588049774 0.984234602894 -0.003127339345 -0.002140458571 0.002621980072 0.172308425771
0.000019415454 -0.000090371087 0.000137451092 -0.000118891192 -0.000019669768 -0.001451560492 -0.006290610059 -0.006210946704 -0.008416610187 -0.997232269215 0.043268313922 0.051650883339 0.028925845716
0.000000460407 0.000093997247 -0.001785979374 0.001208525906 0.000180665901 0.002055698079 0.065092877717 0.040142697619 0.006258197535 -0.066637233893 -0.438217552838 -0.892806395802 -0.022912736479
-0.000008596908 0.000028790423 -0.001263927363 -0.001727491370 -0.000018533205 0.000194735755 0.040139101331 -0.065792727688 0.002770326289 0.016133002872 0.894423235469 -0.440221108160 -0.000227847484
0.000542212958 -0.001719822736 0.000012192919 -0.000046109759 0.001124273093 -0.024746735460 0.004969374234 0.001124264187 -0.172300919584 0.028333032073 -0.011075201456 -0.022783280004 0.983984256405

State 1 :
Natural orbital occupations
13
1.608571071691 0.369286372098 0.005038571870 0.004929660849 0.004912468297 0.004299345443 0.001131958865 0.001118730868 0.000283939551 0.000125318268 0.000115906106 0.000115668119 0.000070987976
Natural orbitals (in MO basis)
13 13
-0.621694555853 -0.775718242464 0.101935464615 0.006499243898 0.001718240003 0.029988082365 0.000120235855 -0.000078195066 0.017526911864 0.010702183937 -0.000023833183 0.000135831302 -0.000044847831
0.742717541827 -0.554701100840 0.225564781970 0.014001620049 0.002840862281 0.297529373483 -0.000072561408 0.000039545876 -0.032687222757 0.001247673847 -0.000006385610 -0.000083037411 0.000044613508
-0.023572294873 0.126237823512 0.789842477745 0.036379928725 0.008766628232 -0.246774950244 -0.002776311159 0.011522351366 0.544071808442 0.034692207843 -0.000597675461 0.000603371157 -0.000338145052
0.000367900767 -0.002416525051 0.028877183841 -0.538640997321 -0.529953496960 0.002038182371 -0.459497112621 0.465493419444 -0.008045333335 -0.000705933942 -0.016159441133 0.004770081660 0.000564965538
0.000162042974 -0.000955294793 0.018207770521 -0.530235029548 0.538761460556 0.003289533938 0.466270976724 0.458829333503 -0.005260955206 -0.000044291208 -0.004943496612 -0.016077891636 -0.000147937566
-0.245877487941 0.267022758812 0.291302096591 0.017447131342 0.001701476451 0.879404119663 -0.000140030686 -0.000027261817 -0.096531820600 -0.020208416725 0.000637541904 -0.000293720311 -0.000083962646
-0.000280963590 0.000464401116 -0.035294893314 0.494876495634 0.422079365853 0.000475952600 -0.486124817979 0.571327306507 -0.003168272064 -0.001848217684 -0.111071741592 0.024829340568 0.000949078720
-0.000263752397 0.000518713943 0.022629224531 -0.420948566114 0.496809392308 -0.001138417911 -0.570729112416 -0.486640165437 -0.005861853595 -0.003092264810 0.024889083325 0.110703241061 0.000219357842
0.028990866041 -0.053984812933 -0.472144471880 -0.030817818620 -0.001961230616 0.275107423191 -0.005645691362 -0.001439377086 0.814431657080 0.182566144066 -0.001816537959 0.004481360074 -0.000663037266
-0.000071580806 0.000786133346 0.002277847039 0.003903398173 0.004494145927 -0.001173514742 -0.007694883475 0.006278001378 -0.007591508592 0.040333374684 0.083182663259 -0.033886342707 -0.995041054904
-0.000002781307 -0.000574485425 0.001805004542 -0.047610288165 -0.038911614753 0.000963934027 0.060913729262 -0.074886144590 0.004924556831 -0.040846481874 -0.968954734819 0.195226379458 -0.090647165855
-0.000025386079 -0.000207776631 0.000568931305 -0.038927111906 0.047809976526 0.000687063144 -0.074796876735 -0.061337830240 0.003205818936 -0.000788391142 -0.197612601475 -0.973394230710 0.016827860363
-0.003788656628 0.020203145181 0.064569655956 0.001739832318 0.000305425229 -0.024982687588 0.000913161746 -0.003668134994 -0.172522287820 0.980628504658 -0.043710388970 0.008278519642 0.037300918790

