Number of strings: 13 13, CI size = 169
String addressing array alpha: 1 13
0 1 2 3 4 5 6 7 8 9 10 11 12

Alpha strings 13 1
1
2
3
4
5
6
7
8
9
10
11
12
13

Is hamiltonian hermitian? 1
Implicit Hamiltonian constructed
E(core)= 0.000000000000
H(1,1) + E(core) energy = -1.036274400400
Davidson: iter=0 dim=0 root=0 eigenvalue=-1.036274400400
Davidson: iter=1 dim=1 root=0 eigenvalue=-1.068743157915
Davidson: iter=2 dim=2 root=0 eigenvalue=-1.071622438416
Davidson: iter=3 dim=3 root=0 eigenvalue=-1.072072434313
Davidson: iter=4 dim=4 root=0 eigenvalue=-1.072115329274
Davidson: iter=5 dim=5 root=0 eigenvalue=-1.072119505347
Davidson: iter=6 dim=6 root=0 eigenvalue=-1.072120008197
Davidson: iter=7 dim=7 root=0 eigenvalue=-1.072120029137
Davidson: iter=8 dim=8 root=0 eigenvalue=-1.072120030973
Davidson: iter=9 dim=9 root=0 eigenvalue=-1.072120031170
Davidson: iter=10 dim=10 root=0 eigenvalue=-1.072120031181
Davidson: iter=11 dim=11 root=0 eigenvalue=-1.072120031182
Davidson: iter=11 dim=11 root=1 eigenvalue=-0.712793363157
root no. 0 converged
Davidson: iter=12 dim=12 root=0 eigenvalue=-1.072120031182
Davidson: iter=12 dim=12 root=1 eigenvalue=-0.723224201127
Davidson: iter=13 dim=13 root=0 eigenvalue=-1.072120031182
Davidson: iter=13 dim=13 root=1 eigenvalue=-0.724145038721
Davidson: iter=14 dim=14 root=0 eigenvalue=-1.072120031182
Davidson: iter=14 dim=14 root=1 eigenvalue=-0.724191404532
Davidson: iter=15 dim=15 root=0 eigenvalue=-1.072120031182
Davidson: iter=15 dim=15 root=1 eigenvalue=-0.724198016254
Davidson: iter=16 dim=16 root=0 eigenvalue=-1.072120031182
Davidson: iter=16 dim=16 root=1 eigenvalue=-0.724200262701
Davidson: iter=17 dim=17 root=0 eigenvalue=-1.072120031182
Davidson: iter=17 dim=17 root=1 eigenvalue=-0.724200964092
Davidson: iter=18 dim=18 root=0 eigenvalue=-1.072120031182
Davidson: iter=18 dim=18 root=1 eigenvalue=-0.724201185061
Davidson: iter=19 dim=19 root=0 eigenvalue=-1.072120031182
Davidson: iter=19 dim=19 root=1 eigenvalue=-0.724201302081
Davidson: iter=20 dim=20 root=0 eigenvalue=-1.072120031182
Davidson: iter=20 dim=20 root=1 eigenvalue=-0.724201682966
Davidson: iter=21 dim=21 root=0 eigenvalue=-1.072120031182
Davidson: iter=21 dim=21 root=1 eigenvalue=-0.724201857878
Davidson: iter=22 dim=22 root=0 eigenvalue=-1.072120031182
Davidson: iter=22 dim=22 root=1 eigenvalue=-0.724201878129
Davidson: iter=23 dim=23 root=0 eigenvalue=-1.072120031182
Davidson: iter=23 dim=23 root=1 eigenvalue=-0.724201880211
Davidson: iter=24 dim=24 root=0 eigenvalue=-1.072120031182
Davidson: iter=24 dim=24 root=1 eigenvalue=-0.724201880245
Davidson: iter=25 dim=25 root=0 eigenvalue=-1.072120031182
Davidson: iter=25 dim=25 root=1 eigenvalue=-0.724201880254
Davidson: iter=26 dim=26 root=0 eigenvalue=-1.072120031182
Davidson: iter=26 dim=26 root=1 eigenvalue=-0.724201880256
Davidson: iter=27 dim=27 root=0 eigenvalue=-1.072120031182
Davidson: iter=27 dim=27 root=1 eigenvalue=-0.724201880259
Davidson: iter=28 dim=28 root=0 eigenvalue=-1.072120031182
Davidson: iter=28 dim=28 root=1 eigenvalue=-0.724201880263
Davidson: iter=29 dim=29 root=0 eigenvalue=-1.072120031182
Davidson: iter=29 dim=29 root=1 eigenvalue=-0.724201880264
root no. 1 converged
Davidson converged in 29 iterations.
E(core)= 0.000000000000
E(0)= -1.072120031182
E(1)= -0.724201880264
FCI Excitation energies = 2
0.000000000000 0.347918150917

Vacuum coefficients in CI state 0 = -0.984015548270
Vacuum coefficients in CI state 1 = -0.033657276826
Eigenvector 0 in string basis
0: -0.984015548270 seniority 0 ... 1
1
 | 1
1

14: 0.128212711153 seniority 0 ... 1
2
 | 1
2

28: 0.070349964007 seniority 0 ... 1
3
 | 1
3

42: 0.070337299344 seniority 0 ... 1
4
 | 1
4

56: 0.066804153555 seniority 0 ... 1
5
 | 1
5

Eigenvector 1 in string basis
1: -0.626539551880 seniority 2 ... 1
1
 | 1
2

5: 0.244676412218 seniority 2 ... 1
1
 | 1
6

13: -0.626540164704 seniority 2 ... 1
2
 | 1
1

14: -0.243357019623 seniority 0 ... 1
2
 | 1
2

18: 0.099510020003 seniority 2 ... 1
2
 | 1
6

65: 0.244676504833 seniority 2 ... 1
6
 | 1
1

66: 0.099510039782 seniority 2 ... 1
6
 | 1
2

Seniority vectors for all roots (nroots/seniority)
2 2
0.999891081587 0.000108918413
0.062187556700 0.937812443300

Calculating transition densities
Root 0 MO occupations numbers (density matrix diagonal)
13
1.936669892486 0.032880927861 0.009900511293 0.009896989774 0.008958023534 0.000360952833 0.000261064638 0.000261001733 0.000176594848 0.000173307429 0.000168498815 0.000146091544 0.000146143213
Root 1 MO occupations numbers (density matrix diagonal)
13
0.909048659623 0.926412761641 0.003761957318 0.003768519526 0.007831950057 0.139998053079 0.003384614749 0.003388721097 0.002110730353 0.000029757520 0.000031100054 0.000112150874 0.000121024109
Transition densities done:
Trandens between roots 0 0
13 13
1.936669892486 0.000326129395 0.000103725384 0.000227289176 -0.006624368496 0.011004843239 -0.000008438685 0.000014067049 0.003501851610 0.000006581029 0.000017987530 0.000004756361 0.000044427049
0.000326129395 0.032880927861 0.000009028081 0.000017117728 -0.000474959311 -0.000117855567 -0.000000466728 -0.000000517766 0.000149900671 0.000000330651 0.000001116072 0.000000650156 0.000005554568
0.000103725384 0.000009028081 0.009900511293 -0.000001795224 0.000012875566 -0.000001604949 -0.000164599478 -0.000026482762 0.000003271683 -0.000000910573 -0.000000417163 -0.000033249461 -0.000032690761
0.000227289176 0.000017117728 -0.000001795224 0.009896989774 0.000028737181 -0.000002116422 0.000026598305 -0.000164369747 0.000005712632 0.000001986559 0.000000516021 0.000032796119 -0.000032846523
-0.006624368496 -0.000474959311 0.000012875566 0.000028737181 0.008958023534 0.000057861570 -0.000002672983 -0.000008964385 -0.000189507639 -0.000000249310 -0.000000768194 0.000000045326 -0.000003077794
0.011004843239 -0.000117855567 -0.000001604949 -0.000002116422 0.000057861570 0.000360952833 -0.000000066847 0.000000027210 0.000007256411 0.000000081689 0.000000217652 0.000000033795 0.000000675156
-0.000008438685 -0.000000466728 -0.000164599478 0.000026598305 -0.000002672983 -0.000000066847 0.000261064638 -0.000000005771 0.000000071751 0.000000135692 0.000000058164 -0.000007685748 -0.000005485818
0.000014067049 -0.000000517766 -0.000026482762 -0.000164369747 -0.000008964385 0.000000027210 -0.000000005771 0.000261001733 0.000000255255 -0.000000203099 -0.000000049397 0.000005505452 -0.000007718279
0.003501851610 0.000149900671 0.000003271683 0.000005712632 -0.000189507639 0.000007256411 0.000000071751 0.000000255255 0.000176594848 -0.000000018204 -0.000000072164 -0.000000013001 -0.000000766746
0.000006581029 0.000000330651 -0.000000910573 0.000001986559 -0.000000249310 0.000000081689 0.000000135692 -0.000000203099 -0.000000018204 0.000173307429 0.000001716383 -0.000000041434 0.000000044935
0.000017987530 0.000001116072 -0.000000417163 0.000000516021 -0.000000768194 0.000000217652 0.000000058164 -0.000000049397 -0.000000072164 0.000001716383 0.000168498815 -0.000000012545 -0.000000069062
0.000004756361 0.000000650156 -0.000033249461 0.000032796119 0.000000045326 0.000000033795 -0.000007685748 0.000005505452 -0.000000013001 -0.000000041434 -0.000000012545 0.000146091544 -0.000000017543
0.000044427049 0.000005554568 -0.000032690761 -0.000032846523 -0.000003077794 0.000000675156 -0.000005485818 -0.000007718279 -0.000000766746 0.000000044935 -0.000000069062 -0.000000017543 0.000146143213

Trandens between roots 0 1
13 13
0.063943475231 1.232306843289 -0.009622689790 -0.010671170554 -0.042934642235 -0.481731343071 0.003410668565 0.004469801307 0.040675395524 0.000106298397 0.000346326000 -0.000081290178 0.003664834848
-0.160928335900 -0.062340176776 0.000253073388 0.000148743619 0.009949711453 0.025456296091 -0.000162798805 -0.000208895297 -0.000559561414 -0.000009814597 -0.000032062946 -0.000007820022 -0.000207807455
0.000661917402 0.000201403418 -0.002029223031 0.000012014704 -0.000177730143 0.000003245380 0.005623104173 0.000909778119 -0.000041905724 0.000058417488 -0.000037771281 0.000408106015 0.000399882966
0.000713014546 0.000221001375 0.000011295144 -0.002015273771 -0.000290587947 -0.000008138458 -0.000911937973 0.005618890561 -0.000089635479 -0.000035836854 -0.000059923750 -0.000404137463 0.000402943784
0.004559066923 0.001405446672 -0.000140561740 -0.000247807095 0.004552145572 -0.000375418608 0.000051276455 0.000183625244 0.002931114529 0.000001431030 0.000001940083 -0.000010002877 0.000097313167
0.006896121929 0.009764856256 -0.000052294043 -0.000055243200 -0.000597288039 -0.002770108652 0.000020935749 0.000027998113 0.000337200941 0.000000812309 0.000002650264 -0.000000316707 0.000025680951
-0.000046142445 -0.000022050280 0.000937337057 -0.000152038140 0.000010882218 0.000002915569 0.000063957392 -0.000000054292 -0.000000815290 -0.000000958528 0.000000403252 -0.000002600207 -0.000001906073
-0.000063325259 -0.000014153672 0.000151507402 0.000936406394 0.000032465238 -0.000001499929 0.000000102305 0.000064147702 -0.000001027861 0.000000494763 0.000000933639 0.000001849766 -0.000002608412
-0.001101444710 0.001815916657 -0.000020237595 -0.000027973259 0.000313760744 -0.000684962404 0.000005394846 0.000006744576 0.000179970892 0.000000172250 0.000000576198 0.000000047731 0.000004281776
-0.000001702110 0.000003047818 0.000008017603 -0.000005531015 -0.000000030402 -0.000001256091 -0.000000623116 0.000000998797 0.000000104354 0.000071210728 -0.000000072560 -0.000000314590 0.000000039398
-0.000006333006 0.000007552912 -0.000004812602 -0.000008121350 -0.000000228289 -0.000003227117 -0.000000217215 0.000000232790 0.000000315097 -0.000000070518 0.000071680798 -0.000000103023 0.000000217762
-0.000001660894 0.000001329623 0.000041257446 -0.000040806789 -0.000001335587 -0.000000566030 -0.000017347238 0.000012315880 0.000000080705 -0.000000471138 -0.000000127133 0.000103997521 -0.000000034099
-0.000053338646 0.000005439061 0.000040110013 0.000040275114 0.000012335669 -0.000004783714 -0.000012304808 -0.000017147314 0.000000390023 -0.000000080184 0.000000481480 -0.000000038341 0.000104196395

Trandens between roots 1 0
13 13
0.063943475231 -0.160928335900 0.000661917402 0.000713014546 0.004559066923 0.006896121929 -0.000046142445 -0.000063325259 -0.001101444710 -0.000001702110 -0.000006333006 -0.000001660894 -0.000053338646
1.232306843289 -0.062340176776 0.000201403418 0.000221001375 0.001405446672 0.009764856256 -0.000022050280 -0.000014153672 0.001815916657 0.000003047818 0.000007552912 0.000001329623 0.000005439061
-0.009622689790 0.000253073388 -0.002029223031 0.000011295144 -0.000140561740 -0.000052294043 0.000937337057 0.000151507402 -0.000020237595 0.000008017603 -0.000004812602 0.000041257446 0.000040110013
-0.010671170554 0.000148743619 0.000012014704 -0.002015273771 -0.000247807095 -0.000055243200 -0.000152038140 0.000936406394 -0.000027973259 -0.000005531015 -0.000008121350 -0.000040806789 0.000040275114
-0.042934642235 0.009949711453 -0.000177730143 -0.000290587947 0.004552145572 -0.000597288039 0.000010882218 0.000032465238 0.000313760744 -0.000000030402 -0.000000228289 -0.000001335587 0.000012335669
-0.481731343071 0.025456296091 0.000003245380 -0.000008138458 -0.000375418608 -0.002770108652 0.000002915569 -0.000001499929 -0.000684962404 -0.000001256091 -0.000003227117 -0.000000566030 -0.000004783714
0.003410668565 -0.000162798805 0.005623104173 -0.000911937973 0.000051276455 0.000020935749 0.000063957392 0.000000102305 0.000005394846 -0.000000623116 -0.000000217215 -0.000017347238 -0.000012304808
0.004469801307 -0.000208895297 0.000909778119 0.005618890561 0.000183625244 0.000027998113 -0.000000054292 0.000064147702 0.000006744576 0.000000998797 0.000000232790 0.000012315880 -0.000017147314
0.040675395524 -0.000559561414 -0.000041905724 -0.000089635479 0.002931114529 0.000337200941 -0.000000815290 -0.000001027861 0.000179970892 0.000000104354 0.000000315097 0.000000080705 0.000000390023
0.000106298397 -0.000009814597 0.000058417488 -0.000035836854 0.000001431030 0.000000812309 -0.000000958528 0.000000494763 0.000000172250 0.000071210728 -0.000000070518 -0.000000471138 -0.000000080184
0.000346326000 -0.000032062946 -0.000037771281 -0.000059923750 0.000001940083 0.000002650264 0.000000403252 0.000000933639 0.000000576198 -0.000000072560 0.000071680798 -0.000000127133 0.000000481480
-0.000081290178 -0.000007820022 0.000408106015 -0.000404137463 -0.000010002877 -0.000000316707 -0.000002600207 0.000001849766 0.000000047731 -0.000000314590 -0.000000103023 0.000103997521 -0.000000038341
0.003664834848 -0.000207807455 0.000399882966 0.000402943784 0.000097313167 0.000025680951 -0.000001906073 -0.000002608412 0.000004281776 0.000000039398 0.000000217762 -0.000000034099 0.000104196395

Trandens between roots 1 1
13 13
0.909048659623 0.397639310080 -0.001823578194 -0.001304846487 -0.056823804886 -0.139861797313 0.001255227384 0.001744263656 0.006135624279 0.000055829665 0.000170087195 0.000033297114 0.001267018330
0.397639310080 0.926412761641 -0.006754197999 -0.007238148478 -0.046791910927 -0.355317777561 0.002588581051 0.003418371944 0.029228676319 0.000088731761 0.000285024877 -0.000039066512 0.002810463510
-0.001823578194 -0.006754197999 0.003761957318 0.000053182347 0.000276809579 0.002622467910 -0.000606280019 -0.000114877853 -0.000261405773 -0.000009173747 0.000003231887 -0.000023073767 -0.000043839326
-0.001304846487 -0.007238148478 0.000053182347 0.003768519526 0.000267408576 0.002819471016 0.000079579245 -0.000606951628 -0.000314875736 0.000005079076 0.000006271973 0.000023397247 -0.000045843832
-0.056823804886 -0.046791910927 0.000276809579 0.000267408576 0.007831950057 0.017575678178 -0.000166355958 -0.000235534078 0.000840962220 -0.000004356496 -0.000013291702 -0.000002150163 -0.000100460236
-0.139861797313 -0.355317777561 0.002622467910 0.002819471016 0.017575678178 0.139998053079 -0.000975318881 -0.001284093848 -0.011065307605 -0.000034300385 -0.000111635615 0.000015565655 -0.001088313423
0.001255227384 0.002588581051 -0.000606280019 0.000079579245 -0.000166355958 -0.000975318881 0.003384614749 0.000009370823 0.000077307696 0.000036779287 -0.000015175002 0.000279219432 0.000205473120
0.001744263656 0.003418371944 -0.000114877853 -0.000606951628 -0.000235534078 -0.001284093848 0.000009370823 0.003388721097 0.000101285106 -0.000014571689 -0.000036536963 -0.000199668370 0.000287598878
0.006135624279 0.029228676319 -0.000261405773 -0.000314875736 0.000840962220 -0.011065307605 0.000077307696 0.000101285106 0.002110730353 0.000003199153 0.000010024663 -0.000002572149 0.000112826409
0.000055829665 0.000088731761 -0.000009173747 0.000005079076 -0.000004356496 -0.000034300385 0.000036779287 -0.000014571689 0.000003199153 0.000029757520 -0.000000331494 0.000003686015 0.000001167632
0.000170087195 0.000285024877 0.000003231887 0.000006271973 -0.000013291702 -0.000111635615 -0.000015175002 -0.000036536963 0.000010024663 -0.000000331494 0.000031100054 0.000000818970 -0.000002855056
0.000033297114 -0.000039066512 -0.000023073767 0.000023397247 -0.000002150163 0.000015565655 0.000279219432 -0.000199668370 -0.000002572149 0.000003686015 0.000000818970 0.000112150874 -0.000000217831
0.001267018330 0.002810463510 -0.000043839326 -0.000045843832 -0.000100460236 -0.001088313423 0.000205473120 0.000287598878 0.000112826409 0.000001167632 -0.000002855056 -0.000000217831 0.000121024109

State 0 :
Natural orbital occupations
13
1.936761619939 0.032891427907 0.009904371370 0.009900392484 0.008929281587 0.000297739491 0.000259109492 0.000259052005 0.000173856506 0.000167952431 0.000165304441 0.000144964171 0.000144928176
Natural orbitals (in MO basis)
13 13
-0.999976289292 0.000227366721 -0.000001018865 0.000012903762 0.003408119802 -0.005569395299 0.000001951091 0.000021084191 -0.000015017365 0.000075470266 0.002172635663 -0.000074596694 -0.000057147470
-0.000171942341 -0.999785255534 -0.000058218572 0.000140640666 0.019968415857 0.003834752444 -0.000021795974 -0.000032870060 -0.000008853527 0.000111957268 0.003976800702 -0.000266960401 -0.000216205889
-0.000053805904 -0.000381183086 0.924300485795 -0.380993856742 -0.013807210401 0.000253081983 -0.016112541675 -0.004693292697 -0.000084291723 0.000011993880 0.000537453660 0.001062825964 0.006194762151
-0.000117903570 -0.000718597436 -0.381242744364 -0.923788665344 -0.030771099179 0.000413408318 0.004698564795 -0.016092575958 0.000158444318 0.000020415215 0.000780051863 0.006161182733 -0.001126157025
0.003436191880 0.019822803192 0.001033640214 -0.033717169369 0.998967863026 -0.012400847323 -0.000164860014 -0.000987817897 0.000088689559 -0.000610153825 -0.019075736514 0.001004028659 0.000697029892
-0.005682902414 0.003733344985 -0.000065051616 0.000078005197 0.010841875416 0.996911164342 -0.001224628629 -0.002330727257 0.001328067793 -0.003644776385 -0.077345557352 -0.000142368082 -0.000070088840
0.000004356051 0.000013970143 -0.016823970378 0.003964986167 -0.000144784329 -0.001219916058 -0.988164527647 -0.122958323011 0.001511914194 -0.000236749489 0.003579058397 0.001199298229 0.089973611275
-0.000007269338 0.000014449035 0.003957878250 0.016825887814 -0.000403535413 -0.001730729177 0.122960787609 -0.988124839993 -0.002259208603 -0.000273677638 0.005289182928 0.090294585475 -0.001320956927
-0.001808589637 -0.004670877327 0.000065659673 -0.000006788698 -0.019939740986 -0.077134899983 -0.000888253152 -0.002300302676 0.007669627610 -0.035734039154 -0.995268448537 0.033216546643 0.024961424911
-0.000003398976 -0.000010232346 -0.000164666775 -0.000152394438 -0.000030539826 0.000428331469 -0.001603789570 0.001895712873 -0.952277941588 -0.305195023426 0.003518757047 -0.001983773124 0.000043689922
-0.000009290069 -0.000034411292 -0.000060034239 -0.000030065285 -0.000078778446 0.001058351677 -0.000675154434 0.000379550173 -0.305118298817 0.951609559925 -0.036460205624 0.002518481280 0.002155889450
-0.000002457134 -0.000020117875 -0.004415188048 -0.001801064493 -0.000054205473 0.000099123648 0.079286936007 -0.043097083691 0.000976445456 0.000094874532 0.001628865253 -0.567160913447 0.818632002106
-0.000022944313 -0.000169865800 -0.001807235114 0.004382891897 -0.000150706266 0.003577867171 0.042872577923 0.079603743594 -0.000758291758 -0.002122770872 0.041084025998 0.817936510834 0.566636340955

State 1 :
Natural orbital occupations
13
1.419082546947 0.558660681382 0.004794114373 0.004179132144 0.004164498363 0.003007347011 0.002946949337 0.002928812886 0.000076417088 0.000076198406 0.000030597256 0.000029183597 0.000023521209
Natural orbitals (in MO basis)
13 13
-0.639588232911 -0.766854009367 -0.044145982434 0.000007475571 0.000295172235 0.021799391478 0.000735840856 -0.013557068490 0.000292321201 0.000144745230 -0.000103884103 0.000066765243 0.015912102400
-0.717424108389 0.591728668099 -0.071885139667 -0.001496481384 -0.008390143523 -0.302100854614 -0.011761260130 0.188154994421 -0.000790829687 -0.000121781906 -0.000013742943 -0.000018186613 0.055799000849
0.004763683346 -0.005850054723 0.020868102044 -0.682224121719 -0.394219453924 -0.231922166144 -0.428731289545 -0.375429912367 0.004629423228 0.006804385855 -0.000546778161 -0.000551659258 -0.007383291003
0.004812558357 -0.007173101278 0.034035319909 0.394717419884 -0.681372867976 -0.252597582177 0.440818503275 -0.346795547737 0.006858800489 -0.004678527316 -0.000455320840 0.000705113815 -0.015260294189
0.052895575588 0.021028874097 -0.855424060453 0.001184453256 -0.030420937571 0.131657357800 0.013018542869 -0.123077992374 -0.001059982629 0.000417395239 -0.000630833474 0.000319788745 0.481071255053
0.270153129654 -0.245960833787 -0.163874112365 0.003107129431 0.011548383792 -0.771141255385 -0.032250960155 0.492928944657 -0.006081922366 -0.001063788565 0.000765404551 -0.000435981919 0.028390291271
-0.002074400488 0.001460540396 0.008269284983 0.572539733198 0.218146840639 -0.231388084994 -0.628129980631 -0.406649065778 0.043872136803 0.094851236926 0.007668057114 0.009551803317 0.003557206115
-0.002778494396 0.001808800203 0.010298292204 -0.217998265800 0.572897065278 -0.349760018694 0.467128446753 -0.522049625213 0.094366317204 -0.044541114342 0.010078015639 -0.007446948422 0.005085109285
-0.019648893558 0.027551730282 -0.482092385849 0.000325440750 0.000948390349 0.033080612187 0.001187318262 -0.033278262989 0.027608988158 0.002886356978 -0.000030910245 0.000353951043 -0.873765904779
-0.000076800165 0.000032528139 -0.000191348274 0.007827370046 -0.000276725534 -0.000745123836 -0.008229262818 -0.002176501208 0.000111612800 0.005963829712 -0.259991955947 -0.965522739452 -0.000204251666
-0.000242516463 0.000117292159 -0.000705146322 -0.000297799229 -0.008026736685 0.005491850867 -0.002064264155 0.006789119347 -0.007119451268 0.000567026675 0.965510099265 -0.259987766363 -0.000026626684
0.000007647079 -0.000094140039 0.000520136426 0.056183560120 -0.014748024497 0.001670438500 -0.087671851356 -0.003026120459 0.180602424291 -0.977896220575 0.000308617719 -0.004890596879 0.002248451845
-0.002205740271 0.001721449039 -0.009819448209 0.014562443498 0.055774155794 -0.040909478439 0.002012315577 -0.077493824762 -0.977564700646 -0.180622711749 -0.005698096227 0.000604225936 -0.024492029103

