Number of strings: 13 13, CI size = 169
String addressing array alpha: 1 13
0 1 2 3 4 5 6 7 8 9 10 11 12

Alpha strings 13 1
1
2
3
4
5
6
7
8
9
10
11
12
13

Is hamiltonian hermitian? 1
Implicit Hamiltonian constructed
E(core)= 0.000000000000
H(1,1) + E(core) energy = -0.768628962500
Davidson: iter=0 dim=0 root=0 eigenvalue=-0.768628962500
Davidson: iter=1 dim=1 root=0 eigenvalue=-0.813023502841
Davidson: iter=2 dim=2 root=0 eigenvalue=-0.820067569468
Davidson: iter=3 dim=3 root=0 eigenvalue=-0.823495344875
Davidson: iter=4 dim=4 root=0 eigenvalue=-0.826032591188
Davidson: iter=5 dim=5 root=0 eigenvalue=-0.826706559420
Davidson: iter=6 dim=6 root=0 eigenvalue=-0.826822373031
Davidson: iter=7 dim=7 root=0 eigenvalue=-0.826831048921
Davidson: iter=8 dim=8 root=0 eigenvalue=-0.826831936408
Davidson: iter=9 dim=9 root=0 eigenvalue=-0.826832063779
Davidson: iter=10 dim=10 root=0 eigenvalue=-0.826832076583
Davidson: iter=11 dim=11 root=0 eigenvalue=-0.826832078284
Davidson: iter=12 dim=12 root=0 eigenvalue=-0.826832078490
Davidson: iter=13 dim=13 root=0 eigenvalue=-0.826832078500
Davidson: iter=14 dim=14 root=0 eigenvalue=-0.826832078500
Davidson: iter=14 dim=14 root=1 eigenvalue=-0.753602048865
root no. 0 converged
Davidson: iter=15 dim=15 root=0 eigenvalue=-0.826832078500
Davidson: iter=15 dim=15 root=1 eigenvalue=-0.754869916696
Davidson: iter=16 dim=16 root=0 eigenvalue=-0.826832078500
Davidson: iter=16 dim=16 root=1 eigenvalue=-0.755003276352
Davidson: iter=17 dim=17 root=0 eigenvalue=-0.826832078500
Davidson: iter=17 dim=17 root=1 eigenvalue=-0.755019187517
Davidson: iter=18 dim=18 root=0 eigenvalue=-0.826832078500
Davidson: iter=18 dim=18 root=1 eigenvalue=-0.755019799106
Davidson: iter=19 dim=19 root=0 eigenvalue=-0.826832078500
Davidson: iter=19 dim=19 root=1 eigenvalue=-0.755019864416
Davidson: iter=20 dim=20 root=0 eigenvalue=-0.826832078500
Davidson: iter=20 dim=20 root=1 eigenvalue=-0.755019869505
Davidson: iter=21 dim=21 root=0 eigenvalue=-0.826832078500
Davidson: iter=21 dim=21 root=1 eigenvalue=-0.755019870370
Davidson: iter=22 dim=22 root=0 eigenvalue=-0.826832078500
Davidson: iter=22 dim=22 root=1 eigenvalue=-0.755019870410
Davidson: iter=23 dim=23 root=0 eigenvalue=-0.826832078500
Davidson: iter=23 dim=23 root=1 eigenvalue=-0.755019870414
Davidson: iter=24 dim=24 root=0 eigenvalue=-0.826832078500
Davidson: iter=24 dim=24 root=1 eigenvalue=-0.755019870415
root no. 1 converged
Davidson converged in 24 iterations.
E(core)= 0.000000000000
E(0)= -0.826832078500
E(1)= -0.755019870415
FCI Excitation energies = 2
0.000000000000 0.071812208085

Vacuum coefficients in CI state 0 = -0.851730711701
Vacuum coefficients in CI state 1 = 0.452221338850
Eigenvector 0 in string basis
0: -0.851730711701 seniority 0 ... 1
1
 | 1
1

1: -0.177753256554 seniority 2 ... 1
1
 | 1
2

5: -0.113664629252 seniority 2 ... 1
1
 | 1
6

13: -0.177753256554 seniority 2 ... 1
2
 | 1
1

14: 0.418914316168 seniority 0 ... 1
2
 | 1
2

65: -0.113664629252 seniority 2 ... 1
6
 | 1
1

Eigenvector 1 in string basis
0: 0.452221338850 seniority 0 ... 1
1
 | 1
1

1: -0.479917618188 seniority 2 ... 1
1
 | 1
2

2: -0.070371973200 seniority 2 ... 1
1
 | 1
3

5: -0.246795011961 seniority 2 ... 1
1
 | 1
6

9: -0.077992124032 seniority 2 ... 1
1
 | 1
10

13: -0.479917618193 seniority 2 ... 1
2
 | 1
1

14: 0.367373324106 seniority 0 ... 1
2
 | 1
2

18: 0.123672491580 seniority 2 ... 1
2
 | 1
6

26: -0.070371973201 seniority 2 ... 1
3
 | 1
1

28: -0.067915136604 seniority 0 ... 1
3
 | 1
3

42: -0.062348135046 seniority 0 ... 1
4
 | 1
4

56: -0.061904538140 seniority 0 ... 1
5
 | 1
5

65: -0.246795011962 seniority 2 ... 1
6
 | 1
1

66: 0.123672491581 seniority 2 ... 1
6
 | 1
2

70: -0.073657904123 seniority 0 ... 1
6
 | 1
6

117: -0.077992124032 seniority 2 ... 1
10
 | 1
1

Seniority vectors for all roots (nroots/seniority)
2 2
0.905002615920 0.094997384080
0.357804147627 0.642195852373

Calculating transition densities
Root 0 MO occupations numbers (density matrix diagonal)
13
1.545000050255 0.414479253922 0.006043812363 0.002768204424 0.002780412373 0.026290147738 0.000201184714 0.000127369497 0.000126858609 0.001902584206 0.000039388812 0.000047385571 0.000193347515
Root 1 MO occupations numbers (density matrix diagonal)
13
1.015737321285 0.765113328325 0.020494704971 0.007847383756 0.007738710826 0.163852203860 0.001741552950 0.000228768196 0.000231503754 0.015170376645 0.000178466291 0.000247074884 0.001418604258
Transition densities done:
Trandens between roots 0 0
13 13
1.545000050255 0.154208163174 0.071432318136 -0.000385352359 0.000747762421 0.195370059570 0.006898782979 -0.000077460603 -0.000072607851 0.048516591176 0.000872196777 -0.003522520717 0.014693044345
0.154208163174 0.414479253922 0.005922065285 -0.000080886926 0.000143853398 0.040126533931 0.005156535140 -0.000067974462 -0.000045322338 0.016815274545 0.000235419952 -0.000958882435 0.003996846907
0.071432318136 0.005922065285 0.006043812363 -0.000016279818 0.000030087886 0.008095262895 -0.000068736638 0.000003020136 -0.000001106710 0.002207316056 0.000035265938 -0.000141777381 0.000590201394
-0.000385352359 -0.000080886926 -0.000016279818 0.002768204424 -0.000005154437 -0.000046822333 -0.000003522900 -0.000206070376 0.000317332710 -0.000012970369 0.000026691837 0.000071742440 0.000011332435
0.000747762421 0.000143853398 0.000030087886 -0.000005154437 0.002780412373 0.000090740847 0.000010686557 0.000317928313 0.000205825333 0.000024991220 -0.000072459945 0.000023404187 0.000017029202
0.195370059570 0.040126533931 0.008095262895 -0.000046822333 0.000090740847 0.026290147738 0.001232429135 -0.000016666633 -0.000011997286 0.006713852735 0.000118731374 -0.000479003435 0.001998403803
0.006898782979 0.005156535140 -0.000068736638 -0.000003522900 0.000010686557 0.001232429135 0.000201184714 -0.000000994056 -0.000000669675 0.000344362487 0.000006087561 -0.000025852425 0.000108174971
-0.000077460603 -0.000067974462 0.000003020136 -0.000206070376 0.000317928313 -0.000016666633 -0.000000994056 0.000127369497 0.000000113743 -0.000004234086 -0.000015739338 -0.000003276077 -0.000001423427
-0.000072607851 -0.000045322338 -0.000001106710 0.000317332710 0.000205825333 -0.000011997286 -0.000000669675 0.000000113743 0.000126858609 -0.000003366677 -0.000003583668 0.000015371546 0.000002692392
0.048516591176 0.016815274545 0.002207316056 -0.000012970369 0.000024991220 0.006713852735 0.000344362487 -0.000004234086 -0.000003366677 0.001902584206 0.000031480191 -0.000127220321 0.000530566710
0.000872196777 0.000235419952 0.000035265938 0.000026691837 -0.000072459945 0.000118731374 0.000006087561 -0.000015739338 -0.000003583668 0.000031480191 0.000039388812 -0.000002211054 0.000009208834
-0.003522520717 -0.000958882435 -0.000141777381 0.000071742440 0.000023404187 -0.000479003435 -0.000025852425 -0.000003276077 0.000015371546 -0.000127220321 -0.000002211054 0.000047385571 -0.000037283317
0.014693044345 0.003996846907 0.000590201394 0.000011332435 0.000017029202 0.001998403803 0.000108174971 -0.000001423427 0.000002692392 0.000530566710 0.000009208834 -0.000037283317 0.000193347515

Trandens between roots 0 1
13 13
-0.532812575956 0.654859130171 0.122615970732 -0.000800609581 0.001541131498 0.394798724234 0.034828920243 -0.000473311237 -0.000308899950 0.122193444869 0.002184366290 -0.008733000704 0.036428142859
-0.562726017443 0.478617779496 0.041751731396 -0.000380662326 0.000693424725 0.191640848416 0.019785105617 -0.000283883486 -0.000170454916 0.058485263551 0.000956498953 -0.003827767767 0.015979425754
-0.024479207912 0.028950320112 0.001180737114 -0.000038101288 0.000072587073 0.018375527086 0.001153091835 -0.000014577891 -0.000011434998 0.005405875852 0.000084459873 -0.000334073603 0.001393112096
0.000201326045 -0.000215431868 -0.000036145151 -0.004557073239 -0.000009944565 -0.000119762220 -0.000011792664 -0.000153706596 0.000235878745 -0.000035575408 0.000082317695 0.000221566043 0.000035861080
-0.000372435133 0.000401601847 0.000068160293 -0.000009980012 -0.004533715627 0.000226729420 0.000025438866 0.000237456448 0.000153382318 0.000067214104 -0.000223065713 0.000073019288 0.000049997382
-0.099230962726 0.107667896044 0.017961383969 -0.000122243365 0.000233316353 0.056565306084 0.005456159529 -0.000076514779 -0.000047710176 0.017922606627 0.000320791360 -0.001279904705 0.005340329363
-0.008318609574 0.007792095377 0.001307441798 -0.000005379562 0.000005316299 0.003395891425 0.000279205848 -0.000005287760 -0.000003119947 0.001086715071 0.000019174803 -0.000078514107 0.000327860935
0.000107594885 -0.000099823889 -0.000018025940 0.000255110319 -0.000390962330 -0.000039755097 -0.000004758555 -0.000084160303 0.000000203750 -0.000013512887 -0.000024231007 -0.000004564590 -0.000004193619
0.000075175258 -0.000071826364 -0.000011216654 -0.000396576780 -0.000255666021 -0.000032596892 -0.000003343361 0.000000176894 -0.000084836525 -0.000010328227 -0.000005558810 0.000024072870 0.000002608379
-0.031520967388 0.032651096068 0.004797005561 -0.000034861172 0.000065740261 0.017091138294 0.001580974351 -0.000021945245 -0.000013877512 0.005179143121 0.000091417146 -0.000365571695 0.001525340230
-0.000473960353 0.000514353677 0.000086543525 -0.000027676627 0.000074511012 0.000282132336 0.000025837147 -0.000002983491 -0.000000819224 0.000086962716 -0.000066737956 -0.000006073131 0.000025345174
0.001925987413 -0.002086512292 -0.000350460298 -0.000070130555 -0.000030234001 -0.001143233173 -0.000104884319 0.000000864152 0.000003394739 -0.000352291169 -0.000006148996 -0.000043687426 -0.000102574751
-0.008025683429 0.008698391434 0.001463631181 -0.000025417973 0.000008767519 0.004767503237 0.000437423921 -0.000006075327 -0.000003259428 0.001469264330 0.000025674209 -0.000102545592 0.000360615368

Trandens between roots 1 0
13 13
-0.532812575956 -0.562726017443 -0.024479207912 0.000201326045 -0.000372435133 -0.099230962726 -0.008318609574 0.000107594885 0.000075175258 -0.031520967388 -0.000473960353 0.001925987413 -0.008025683429
0.654859130171 0.478617779496 0.028950320112 -0.000215431868 0.000401601847 0.107667896044 0.007792095377 -0.000099823889 -0.000071826364 0.032651096068 0.000514353677 -0.002086512292 0.008698391434
0.122615970732 0.041751731396 0.001180737114 -0.000036145151 0.000068160293 0.017961383969 0.001307441798 -0.000018025940 -0.000011216654 0.004797005561 0.000086543525 -0.000350460298 0.001463631181
-0.000800609581 -0.000380662326 -0.000038101288 -0.004557073239 -0.000009980012 -0.000122243365 -0.000005379562 0.000255110319 -0.000396576780 -0.000034861172 -0.000027676627 -0.000070130555 -0.000025417973
0.001541131498 0.000693424725 0.000072587073 -0.000009944565 -0.004533715627 0.000233316353 0.000005316299 -0.000390962330 -0.000255666021 0.000065740261 0.000074511012 -0.000030234001 0.000008767519
0.394798724234 0.191640848416 0.018375527086 -0.000119762220 0.000226729420 0.056565306084 0.003395891425 -0.000039755097 -0.000032596892 0.017091138294 0.000282132336 -0.001143233173 0.004767503237
0.034828920243 0.019785105617 0.001153091835 -0.000011792664 0.000025438866 0.005456159529 0.000279205848 -0.000004758555 -0.000003343361 0.001580974351 0.000025837147 -0.000104884319 0.000437423921
-0.000473311237 -0.000283883486 -0.000014577891 -0.000153706596 0.000237456448 -0.000076514779 -0.000005287760 -0.000084160303 0.000000176894 -0.000021945245 -0.000002983491 0.000000864152 -0.000006075327
-0.000308899950 -0.000170454916 -0.000011434998 0.000235878745 0.000153382318 -0.000047710176 -0.000003119947 0.000000203750 -0.000084836525 -0.000013877512 -0.000000819224 0.000003394739 -0.000003259428
0.122193444869 0.058485263551 0.005405875852 -0.000035575408 0.000067214104 0.017922606627 0.001086715071 -0.000013512887 -0.000010328227 0.005179143121 0.000086962716 -0.000352291169 0.001469264330
0.002184366290 0.000956498953 0.000084459873 0.000082317695 -0.000223065713 0.000320791360 0.000019174803 -0.000024231007 -0.000005558810 0.000091417146 -0.000066737956 -0.000006148996 0.000025674209
-0.008733000704 -0.003827767767 -0.000334073603 0.000221566043 0.000073019288 -0.001279904705 -0.000078514107 -0.000004564590 0.000024072870 -0.000365571695 -0.000006073131 -0.000043687426 -0.000102545592
0.036428142859 0.015979425754 0.001393112096 0.000035861080 0.000049997382 0.005340329363 0.000327860935 -0.000004193619 0.000002608379 0.001525340230 0.000025345174 -0.000102574751 0.000360615368

Trandens between roots 1 1
13 13
1.015737321285 -0.857169336794 -0.062990592754 0.000600981019 -0.001090072887 -0.302430717346 -0.034496119801 0.000492441406 0.000295653887 -0.100505274023 -0.001667098553 0.006670081599 -0.027847526544
-0.857169336794 0.765113328325 0.074225381804 -0.000616688982 0.001141943084 0.308530364644 0.032767505880 -0.000464080733 -0.000282924968 0.099412369272 0.001681772647 -0.006727482001 0.028079704646
-0.062990592754 0.074225381804 0.020494704971 -0.000085076055 0.000169639597 0.043809630577 0.004711622775 -0.000067168551 -0.000039278738 0.013302135033 0.000257241320 -0.001035409972 0.004319398547
0.000600981019 -0.000616688982 -0.000085076055 0.007847383756 0.000044700426 -0.000316230222 -0.000026770444 0.000384185488 -0.000594663956 -0.000098082585 -0.000168959116 -0.000440179823 -0.000122801893
-0.001090072887 0.001141943084 0.000169639597 0.000044700426 0.007738710826 0.000595907089 0.000042686958 -0.000589331005 -0.000384844325 0.000184831967 0.000455404734 -0.000171553928 -0.000007676222
-0.302430717346 0.308530364644 0.043809630577 -0.000316230222 0.000595907089 0.163852203860 0.014588510845 -0.000199991995 -0.000128532954 0.048821725423 0.000833802926 -0.003341227341 0.013939768454
-0.034496119801 0.032767505880 0.004711622775 -0.000026770444 0.000042686958 0.014588510845 0.001741552950 -0.000021217916 -0.000013002583 0.004652508043 0.000081671854 -0.000329310409 0.001375049430
0.000492441406 -0.000464080733 -0.000067168551 0.000384185488 -0.000589331005 -0.000199991995 -0.000021217916 0.000228768196 -0.000000551798 -0.000064988013 -0.000030276485 -0.000002119325 -0.000019310028
0.000295653887 -0.000282924968 -0.000039278738 -0.000594663956 -0.000384844325 -0.000128532954 -0.000013002583 -0.000000551798 0.000231503754 -0.000040673532 -0.000007280750 0.000031105616 -0.000004867233
-0.100505274023 0.099412369272 0.013302135033 -0.000098082585 0.000184831967 0.048821725423 0.004652508043 -0.000064988013 -0.000040673532 0.015170376645 0.000258738957 -0.001034732895 0.004317604329
-0.001667098553 0.001681772647 0.000257241320 -0.000168959116 0.000455404734 0.000833802926 0.000081671854 -0.000030276485 -0.000007280750 0.000258738957 0.000178466291 -0.000017914530 0.000074844791
0.006670081599 -0.006727482001 -0.001035409972 -0.000440179823 -0.000171553928 -0.003341227341 -0.000329310409 -0.000002119325 0.000031105616 -0.001034732895 -0.000017914530 0.000247074884 -0.000298686385
-0.027847526544 0.028079704646 0.004319398547 -0.000122801893 -0.000007676222 0.013939768454 0.001375049430 -0.000019310028 -0.000004867233 0.004317604329 0.000074844791 -0.000298686385 0.001418604258

State 0 :
Natural orbital occupations
13
1.596040312679 0.394650884049 0.003094825315 0.002837153537 0.002821666178 0.000220127994 0.000075011599 0.000074373133 0.000068598060 0.000036833042 0.000035909080 0.000035506956 0.000008798377
Natural orbitals (in MO basis)
13 13
-0.981446397015 -0.139060443067 -0.003737549955 -0.000059370289 -0.000003019868 -0.119943306532 0.000018604233 0.000053455244 -0.001301099633 0.000279153674 -0.000063731389 -0.000082361746 -0.054981892731
-0.133103443973 0.989236800599 0.021247106842 0.000092750501 0.000068844354 -0.040332287894 0.000058146811 0.000033520227 -0.005736108210 -0.005581356331 -0.000128526886 -0.000559669858 -0.039388963878
-0.045277315323 -0.009618916509 0.936138718959 0.003788860065 0.002250816347 0.316223302928 -0.000734393696 -0.000037765162 0.124789878110 -0.011285294099 -0.000100149686 -0.000940077094 0.076051528600
0.000248595933 -0.000072143441 -0.000257732232 -0.338070829948 0.930358999842 -0.001682328359 -0.047850300635 -0.133263269614 -0.000302878539 -0.000614762789 -0.003362634470 0.008751616768 -0.000404497535
-0.000481224411 0.000106859420 -0.005746948799 0.930402570220 0.338051956305 0.003138438935 0.132806055881 -0.047963389212 0.000910577332 -0.000530447078 0.008830066649 0.003340205210 0.000799496737
-0.125939106609 0.034327897019 -0.324056721658 -0.005138052331 -0.000277698159 0.917474795841 -0.000429322147 -0.000391912763 -0.049701878855 -0.015518974084 0.000046761587 -0.000929719127 0.182891718138
-0.004775741247 0.010632770009 -0.131755114383 0.001654498313 0.000044445036 -0.001640914949 -0.023535038186 0.002509573131 0.976490458625 0.160688574401 0.005242081921 0.014090493757 0.048565865009
0.000054504100 -0.000144860368 0.001835803250 0.135069724081 -0.031296710381 -0.000389448440 -0.955079428641 -0.223347334650 -0.022259104807 -0.002750203345 0.131890388336 -0.028535244882 -0.000163547711
0.000049473969 -0.000089321733 0.000335321361 0.031138419353 0.135537238017 0.000225842979 -0.223263232573 0.955357332669 -0.007491376100 -0.014389718958 0.028039469218 0.130599183698 -0.000484389173
-0.031871224617 0.025724602611 0.005209171009 -0.000163150148 0.000074877948 -0.184622868921 0.001041376958 0.000627364622 -0.103628583023 0.351421862388 0.006171301852 0.032315701582 0.910433755017
-0.000567032398 0.000294596481 -0.001386453535 -0.028296909492 0.000145570021 -0.005342143725 0.132051368298 0.001096707322 0.008071341146 -0.069238918256 0.988162014514 0.005081435767 0.019505531364
0.002290789079 -0.001210170907 0.006193441755 -0.000144489647 0.027522149546 0.021025438247 0.000837714023 0.128366698875 -0.030736805875 0.296296599262 0.027301481452 -0.941452688634 -0.080384684265
-0.009555021351 0.005040791785 -0.026509019643 0.001213518402 0.006366612481 -0.087509684416 -0.007465836682 0.029371526939 0.126837327410 -0.870334097536 -0.066740551681 -0.307307573296 0.343657958586

State 1 :
Natural orbital occupations
13
1.885795016244 0.088767686783 0.007959151942 0.007815705791 0.007405147480 0.001260494258 0.000173932367 0.000171021967 0.000161259947 0.000139688561 0.000137160289 0.000135366133 0.000078368236
Natural orbitals (in MO basis)
13 13
0.725531755145 -0.507155787740 0.000106559223 0.000006677186 0.015344944048 -0.422858809133 -0.000092892630 -0.000228634787 0.011569806342 0.012407808589 0.001708122174 0.000226532275 0.192511776355
-0.634606922223 -0.238645376306 0.000699147547 0.000066802781 0.096299947920 -0.643033858895 -0.000660212933 -0.000458479934 0.047234727771 0.008115597829 0.001906300456 0.000459844048 0.339491160050
-0.056203499944 -0.310222187137 0.005924532229 0.003728675479 0.891024403287 0.299417275851 -0.000632398734 -0.000611071067 0.071208545024 -0.107487995430 -0.009824430135 -0.000197071837 -0.016047059589
0.000489269650 0.001531898325 0.934694274242 0.337651724683 -0.006761054888 -0.000898184912 -0.050145665290 -0.017031912700 -0.002011486851 -0.009195780548 0.090851600110 -0.033786225633 0.000131451525
-0.000899194067 -0.003136293582 0.337708265185 -0.934597487544 -0.000236821201 0.002239167992 -0.017712737322 0.048694594300 -0.001167691364 -0.004100834686 0.032703903120 0.093232545015 -0.000106784820
-0.245238742186 -0.741858962805 -0.002376032088 0.003028059548 -0.421930444644 0.457869480233 -0.000279084130 0.000237178957 -0.006579834861 0.041367232295 0.003974932045 -0.000254650408 0.006936981302
-0.026574667492 -0.040813226831 0.000524899683 0.002072403897 0.120968280656 -0.026044379460 0.012459559579 0.020078740299 -0.851086283659 0.502497155358 0.041740576054 0.006794280266 -0.055801207987
0.000377355258 0.000527343592 0.020740519677 0.089813316188 -0.002489377017 -0.000298963218 0.208733392245 0.854519093682 0.019601166634 -0.003473818844 -0.102784042108 0.454712379623 0.000032603163
0.000228952893 0.000386068766 -0.088995832012 0.020923027017 -0.000147947014 0.000245457647 -0.864258531930 0.207378386866 -0.017417181605 -0.053521760510 0.432973896517 0.105154681582 0.001113858101
-0.079628109955 -0.184203638595 -0.000108509636 0.000047960106 -0.014932473057 -0.309061519088 0.005100863098 -0.002714427929 -0.159050082206 -0.389570930352 -0.040018828285 -0.002356808202 -0.827818507715
-0.001336847282 -0.003517013652 -0.000448558631 -0.063047143029 0.003533016055 -0.006556048722 0.007108738821 0.472374921454 0.031672840577 0.041856503082 0.010441379427 -0.877164921101 -0.022004057498
0.005348067128 0.014054467364 -0.060985132743 -0.000378062207 -0.013586411189 0.025810634090 0.445735052958 -0.001361556375 -0.112350324570 -0.255069712725 0.842967463381 -0.005841604429 0.090613175994
-0.022324244386 -0.058563279101 -0.013725646303 0.003490739896 0.058614862206 -0.107192559068 0.088015787103 -0.024061116045 0.478076918798 0.715860192133 0.280142226192 0.053299360842 -0.387667235161

