Number of strings: 13 13, CI size = 169
String addressing array alpha: 1 13
0 1 2 3 4 5 6 7 8 9 10 11 12

Alpha strings 13 1
1
2
3
4
5
6
7
8
9
10
11
12
13

Is hamiltonian hermitian? 1
Implicit Hamiltonian constructed
E(core)= 0.000000000000
H(1,1) + E(core) energy = -0.714474015800
Davidson: iter=0 dim=0 root=0 eigenvalue=-0.714474015800
Davidson: iter=1 dim=1 root=0 eigenvalue=-0.764658943055
Davidson: iter=2 dim=2 root=0 eigenvalue=-0.782582172486
Davidson: iter=3 dim=3 root=0 eigenvalue=-0.790508093542
Davidson: iter=4 dim=4 root=0 eigenvalue=-0.794010563988
Davidson: iter=5 dim=5 root=0 eigenvalue=-0.794878280635
Davidson: iter=6 dim=6 root=0 eigenvalue=-0.795034328571
Davidson: iter=7 dim=7 root=0 eigenvalue=-0.795049991473
Davidson: iter=8 dim=8 root=0 eigenvalue=-0.795053203465
Davidson: iter=9 dim=9 root=0 eigenvalue=-0.795053411026
Davidson: iter=10 dim=10 root=0 eigenvalue=-0.795053429408
Davidson: iter=11 dim=11 root=0 eigenvalue=-0.795053431833
Davidson: iter=12 dim=12 root=0 eigenvalue=-0.795053431965
Davidson: iter=13 dim=13 root=0 eigenvalue=-0.795053431976
Davidson: iter=14 dim=14 root=0 eigenvalue=-0.795053431977
Davidson: iter=14 dim=14 root=1 eigenvalue=-0.728006515695
root no. 0 converged
Davidson: iter=15 dim=15 root=0 eigenvalue=-0.795053431977
Davidson: iter=15 dim=15 root=1 eigenvalue=-0.728857499678
Davidson: iter=16 dim=16 root=0 eigenvalue=-0.795053431977
Davidson: iter=16 dim=16 root=1 eigenvalue=-0.728884999032
Davidson: iter=17 dim=17 root=0 eigenvalue=-0.795053431977
Davidson: iter=17 dim=17 root=1 eigenvalue=-0.728886318320
Davidson: iter=18 dim=18 root=0 eigenvalue=-0.795053431977
Davidson: iter=18 dim=18 root=1 eigenvalue=-0.728886645856
Davidson: iter=19 dim=19 root=0 eigenvalue=-0.795053431977
Davidson: iter=19 dim=19 root=1 eigenvalue=-0.728886665255
Davidson: iter=20 dim=20 root=0 eigenvalue=-0.795053431977
Davidson: iter=20 dim=20 root=1 eigenvalue=-0.728886666337
Davidson: iter=21 dim=21 root=0 eigenvalue=-0.795053431977
Davidson: iter=21 dim=21 root=1 eigenvalue=-0.728886666420
Davidson: iter=22 dim=22 root=0 eigenvalue=-0.795053431977
Davidson: iter=22 dim=22 root=1 eigenvalue=-0.728886666431
Davidson: iter=23 dim=23 root=0 eigenvalue=-0.795053431977
Davidson: iter=23 dim=23 root=1 eigenvalue=-0.728886666432
Davidson: iter=24 dim=24 root=0 eigenvalue=-0.795053431977
Davidson: iter=24 dim=24 root=1 eigenvalue=-0.728886666432
root no. 1 converged
Davidson converged in 24 iterations.
E(core)= 0.000000000000
E(0)= -0.795053431977
E(1)= -0.728886666432
FCI Excitation energies = 2
0.000000000000 0.066166765545

Vacuum coefficients in CI state 0 = 0.658271373068
Vacuum coefficients in CI state 1 = 0.694129163136
Eigenvector 0 in string basis
0: 0.658271373068 seniority 0 ... 1
1
 | 1
1

1: 0.330075746047 seniority 2 ... 1
1
 | 1
2

2: -0.161431609698 seniority 2 ... 1
1
 | 1
3

13: 0.330075746008 seniority 2 ... 1
2
 | 1
1

14: -0.534397048071 seniority 0 ... 1
2
 | 1
2

15: -0.051801787004 seniority 2 ... 1
2
 | 1
3

26: -0.161431609697 seniority 2 ... 1
3
 | 1
1

27: -0.051801787010 seniority 2 ... 1
3
 | 1
2

Eigenvector 1 in string basis
0: 0.694129163136 seniority 0 ... 1
1
 | 1
1

1: -0.414395522626 seniority 2 ... 1
1
 | 1
2

2: 0.170716965484 seniority 2 ... 1
1
 | 1
3

6: 0.050255716955 seniority 2 ... 1
1
 | 1
7

13: -0.414395524175 seniority 2 ... 1
2
 | 1
1

14: 0.242251518753 seniority 0 ... 1
2
 | 1
2

15: -0.087681411966 seniority 2 ... 1
2
 | 1
3

26: 0.170716965550 seniority 2 ... 1
3
 | 1
1

27: -0.087681412215 seniority 2 ... 1
3
 | 1
2

28: -0.123130061280 seniority 0 ... 1
3
 | 1
3

42: -0.067898032127 seniority 0 ... 1
4
 | 1
4

56: -0.069328933407 seniority 0 ... 1
5
 | 1
5

70: -0.069308330327 seniority 0 ... 1
6
 | 1
6

78: 0.050255716980 seniority 2 ... 1
7
 | 1
1

Seniority vectors for all roots (nroots/seniority)
2 2
0.720747445242 0.279252554758
0.570584064043 0.429415935957

Calculating transition densities
Root 0 MO occupations numbers (density matrix diagonal)
13
1.140036084669 0.794706720566 0.060132815370 0.001199987189 0.000347114006 0.000346995028 0.001929088957 0.000019953504 0.000019957853 0.001242173580 0.000007640779 0.000005750444 0.000005718057
Root 1 MO occupations numbers (density matrix diagonal)
13
1.374468401095 0.479117368715 0.104219552649 0.012278320651 0.009630692752 0.009624742901 0.006757434200 0.000236234126 0.000236352731 0.002933469971 0.000172495548 0.000162542821 0.000162391839
Transition densities done:
Trandens between roots 0 0
13 13
1.140036084669 0.097749506484 -0.258827049350 0.016035428479 0.000156887658 -0.000071739443 -0.034514416863 0.000001916231 0.000057739003 0.033866095623 0.001001374187 -0.000122887852 0.000009316180
0.097749506484 0.794706720566 -0.054719809454 0.020202162855 0.000191911714 -0.000089813079 -0.028839821515 -0.000004317486 0.000049122180 0.016295707585 0.000294112441 -0.000039761661 0.000022954915
-0.258827049350 -0.054719809454 0.060132815370 -0.004475776457 -0.000043707616 0.000020008982 0.008915793162 -0.000000234316 -0.000015008787 -0.008232868676 -0.000237777983 0.000029335242 -0.000003059952
0.016035428479 0.020202162855 -0.004475776457 0.001199987189 0.000008774336 -0.000003819016 -0.001223244629 0.000000114739 0.000001680344 0.000752435223 0.000053296960 -0.000006720958 0.000000370818
0.000156887658 0.000191911714 -0.000043707616 0.000008774336 0.000347114006 -0.000000162638 -0.000011677284 -0.000002683123 0.000064660376 0.000007209678 0.000000443146 -0.000000682376 0.000024180101
-0.000071739443 -0.000089813079 0.000020008982 -0.000003819016 -0.000000162638 0.000346995028 0.000005446414 0.000064641065 0.000002665565 -0.000003372152 -0.000003180707 -0.000023990072 -0.000000411252
-0.034514416863 -0.028839821515 0.008915793162 -0.001223244629 -0.000011677284 0.000005446414 0.001929088957 0.000000113507 -0.000003259185 -0.001453797284 -0.000044921757 0.000005630969 -0.000000974729
0.000001916231 -0.000004317486 -0.000000234316 0.000000114739 -0.000002683123 0.000064641065 0.000000113507 0.000019953504 0.000000003408 -0.000000012041 -0.000000632421 -0.000005099413 -0.000000299356
0.000057739003 0.000049122180 -0.000015008787 0.000001680344 0.000064660376 0.000002665565 -0.000003259185 0.000000003408 0.000019957853 0.000002420840 0.000000046757 -0.000000354658 0.000005137772
0.033866095623 0.016295707585 -0.008232868676 0.000752435223 0.000007209678 -0.000003372152 -0.001453797284 -0.000000012041 0.000002420840 0.001242173580 0.000030313206 -0.000003781798 0.000000652824
0.001001374187 0.000294112441 -0.000237777983 0.000053296960 0.000000443146 -0.000003180707 -0.000044921757 -0.000000632421 0.000000046757 0.000030313206 0.000007640779 -0.000000236194 -0.000000003097
-0.000122887852 -0.000039761661 0.000029335242 -0.000006720958 -0.000000682376 -0.000023990072 0.000005630969 -0.000005099413 -0.000000354658 -0.000003781798 -0.000000236194 0.000005750444 -0.000000016961
0.000009316180 0.000022954915 -0.000003059952 0.000000370818 0.000024180101 -0.000000411252 -0.000000974729 -0.000000299356 0.000005137772 0.000000652824 -0.000000003097 -0.000000016961 0.000005718057

Trandens between roots 0 1
13 13
0.579666120773 -0.354349115127 0.207495853798 -0.027302783660 -0.000233659132 0.000120676632 0.052100008697 0.000003965986 -0.000073121216 -0.036712400744 -0.001436889832 0.000177059733 0.000016168778
0.884789076166 -0.524226985633 0.219006762609 -0.045104730549 -0.000399837847 0.000201258885 0.061393479807 0.000007967387 -0.000090233903 -0.038124553038 -0.001185436909 0.000147769689 0.000020063013
-0.167992097497 0.101922200420 -0.054904650351 0.007779793545 0.000066262617 -0.000034423015 -0.014207018383 -0.000001209634 0.000019979549 0.009798820617 0.000377694050 -0.000046588664 -0.000004533575
0.030186591511 -0.018158891066 0.007395428810 0.000718485755 -0.000004728316 0.000004863461 0.002063350049 0.000000650915 -0.000003279886 -0.001430891298 -0.000063168100 0.000007815407 0.000000345286
0.000290732083 -0.000175041345 0.000071049279 -0.000006411302 0.001809252232 -0.000000745576 0.000019660198 -0.000004843918 0.000115102188 -0.000014105581 -0.000000852991 0.000000443014 -0.000014225716
-0.000134603671 0.000080988040 -0.000032922092 0.000004863531 -0.000000749998 0.001808601472 -0.000009189795 0.000115032342 0.000004682488 0.000006352727 0.000002086956 0.000014061330 0.000000268767
-0.045306570748 0.027177257261 -0.012900381497 0.001792555591 0.000015285955 -0.000008011920 -0.003407237898 -0.000000341265 0.000004821562 0.002289026257 0.000081581718 -0.000010094876 -0.000000948971
-0.000004281715 0.000002544339 -0.000000717226 0.000001235678 -0.000012611797 0.000302843981 -0.000000226859 0.000060954493 -0.000000016964 0.000000151232 -0.000000031756 -0.000000419810 -0.000000022137
0.000078421084 -0.000047034341 0.000021483675 -0.000004814202 0.000302896284 0.000012497026 0.000005773882 -0.000000013487 0.000060964994 -0.000003982071 -0.000000175765 -0.000000009804 0.000000420825
0.030934546252 -0.018635890668 0.009728646496 -0.001686262693 -0.000015214428 0.000007410108 0.002528032516 0.000000250853 -0.000003710258 -0.001658962094 -0.000061489289 0.000007608332 0.000000815019
0.000713790751 -0.000446277527 0.000254953446 0.000093486510 0.000000705749 -0.000013699290 0.000057738141 -0.000001209310 -0.000000102819 -0.000048910264 0.000024371299 0.000000017652 -0.000000061377
-0.000091804696 0.000057239378 -0.000032129715 -0.000011704189 -0.000002909373 -0.000108468644 -0.000007354812 -0.000009819725 -0.000000651560 0.000006164047 0.000000020685 0.000024540671 0.000000007658
0.000029506436 -0.000017479252 0.000006928428 -0.000002635765 0.000109221620 -0.000001848480 0.000002103597 -0.000000582385 0.000009893985 -0.000001310327 -0.000000107818 0.000000013472 0.000024544287

Trandens between roots 1 0
13 13
0.579666120773 0.884789076166 -0.167992097497 0.030186591511 0.000290732083 -0.000134603671 -0.045306570748 -0.000004281715 0.000078421084 0.030934546252 0.000713790751 -0.000091804696 0.000029506436
-0.354349115127 -0.524226985633 0.101922200420 -0.018158891066 -0.000175041345 0.000080988040 0.027177257261 0.000002544339 -0.000047034341 -0.018635890668 -0.000446277527 0.000057239378 -0.000017479252
0.207495853798 0.219006762609 -0.054904650351 0.007395428810 0.000071049279 -0.000032922092 -0.012900381497 -0.000000717226 0.000021483675 0.009728646496 0.000254953446 -0.000032129715 0.000006928428
-0.027302783660 -0.045104730549 0.007779793545 0.000718485755 -0.000006411302 0.000004863531 0.001792555591 0.000001235678 -0.000004814202 -0.001686262693 0.000093486510 -0.000011704189 -0.000002635765
-0.000233659132 -0.000399837847 0.000066262617 -0.000004728316 0.001809252232 -0.000000749998 0.000015285955 -0.000012611797 0.000302896284 -0.000015214428 0.000000705749 -0.000002909373 0.000109221620
0.000120676632 0.000201258885 -0.000034423015 0.000004863461 -0.000000745576 0.001808601472 -0.000008011920 0.000302843981 0.000012497026 0.000007410108 -0.000013699290 -0.000108468644 -0.000001848480
0.052100008697 0.061393479807 -0.014207018383 0.002063350049 0.000019660198 -0.000009189795 -0.003407237898 -0.000000226859 0.000005773882 0.002528032516 0.000057738141 -0.000007354812 0.000002103597
0.000003965986 0.000007967387 -0.000001209634 0.000000650915 -0.000004843918 0.000115032342 -0.000000341265 0.000060954493 -0.000000013487 0.000000250853 -0.000001209310 -0.000009819725 -0.000000582385
-0.000073121216 -0.000090233903 0.000019979549 -0.000003279886 0.000115102188 0.000004682488 0.000004821562 -0.000000016964 0.000060964994 -0.000003710258 -0.000000102819 -0.000000651560 0.000009893985
-0.036712400744 -0.038124553038 0.009798820617 -0.001430891298 -0.000014105581 0.000006352727 0.002289026257 0.000000151232 -0.000003982071 -0.001658962094 -0.000048910264 0.000006164047 -0.000001310327
-0.001436889832 -0.001185436909 0.000377694050 -0.000063168100 -0.000000852991 0.000002086956 0.000081581718 -0.000000031756 -0.000000175765 -0.000061489289 0.000024371299 0.000000020685 -0.000000107818
0.000177059733 0.000147769689 -0.000046588664 0.000007815407 0.000000443014 0.000014061330 -0.000010094876 -0.000000419810 -0.000000009804 0.000007608332 0.000000017652 0.000024540671 0.000000013472
0.000016168778 0.000020063013 -0.000004533575 0.000000345286 -0.000014225716 0.000000268767 -0.000000948971 -0.000000022137 0.000000420825 0.000000815019 -0.000000061377 0.000000007658 0.000024544287

Trandens between roots 1 1
13 13
1.374468401095 -0.811035979578 0.266242431311 -0.057633300673 -0.000515760913 0.000257094705 0.087586935709 0.000011316468 -0.000127672586 -0.054612994531 -0.002081409133 0.000257946958 0.000032295830
-0.811035979578 0.479117368715 -0.161658605919 0.033415243337 0.000296273929 -0.000148955437 -0.052342560306 -0.000006614025 0.000075885196 0.032801458534 0.001259185836 -0.000155983606 -0.000019000578
0.266242431311 -0.161658605919 0.104219552649 -0.015616966413 -0.000129615430 0.000069268501 0.023654182513 0.000002272964 -0.000033731994 -0.015825833959 -0.000471336034 0.000058610721 0.000005720189
-0.057633300673 0.033415243337 -0.015616966413 0.012278320651 0.000050764480 -0.000011446234 -0.004209672144 0.000001134675 0.000005520397 0.002479783266 -0.000082189133 0.000010379835 -0.000001661987
-0.000515760913 0.000296273929 -0.000129615430 0.000050764480 0.009630692752 -0.000004336692 -0.000038485999 -0.000018451781 0.000434279994 0.000019407157 -0.000001959337 0.000004651184 -0.000176708921
0.000257094705 -0.000148955437 0.000069268501 -0.000011446234 -0.000004336692 0.009624742901 0.000018806241 0.000433583437 0.000017351426 -0.000011104976 0.000022298034 0.000175238659 0.000003161721
0.087586935709 -0.052342560306 0.023654182513 -0.004209672144 -0.000038485999 0.000018806241 0.006757434200 0.000000745503 -0.000009744826 -0.004208072404 -0.000154550642 0.000019152159 0.000002632983
0.000011316468 -0.000006614025 0.000002272964 0.000001134675 -0.000018451781 0.000433583437 0.000000745503 0.000236234126 -0.000000117270 -0.000000448345 -0.000000279797 -0.000002371081 -0.000000131271
-0.000127672586 0.000075885196 -0.000033731994 0.000005520397 0.000434279994 0.000017351426 -0.000009744826 -0.000000117270 0.000236352731 0.000005604020 0.000000115667 -0.000000189121 0.000002369159
-0.054612994531 0.032801458534 -0.015825833959 0.002479783266 0.000019407157 -0.000011104976 -0.004208072404 -0.000000448345 0.000005604020 0.002933469971 0.000088097005 -0.000010919059 -0.000001365244
-0.002081409133 0.001259185836 -0.000471336034 -0.000082189133 -0.000001959337 0.000022298034 -0.000154550642 -0.000000279797 0.000000115667 0.000088097005 0.000172495548 -0.000001237703 -0.000000315054
0.000257946958 -0.000155983606 0.000058610721 0.000010379835 0.000004651184 0.000175238659 0.000019152159 -0.000002371081 -0.000000189121 -0.000010919059 -0.000001237703 0.000162542821 0.000000017143
0.000032295830 -0.000019000578 0.000005720189 -0.000001661987 -0.000176708921 0.000003161721 0.000002632983 -0.000000131271 0.000002369159 -0.000001365244 -0.000000315054 0.000000017143 0.000162391839

State 0 :
Natural orbital occupations
13
1.228642758721 0.770018550725 0.000561550890 0.000361160644 0.000360947818 0.000020030930 0.000007695327 0.000007693120 0.000006944680 0.000004351076 0.000003924682 0.000003922849 0.000000468538
Natural orbitals (in MO basis)
13 13
-0.942904474380 -0.248855681271 -0.036820963426 -0.000043422535 0.000033011823 -0.189798204732 -0.000120393009 0.000109112612 -0.000473704870 0.002691002218 0.000225567866 0.000206327060 0.107774169029
-0.244463015994 0.967834892910 -0.032819404266 -0.000081611855 0.000060687987 -0.024711310274 0.000057465772 -0.000063989278 -0.010038727093 -0.005808561772 0.000056745578 0.000083884042 0.041366028293
0.220844880936 0.015579203856 -0.096774799454 -0.000000709069 0.000003191615 -0.912323142371 -0.000719185713 0.000633575759 0.008152293068 0.045919680219 0.000782728871 0.000552555906 0.327275167868
-0.017199777112 0.020199632417 0.963951057258 0.012460967818 -0.004412495344 -0.068528378841 0.000817850499 0.000029570629 -0.227087003589 0.056256258393 -0.000393559444 -0.000169454554 0.102418211386
-0.000167119091 0.000190414538 0.012323806404 -0.755068680116 0.624476080394 -0.001340293687 0.136336466559 -0.139526802090 -0.000040960086 -0.000423666606 -0.028961067159 -0.029194604747 0.000752596842
0.000076832212 -0.000089655492 -0.004448228284 0.624520755963 0.755109249778 0.000292469551 0.139702039699 0.136182550046 0.000900812908 -0.000176452258 -0.029592989463 0.028719152693 -0.000485661813
0.033935323631 -0.025026554012 -0.217586427967 -0.001048783475 0.000778543428 0.208582357283 0.004239815051 -0.004657274226 -0.781261715859 -0.119577465983 0.000013379374 0.000577123956 0.531658976599
-0.000000647420 -0.000006059825 -0.000259211549 0.124948254085 0.139014848063 0.000020560043 -0.665995520278 -0.706238950278 0.000646100948 0.000121264699 -0.103514532804 0.109651958873 -0.000086669237
-0.000056966490 0.000042974442 0.001155081389 -0.138932420475 0.125014720707 0.000572771014 -0.706069393528 0.666058973982 -0.007734194860 -0.000679377120 -0.110543598257 -0.103047091157 -0.000141568738
-0.030794089185 0.009452824536 -0.086138420361 -0.000219465154 0.000099736647 -0.263714128724 0.003288931483 -0.003630898639 -0.581126859956 0.157738376380 -0.001791249535 -0.002472214463 -0.747913228427
-0.000872502172 0.000044464272 0.063272556761 -0.004975784644 -0.006825270943 -0.114412845086 0.011418426151 0.012798998380 -0.010779509247 -0.970007364810 -0.077781443616 0.093860506841 -0.163247512416
0.000107836525 -0.000010070964 -0.007741946436 -0.042579297828 -0.054241168732 0.013741149879 0.102006452595 0.094526619403 0.001390187018 0.119799741723 -0.715399438094 0.670161427713 0.019721213038
-0.000012319011 0.000025835194 0.000033826465 -0.054190798180 0.043325025749 0.001807655543 -0.096156084834 0.102196794437 -0.002560791567 0.015443993426 0.676387482544 0.719546848890 -0.000289198078

State 1 :
Natural orbital occupations
13
1.917441139241 0.052231728528 0.009660627026 0.009646743073 0.009521223434 0.000367934329 0.000218211919 0.000218066703 0.000214076167 0.000163343162 0.000157246385 0.000157207233 0.000002452801
Natural orbitals (in MO basis)
13 13
0.846051347705 -0.192539045527 -0.006349139952 -0.002297716885 0.031933294050 0.163637243772 0.006350094553 0.003181498298 -0.084756188825 -0.029236093244 -0.000895742582 -0.001005453461 -0.459557112314
-0.499796562992 0.028304250073 -0.018178139323 -0.006568824783 0.090590760369 0.211022331027 0.011455650042 0.005727343199 -0.152384983697 -0.052881716060 -0.001487457769 -0.001648444838 -0.818599375370
0.170111538639 0.965094686813 0.017044084286 0.006179602155 -0.085276338019 0.173553108212 0.002387376749 0.001202814135 -0.032478961903 -0.003392153811 -0.000339513274 -0.000425835270 -0.029309619770
-0.035920025116 -0.093753006100 0.185358451442 0.072181890940 -0.970195000299 0.039660440115 0.002255020851 0.001318784625 -0.032674414260 -0.027653093171 -0.000655273963 -0.000844927954 -0.075236806941
-0.000320323629 -0.000668432203 0.933779578917 0.292344677859 0.200297970653 0.000074557246 0.038446019948 0.016966594977 0.002960355794 0.000730600367 -0.016381296892 -0.020651780904 -0.000594212601
0.000160167168 0.000408632025 -0.300970586953 0.952247192015 0.013265403140 -0.000172503218 -0.017135762947 0.038422255618 0.000313036626 0.000118606439 0.020541070307 -0.016544777332 0.000341164909
0.054735992781 0.115807960478 0.002578306997 0.000953959664 -0.014055184088 -0.826494299926 0.037620563166 0.019008286956 -0.504458177189 -0.156869854201 -0.001175805697 -0.001082904459 -0.139388568513
0.000006967119 0.000000738558 -0.015641701633 0.043308586796 0.000053383264 -0.000020072199 0.435607784080 -0.881832321450 -0.000834402745 0.000669821334 -0.140291240688 0.103992941838 0.000080116625
-0.000079669699 -0.000159078322 0.042451418166 0.015240872892 0.009463240732 0.001130617501 -0.878959153823 -0.433780789359 -0.081710221303 -0.008748892012 0.102417753901 0.141057366064 0.000287223794
-0.034270503539 -0.092290700965 -0.007294700616 -0.002643714274 0.035797468735 0.460474842733 0.061440758988 0.031073698628 -0.810936296134 -0.151928677161 -0.002681352817 -0.003168789864 0.302442466989
-0.001292994518 -0.000706964367 -0.004479666239 0.000835432575 0.018480756961 0.042795877747 -0.023072154657 0.012177948601 0.218331537659 -0.965343010756 -0.119004493160 0.046287741055 0.035538677658
0.000160250393 0.000092319419 -0.004644563870 0.017894400882 -0.001965109292 -0.005174141954 -0.064682058818 0.162180691860 -0.025752483148 0.119617625048 -0.746572814960 0.629904883333 -0.004302162440
0.000019872624 -0.000010168900 -0.017467274764 -0.005129143335 -0.003738407791 -0.003052026767 -0.160674287119 -0.067955641767 -0.018947481357 0.040113044426 -0.630550172369 -0.754751288399 0.000093571830

