Number of strings: 13 13, CI size = 169
String addressing array alpha: 1 13
0 1 2 3 4 5 6 7 8 9 10 11 12

Alpha strings 13 1
1
2
3
4
5
6
7
8
9
10
11
12
13

Is hamiltonian hermitian? 1
Implicit Hamiltonian constructed
E(core)= 0.000000000000
H(1,1) + E(core) energy = -0.655545477700
Davidson: iter=0 dim=0 root=0 eigenvalue=-0.655545477700
Davidson: iter=1 dim=1 root=0 eigenvalue=-0.716187981755
Davidson: iter=2 dim=2 root=0 eigenvalue=-0.746700463469
Davidson: iter=3 dim=3 root=0 eigenvalue=-0.758675125228
Davidson: iter=4 dim=4 root=0 eigenvalue=-0.763546244144
Davidson: iter=5 dim=5 root=0 eigenvalue=-0.764961563382
Davidson: iter=6 dim=6 root=0 eigenvalue=-0.765045536810
Davidson: iter=7 dim=7 root=0 eigenvalue=-0.765051138873
Davidson: iter=8 dim=8 root=0 eigenvalue=-0.765052017513
Davidson: iter=9 dim=9 root=0 eigenvalue=-0.765052135849
Davidson: iter=10 dim=10 root=0 eigenvalue=-0.765052141018
Davidson: iter=11 dim=11 root=0 eigenvalue=-0.765052141304
Davidson: iter=12 dim=12 root=0 eigenvalue=-0.765052141318
Davidson: iter=13 dim=13 root=0 eigenvalue=-0.765052141319
Davidson: iter=13 dim=13 root=1 eigenvalue=-0.671313355078
root no. 0 converged
Davidson: iter=14 dim=14 root=0 eigenvalue=-0.765052141319
Davidson: iter=14 dim=14 root=1 eigenvalue=-0.673415817915
Davidson: iter=15 dim=15 root=0 eigenvalue=-0.765052141319
Davidson: iter=15 dim=15 root=1 eigenvalue=-0.673474903527
Davidson: iter=16 dim=16 root=0 eigenvalue=-0.765052141319
Davidson: iter=16 dim=16 root=1 eigenvalue=-0.673485080532
Davidson: iter=17 dim=17 root=0 eigenvalue=-0.765052141319
Davidson: iter=17 dim=17 root=1 eigenvalue=-0.673485880397
Davidson: iter=18 dim=18 root=0 eigenvalue=-0.765052141319
Davidson: iter=18 dim=18 root=1 eigenvalue=-0.673485887100
Davidson: iter=19 dim=19 root=0 eigenvalue=-0.765052141319
Davidson: iter=19 dim=19 root=1 eigenvalue=-0.673485887731
Davidson: iter=20 dim=20 root=0 eigenvalue=-0.765052141319
Davidson: iter=20 dim=20 root=1 eigenvalue=-0.673485887781
Davidson: iter=21 dim=21 root=0 eigenvalue=-0.765052141319
Davidson: iter=21 dim=21 root=1 eigenvalue=-0.673485887786
Davidson: iter=22 dim=22 root=0 eigenvalue=-0.765052141319
Davidson: iter=22 dim=22 root=1 eigenvalue=-0.673485887786
root no. 1 converged
Davidson converged in 22 iterations.
E(core)= 0.000000000000
E(0)= -0.765052141319
E(1)= -0.673485887786
FCI Excitation energies = 2
0.000000000000 0.091566253534

Vacuum coefficients in CI state 0 = 0.562676755530
Vacuum coefficients in CI state 1 = -0.764713812164
Eigenvector 0 in string basis
0: 0.562676755530 seniority 0 ... 1
1
 | 1
1

1: 0.372978276627 seniority 2 ... 1
1
 | 1
2

2: -0.155517962136 seniority 2 ... 1
1
 | 1
3

13: 0.372978276606 seniority 2 ... 1
2
 | 1
1

14: -0.582442085113 seniority 0 ... 1
2
 | 1
2

15: -0.082892095486 seniority 2 ... 1
2
 | 1
3

26: -0.155517962136 seniority 2 ... 1
3
 | 1
1

27: -0.082892095489 seniority 2 ... 1
3
 | 1
2

Eigenvector 1 in string basis
0: -0.764713812164 seniority 0 ... 1
1
 | 1
1

1: 0.383082925200 seniority 2 ... 1
1
 | 1
2

2: -0.128847258368 seniority 2 ... 1
1
 | 1
3

13: 0.383082924797 seniority 2 ... 1
2
 | 1
1

14: -0.189646250032 seniority 0 ... 1
2
 | 1
2

15: 0.084587612008 seniority 2 ... 1
2
 | 1
3

26: -0.128847258367 seniority 2 ... 1
3
 | 1
1

27: 0.084587611943 seniority 2 ... 1
3
 | 1
2

28: 0.135272379041 seniority 0 ... 1
3
 | 1
3

42: 0.068098509559 seniority 0 ... 1
4
 | 1
4

56: 0.069429132058 seniority 0 ... 1
5
 | 1
5

70: 0.069188374505 seniority 0 ... 1
6
 | 1
6

Seniority vectors for all roots (nroots/seniority)
2 2
0.657611772455 0.342388227545
0.653957477685 0.346042522315

Calculating transition densities
Root 0 MO occupations numbers (density matrix diagonal)
13
0.961677307174 0.970497540698 0.065750116203 0.000063994952 0.000004118603 0.000004332487 0.001886321175 0.000114206135 0.000000287634 0.000000250902 0.000000075286 0.000000942573 0.000000506177
Root 1 MO occupations numbers (density matrix diagonal)
13
1.499859356175 0.380841897815 0.084325282367 0.009376897401 0.009690763046 0.009623551713 0.004972928897 0.000367135840 0.000241861024 0.000240421134 0.000151275382 0.000154758457 0.000153870750
Transition densities done:
Trandens between roots 0 0
13 13
0.961677307174 0.011088881662 -0.250359844248 0.005237334782 0.000128253992 0.000023500855 0.036038535923 -0.009937343995 0.000203246127 -0.000060892009 -0.000002048561 0.000829255902 -0.000565227885
0.011088881662 0.970497540698 -0.026417942192 -0.004463342657 -0.000107001810 -0.000000207124 0.023199427895 -0.003303497609 0.000066663223 -0.000021706306 -0.000026544751 0.000384688922 -0.000327338493
-0.250359844248 -0.026417942192 0.065750116203 -0.001249355208 -0.000030650589 -0.000006126794 -0.009935705759 0.002663323781 -0.000054449621 0.000016358054 0.000001187980 -0.000225081367 0.000155012378
0.005237334782 -0.004463342657 -0.001249355208 0.000063994952 0.000001453403 0.000000027199 0.000086695920 -0.000042700975 0.000000871314 -0.000000247394 0.000000159839 0.000002378482 -0.000001267832
0.000128253992 -0.000107001810 -0.000030650589 0.000001453403 0.000004118603 0.000000084475 0.000002178739 -0.000001045587 0.000000348624 0.000000023178 -0.000000281215 -0.000000001119 -0.000000101743
0.000023500855 -0.000000207124 -0.000006126794 0.000000027199 0.000000084475 0.000004332487 0.000000878652 -0.000000229438 0.000000038897 -0.000000334944 0.000000097173 -0.000000165659 -0.000000193887
0.036038535923 0.023199427895 -0.009935705759 0.000086695920 0.000002178739 0.000000878652 0.001886321175 -0.000446417127 0.000009108789 -0.000002771243 -0.000000709073 0.000039976166 -0.000028787199
-0.009937343995 -0.003303497609 0.002663323781 -0.000042700975 -0.000001045587 -0.000000229438 -0.000446417127 0.000114206135 -0.000002328245 0.000000700091 0.000000098051 -0.000009701260 0.000006816315
0.000203246127 0.000066663223 -0.000054449621 0.000000871314 0.000000348624 0.000000038897 0.000009108789 -0.000002328245 0.000000287634 -0.000000017556 -0.000000035764 0.000000188671 -0.000000149305
-0.000060892009 -0.000021706306 0.000016358054 -0.000000247394 0.000000023178 -0.000000334944 -0.000002771243 0.000000700091 -0.000000017556 0.000000250902 -0.000000014579 -0.000000038578 0.000000062410
-0.000002048561 -0.000026544751 0.000001187980 0.000000159839 -0.000000281215 0.000000097173 -0.000000709073 0.000000098051 -0.000000035764 -0.000000014579 0.000000075286 -0.000000013474 0.000000011896
0.000829255902 0.000384688922 -0.000225081367 0.000002378482 -0.000000001119 -0.000000165659 0.000039976166 -0.000009701260 0.000000188671 -0.000000038578 -0.000000013474 0.000000942573 -0.000000617538
-0.000565227885 -0.000327338493 0.000155012378 -0.000001267832 -0.000000101743 -0.000000193887 -0.000028787199 0.000006816315 -0.000000149305 0.000000062410 0.000000011896 -0.000000617538 0.000000506177

Trandens between roots 0 1
13 13
-0.532176897283 0.261924061063 -0.124596832117 -0.002367487271 -0.000053877062 -0.000002203017 0.033452543247 -0.006152859671 0.000124599165 -0.000033713425 -0.000050014365 0.000560643250 -0.000333417403
-0.995324076786 0.492665252062 -0.217072635605 -0.006801700295 -0.000159240867 -0.000007309181 0.059179841217 -0.010135337405 0.000203481805 -0.000055129203 -0.000090036987 0.001048387488 -0.000618403170
0.162900053656 -0.080271044126 0.037545925485 0.000687756676 0.000015579602 0.000001176281 -0.010129545000 0.001854348569 -0.000037521964 0.000010058148 0.000015196356 -0.000171524124 0.000101849009
0.002156008237 -0.001112446991 0.000177404431 -0.000325730837 -0.000003100555 0.000003099450 -0.000075336676 0.000044652176 -0.000000527701 -0.000000111735 0.000000037476 -0.000001386899 0.000000700792
0.000050476594 -0.000026095310 0.000003820954 -0.000003105165 -0.000198547564 -0.000001632822 -0.000001721577 0.000000729368 -0.000016007958 -0.000001443025 0.000001397115 0.000000251713 0.000000354117
-0.000012729985 0.000006321248 -0.000002764089 0.000002484525 -0.000001644958 -0.000203809716 0.000000795461 -0.000000460904 -0.000001654447 0.000016307908 -0.000000476282 0.000000921706 0.000000828357
-0.043279508135 0.021376590037 -0.009691765963 -0.000167974249 -0.000003873245 -0.000000303446 0.002632366099 -0.000476307238 0.000009610720 -0.000002552231 -0.000003978361 0.000045292193 -0.000026817639
0.008647736767 -0.004256594085 0.002029774988 0.000120814349 0.000002540924 -0.000000236963 -0.000545165187 0.000084029489 -0.000001845913 0.000000588075 0.000000836301 -0.000009594098 0.000005723804
-0.000175781091 0.000086507907 -0.000041364295 -0.000002112703 -0.000016140635 -0.000001498019 0.000011099332 -0.000001864729 -0.000007422971 0.000000020899 0.000000399804 0.000000309742 0.000000010317
0.000054865070 -0.000027041390 0.000012625100 0.000000615479 -0.000001569700 0.000016032191 -0.000003418166 0.000000630295 0.000000020152 -0.000007530538 0.000000193130 -0.000000325316 -0.000000211409
0.000028843699 -0.000014342004 0.000005905706 -0.000001073700 0.000012478665 -0.000004260215 -0.000001647365 0.000000398209 0.000001257461 0.000000572948 -0.000002903697 -0.000000021255 0.000000002243
-0.000842517122 0.000415990067 -0.000190459334 0.000004332391 0.000002659362 0.000007859429 0.000051025639 -0.000010229814 0.000000552543 -0.000000847047 -0.000000068202 -0.000002253406 -0.000000390100
0.000642668819 -0.000317567460 0.000143552357 -0.000003701363 0.000002888663 0.000007634948 -0.000038734517 0.000007758972 0.000000226719 -0.000000717776 0.000000043198 -0.000000540476 -0.000002477123

Trandens between roots 1 0
13 13
-0.532176897283 -0.995324076786 0.162900053656 0.002156008237 0.000050476594 -0.000012729985 -0.043279508135 0.008647736767 -0.000175781091 0.000054865070 0.000028843699 -0.000842517122 0.000642668819
0.261924061063 0.492665252062 -0.080271044126 -0.001112446991 -0.000026095310 0.000006321248 0.021376590037 -0.004256594085 0.000086507907 -0.000027041390 -0.000014342004 0.000415990067 -0.000317567460
-0.124596832117 -0.217072635605 0.037545925485 0.000177404431 0.000003820954 -0.000002764089 -0.009691765963 0.002029774988 -0.000041364295 0.000012625100 0.000005905706 -0.000190459334 0.000143552357
-0.002367487271 -0.006801700295 0.000687756676 -0.000325730837 -0.000003105165 0.000002484525 -0.000167974249 0.000120814349 -0.000002112703 0.000000615479 -0.000001073700 0.000004332391 -0.000003701363
-0.000053877062 -0.000159240867 0.000015579602 -0.000003100555 -0.000198547564 -0.000001644958 -0.000003873245 0.000002540924 -0.000016140635 -0.000001569700 0.000012478665 0.000002659362 0.000002888663
-0.000002203017 -0.000007309181 0.000001176281 0.000003099450 -0.000001632822 -0.000203809716 -0.000000303446 -0.000000236963 -0.000001498019 0.000016032191 -0.000004260215 0.000007859429 0.000007634948
0.033452543247 0.059179841217 -0.010129545000 -0.000075336676 -0.000001721577 0.000000795461 0.002632366099 -0.000545165187 0.000011099332 -0.000003418166 -0.000001647365 0.000051025639 -0.000038734517
-0.006152859671 -0.010135337405 0.001854348569 0.000044652176 0.000000729368 -0.000000460904 -0.000476307238 0.000084029489 -0.000001864729 0.000000630295 0.000000398209 -0.000010229814 0.000007758972
0.000124599165 0.000203481805 -0.000037521964 -0.000000527701 -0.000016007958 -0.000001654447 0.000009610720 -0.000001845913 -0.000007422971 0.000000020152 0.000001257461 0.000000552543 0.000000226719
-0.000033713425 -0.000055129203 0.000010058148 -0.000000111735 -0.000001443025 0.000016307908 -0.000002552231 0.000000588075 0.000000020899 -0.000007530538 0.000000572948 -0.000000847047 -0.000000717776
-0.000050014365 -0.000090036987 0.000015196356 0.000000037476 0.000001397115 -0.000000476282 -0.000003978361 0.000000836301 0.000000399804 0.000000193130 -0.000002903697 -0.000000068202 0.000000043198
0.000560643250 0.001048387488 -0.000171524124 -0.000001386899 0.000000251713 0.000000921706 0.000045292193 -0.000009594098 0.000000309742 -0.000000325316 -0.000000021255 -0.000002253406 -0.000000540476
-0.000333417403 -0.000618403170 0.000101849009 0.000000700792 0.000000354117 0.000000828357 -0.000026817639 0.000005723804 0.000000010317 -0.000000211409 0.000000002243 -0.000000390100 -0.000002477123

Trandens between roots 1 1
13 13
1.499859356175 -0.754972373008 0.226136525523 0.008166964520 0.000191718590 0.000007831143 -0.077268594830 0.013357289384 -0.000268336970 0.000070365844 0.000125513343 -0.001422609531 0.000834025358
-0.754972373008 0.380841897815 -0.107432371590 -0.003822100203 -0.000089660755 -0.000004332571 0.038149225874 -0.006608851632 0.000132770061 -0.000034494449 -0.000062614810 0.000707926665 -0.000414574254
0.226136525523 -0.107432371590 0.084325282367 0.002273981415 0.000052789249 0.000002351802 -0.017511686349 0.003041059313 -0.000061290312 0.000017653338 0.000023545607 -0.000278574977 0.000167537568
0.008166964520 -0.003822100203 0.002273981415 0.009376897401 -0.000008106402 -0.000063817116 -0.000612728009 -0.000578514991 -0.000006698714 0.000004433376 -0.000000948378 0.000017993718 -0.000015435923
0.000191718590 -0.000089660755 0.000052789249 -0.000008106402 0.009690763046 -0.000033094202 -0.000014303759 0.000002368769 0.000787280333 0.000079322877 0.000008157290 0.000002152896 0.000001424171
0.000007831143 -0.000004332571 0.000002351802 -0.000063817116 -0.000033094202 0.009623551713 0.000000878984 0.000013533076 0.000071254127 -0.000781077938 -0.000002887301 0.000004215801 0.000005749767
-0.077268594830 0.038149225874 -0.017511686349 -0.000612728009 -0.000014303759 0.000000878984 0.004972928897 -0.000807298960 0.000016262532 -0.000004713109 -0.000007684009 0.000086039303 -0.000049757405
0.013357289384 -0.006608851632 0.003041059313 -0.000578514991 0.000002368769 0.000013533076 -0.000807298960 0.000367135840 -0.000002341586 -0.000000857622 0.000001180266 -0.000006958686 0.000003614126
-0.000268336970 0.000132770061 -0.000061290312 -0.000006698714 0.000787280333 0.000071254127 0.000016262532 -0.000002341586 0.000241861024 0.000000979386 -0.000005861116 -0.000001430069 -0.000001860986
0.000070365844 -0.000034494449 0.000017653338 0.000004433376 0.000079322877 -0.000781077938 -0.000004713109 -0.000000857622 0.000000979386 0.000240421134 -0.000002615639 0.000003677960 0.000003432811
0.000125513343 -0.000062614810 0.000023545607 -0.000000948378 0.000008157290 -0.000002887301 -0.000007684009 0.000001180266 -0.000005861116 -0.000002615639 0.000151275382 -0.000000543233 0.000000169865
-0.001422609531 0.000707926665 -0.000278574977 0.000017993718 0.000002152896 0.000004215801 0.000086039303 -0.000006958686 -0.000001430069 0.000003677960 -0.000000543233 0.000154758457 -0.000001679969
0.000834025358 -0.000414574254 0.000167537568 -0.000015435923 0.000001424171 0.000005749767 -0.000049757405 0.000003614126 -0.000001860986 0.000003432811 0.000000169865 -0.000001679969 0.000153870750

State 0 :
Natural orbital occupations
13
1.033728945300 0.966244121516 0.000017323434 0.000004401825 0.000004108461 0.000000263330 0.000000221632 0.000000211767 0.000000207703 0.000000062499 0.000000050874 0.000000048838 0.000000032821
Natural orbitals (in MO basis)
13 13
0.926146573037 0.278601704484 -0.069707990777 -0.001039528236 -0.000244812769 0.236654094290 0.003507720109 -0.008459104495 0.048687247362 -0.030690368065 0.001138055953 0.002530276712 0.019084178448
0.281248025590 -0.959050045776 -0.014932356350 -0.000198588100 -0.000059851086 0.020844316351 0.000429058499 -0.000909707944 0.005022213264 -0.003001523211 0.000043462776 0.000217528312 0.020730686275
-0.247671496133 -0.049195772104 -0.265796538683 -0.003712573895 -0.000824795420 0.900959217873 0.013441990282 -0.032101121802 0.185188184215 -0.111578855236 0.004831422325 0.009531325069 -0.076019522765
0.003781372941 0.006003121152 -0.910344564289 0.002479476660 -0.024152002328 -0.203214571574 -0.050032333162 0.063583079169 -0.317805810441 0.056511387019 -0.006747215710 -0.008815051746 -0.135917131063
0.000093240730 0.000144727684 -0.021943211595 -0.291420014335 0.949661485571 -0.005250730846 0.022249625952 0.087066709257 0.006159374621 0.005745062267 0.066681690350 0.010393419650 -0.002694692238
0.000022504065 0.000007282725 0.007721287799 -0.951000788968 -0.291070471524 0.002661466660 0.079414755621 -0.021200255940 -0.022755507170 0.019889357785 -0.014990392408 0.053957867850 -0.001749414341
0.041060141934 -0.012152995145 0.211047502010 0.004225009570 0.001499772735 0.036796570285 -0.035704780241 0.044636165368 -0.207009768217 -0.003220703936 0.003277180987 0.004546348761 -0.951887172345
-0.010459094080 0.000283404378 0.222362352913 0.003576360124 0.002878259833 0.266138608866 -0.165821295551 0.168847061385 -0.867666418450 -0.044875177860 -0.002142166743 0.002538652693 0.262142739843
0.000213665526 -0.000004901543 -0.004639163429 -0.031053628636 0.078354108554 -0.005058954724 -0.362067714981 -0.918122691615 -0.114362593388 0.009269183202 0.072984643586 0.016875432579 -0.005529850552
-0.000064497904 0.000003188095 0.000687851103 0.074775988057 0.032549657647 0.020030914722 0.909570605307 -0.329358208765 -0.229676761411 -0.024258694210 0.023828551741 -0.056935283940 0.001586004692
-0.000009370680 0.000025705863 -0.002517657911 -0.002263659674 -0.074925423586 -0.005307140875 -0.003366068097 0.069675296974 0.010303546160 -0.009978283415 0.986215562392 -0.129012646922 0.003073508531
0.000903239601 -0.000131752721 0.024436140177 0.046039165335 -0.000583258531 0.115252818387 0.041907193263 0.004018568395 -0.007619230414 0.892775381548 0.065303614527 0.425162765231 0.009625458569
-0.000633820254 0.000154390494 -0.019752205126 0.044041768400 -0.003666180769 -0.067676221905 0.039383348722 0.005063936780 -0.007803237490 -0.427938216934 0.111638215859 0.892101094933 -0.000284800635

State 1 :
Natural orbital occupations
13
1.918474737865 0.051432096201 0.009770919291 0.009687181077 0.009345004088 0.000303492707 0.000181897857 0.000178204784 0.000176559833 0.000151277468 0.000149576473 0.000148924148 0.000000128207
Natural orbitals (in MO basis)
13 13
-0.884110463715 -0.073836323014 0.000281010843 -0.000790989055 0.004449778406 0.036399851073 -0.014563637156 -0.000053721792 -0.000389996380 -0.001799563665 0.002227840855 -0.003317289577 0.459695519244
0.444746415137 0.163058143877 0.000687704717 -0.001930354395 0.010875144317 0.005143740553 -0.018736292031 -0.000044662000 -0.000494073538 -0.002052459457 0.002855176051 -0.004124505372 0.880388022973
-0.135511061267 0.976919268527 -0.001635692508 0.004694308249 -0.025662072391 0.116195406936 -0.015884980289 -0.000168723782 -0.000578106797 -0.002173234959 0.001612880850 -0.002861438755 -0.113193025592
-0.004846257118 0.025034486692 0.041174585015 -0.187842945122 0.978104312308 0.005482990619 0.067347681973 0.001510650337 -0.000191732006 0.010503397771 -0.016999454802 0.023275897458 -0.013124843618
-0.000113707143 0.000573671068 0.910428868216 0.403381079082 0.039149823439 0.000125287303 0.001226779716 -0.075305825076 0.026809603521 -0.005332738093 0.015691108554 0.014280641857 -0.000318939733
-0.000004651056 -0.000013846069 -0.403167778066 0.891717118966 0.188285413567 -0.000099461291 -0.002851697821 0.026877471311 0.075251233863 -0.017709371035 -0.010769005524 0.004694740719 -0.000051670193
0.045812968704 -0.112201131967 -0.000338091433 0.000937143375 -0.004648543069 0.991503640162 0.013525713859 -0.001580016372 -0.003618128246 0.005917629732 -0.027787765567 0.033872349158 -0.007547277568
-0.007921802232 0.019251937145 -0.003489778260 0.014739629136 -0.072395224782 -0.026125009919 0.927066977104 0.016593225189 0.000064463930 0.123869209122 -0.200349944561 0.278656561845 0.023492722339
0.000159157085 -0.000390706154 0.072191129195 0.040437858580 0.004348871172 0.000570969228 -0.012160062330 0.872418316480 -0.409689529026 0.081995727769 -0.169118000099 -0.169417318750 -0.000531345691
-0.000041798299 0.000138753459 0.040642790106 -0.070417461318 -0.015381964723 -0.000129171347 -0.025093697093 0.408901818788 0.873881527712 -0.197334726384 -0.144442111310 0.043000395192 0.000186999528
-0.000074213304 0.000085673717 0.000828957286 0.000103155196 -0.000208347991 -0.004564111854 -0.004743330454 -0.254696347076 0.001756726228 -0.043893266357 -0.807314254481 -0.530471182065 -0.000031767824
0.000841492394 -0.001189767566 0.000164862019 -0.000067316583 0.002942222762 0.034291887069 0.297753061396 0.009607318889 0.180557837075 0.264465339063 0.480150296424 -0.759588355682 0.001497649094
-0.000493499071 0.000775368954 -0.000205115946 0.000966926361 -0.002083801603 -0.012571375453 -0.213415325883 -0.007038546045 0.171714826071 0.930926429655 -0.163266117601 0.177408649797 -0.000707797514

