Number of strings: 13 13, CI size = 169
String addressing array alpha: 1 13
0 1 2 3 4 5 6 7 8 9 10 11 12

Alpha strings 13 1
1
2
3
4
5
6
7
8
9
10
11
12
13

Is hamiltonian hermitian? 1
Implicit Hamiltonian constructed
E(core)= 0.000000000000
H(1,1) + E(core) energy = -0.806762021700
Davidson: iter=0 dim=0 root=0 eigenvalue=-0.806762021700
Davidson: iter=1 dim=1 root=0 eigenvalue=-0.848610011660
Davidson: iter=2 dim=2 root=0 eigenvalue=-0.853126639982
Davidson: iter=3 dim=3 root=0 eigenvalue=-0.855155974827
Davidson: iter=4 dim=4 root=0 eigenvalue=-0.855572334952
Davidson: iter=5 dim=5 root=0 eigenvalue=-0.855613950651
Davidson: iter=6 dim=6 root=0 eigenvalue=-0.855619404212
Davidson: iter=7 dim=7 root=0 eigenvalue=-0.855619988124
Davidson: iter=8 dim=8 root=0 eigenvalue=-0.855620024720
Davidson: iter=9 dim=9 root=0 eigenvalue=-0.855620028006
Davidson: iter=10 dim=10 root=0 eigenvalue=-0.855620028430
Davidson: iter=11 dim=11 root=0 eigenvalue=-0.855620028464
Davidson: iter=12 dim=12 root=0 eigenvalue=-0.855620028468
Davidson: iter=13 dim=13 root=0 eigenvalue=-0.855620028468
Davidson: iter=13 dim=13 root=1 eigenvalue=-0.734890229288
root no. 0 converged
Davidson: iter=14 dim=14 root=0 eigenvalue=-0.855620028468
Davidson: iter=14 dim=14 root=1 eigenvalue=-0.735917893791
Davidson: iter=15 dim=15 root=0 eigenvalue=-0.855620028468
Davidson: iter=15 dim=15 root=1 eigenvalue=-0.736057792236
Davidson: iter=16 dim=16 root=0 eigenvalue=-0.855620028468
Davidson: iter=16 dim=16 root=1 eigenvalue=-0.736062477200
Davidson: iter=17 dim=17 root=0 eigenvalue=-0.855620028468
Davidson: iter=17 dim=17 root=1 eigenvalue=-0.736062786193
Davidson: iter=18 dim=18 root=0 eigenvalue=-0.855620028468
Davidson: iter=18 dim=18 root=1 eigenvalue=-0.736062809917
Davidson: iter=19 dim=19 root=0 eigenvalue=-0.855620028468
Davidson: iter=19 dim=19 root=1 eigenvalue=-0.736062811833
Davidson: iter=20 dim=20 root=0 eigenvalue=-0.855620028468
Davidson: iter=20 dim=20 root=1 eigenvalue=-0.736062812246
Davidson: iter=21 dim=21 root=0 eigenvalue=-0.855620028468
Davidson: iter=21 dim=21 root=1 eigenvalue=-0.736062812343
Davidson: iter=22 dim=22 root=0 eigenvalue=-0.855620028468
Davidson: iter=22 dim=22 root=1 eigenvalue=-0.736062812381
Davidson: iter=23 dim=23 root=0 eigenvalue=-0.855620028468
Davidson: iter=23 dim=23 root=1 eigenvalue=-0.736062812383
Davidson: iter=24 dim=24 root=0 eigenvalue=-0.855620028468
Davidson: iter=24 dim=24 root=1 eigenvalue=-0.736062812383
root no. 1 converged
Davidson converged in 24 iterations.
E(core)= 0.000000000000
E(0)= -0.855620028468
E(1)= -0.736062812383
FCI Excitation energies = 2
0.000000000000 0.119557216085

Vacuum coefficients in CI state 0 = -0.933345108878
Vacuum coefficients in CI state 1 = -0.261320328577
Eigenvector 0 in string basis
0: -0.933345108878 seniority 0 ... 1
1
 | 1
1

1: -0.079320022835 seniority 2 ... 1
1
 | 1
2

5: -0.054288162763 seniority 2 ... 1
1
 | 1
6

13: -0.079320022836 seniority 2 ... 1
2
 | 1
1

14: 0.318106717535 seniority 0 ... 1
2
 | 1
2

28: 0.051592292327 seniority 0 ... 1
3
 | 1
3

42: 0.050638045597 seniority 0 ... 1
4
 | 1
4

56: 0.050681071186 seniority 0 ... 1
5
 | 1
5

65: -0.054288162763 seniority 2 ... 1
6
 | 1
1

Eigenvector 1 in string basis
0: -0.261320328577 seniority 0 ... 1
1
 | 1
1

1: 0.543192534200 seniority 2 ... 1
1
 | 1
2

5: 0.221095047287 seniority 2 ... 1
1
 | 1
6

13: 0.543192534127 seniority 2 ... 1
2
 | 1
1

14: -0.445889999920 seniority 0 ... 1
2
 | 1
2

18: -0.115732049908 seniority 2 ... 1
2
 | 1
6

28: 0.050384536005 seniority 0 ... 1
3
 | 1
3

42: 0.052693668332 seniority 0 ... 1
4
 | 1
4

56: 0.052371707864 seniority 0 ... 1
5
 | 1
5

65: 0.221095047280 seniority 2 ... 1
6
 | 1
1

66: -0.115732049903 seniority 2 ... 1
6
 | 1
2

Seniority vectors for all roots (nroots/seniority)
2 2
0.980671485076 0.019328514924
0.277976568316 0.722023431684

Calculating transition densities
Root 0 MO occupations numbers (density matrix diagonal)
13
1.761320789817 0.215068106848 0.006000756082 0.005165085393 0.005173729366 0.006363550342 0.000193313497 0.000193073581 0.000186731561 0.000110485980 0.000073044656 0.000072969038 0.000078363839
Root 1 MO occupations numbers (density matrix diagonal)
13
0.829234650694 1.014913987711 0.009537785752 0.006243899327 0.006175697718 0.129274028195 0.000856076455 0.000858154412 0.001103118592 0.001266183379 0.000181068430 0.000182055547 0.000173293786
Transition densities done:
Trandens between roots 0 0
13 13
1.761320789817 0.098305889107 0.030277972201 0.000027806353 -0.000004593788 0.100932106544 -0.000074743707 -0.000013047755 -0.003705054800 -0.006899693018 -0.000135382946 -0.000147112570 -0.000481766725
0.098305889107 0.215068106848 -0.000672668740 0.000000470465 0.000009601892 0.005204346965 0.000002446685 0.000001528354 0.000032163461 -0.001665816195 -0.000023234862 -0.000027768578 -0.000086748814
0.030277972201 -0.000672668740 0.006000756082 0.000001031849 -0.000005354087 0.001077256638 -0.000013155814 -0.000002511008 -0.000550036580 -0.000154263182 -0.000002144269 -0.000002696642 -0.000008145861
0.000027806353 0.000000470465 0.000001031849 0.005165085393 -0.000001921809 0.000000490426 0.000139713603 0.000488983326 -0.000005747893 -0.000000016803 0.000005986105 -0.000031617888 0.000001986836
-0.000004593788 0.000009601892 -0.000005354087 -0.000001921809 0.005173729366 0.000001173206 -0.000488825512 0.000139522954 0.000012006672 -0.000000017203 0.000031694001 0.000005954371 -0.000000001325
0.100932106544 0.005204346965 0.001077256638 0.000000490426 0.000001173206 0.006363550342 -0.000002818386 -0.000000521011 -0.000143682633 -0.000385273348 -0.000007447789 -0.000008180768 -0.000026862162
-0.000074743707 0.000002446685 -0.000013155814 0.000139713603 -0.000488825512 -0.000002818386 0.000193313497 0.000000017534 -0.000000234500 0.000000713953 -0.000012053866 -0.000005986865 0.000000177288
-0.000013047755 0.000001528354 -0.000002511008 0.000488983326 0.000139522954 -0.000000521011 0.000000017534 0.000193073581 -0.000000004371 0.000000167157 0.000005991211 -0.000012021030 0.000000843528
-0.003705054800 0.000032163461 -0.000550036580 -0.000005747893 0.000012006672 -0.000143682633 -0.000000234500 -0.000000004371 0.000186731561 0.000030064494 0.000000579128 0.000000630181 0.000001125600
-0.006899693018 -0.001665816195 -0.000154263182 -0.000000016803 -0.000000017203 -0.000385273348 0.000000713953 0.000000167157 0.000030064494 0.000110485980 0.000000618330 0.000000693273 0.000002064169
-0.000135382946 -0.000023234862 -0.000002144269 0.000005986105 0.000031694001 -0.000007447789 -0.000012053866 0.000005991211 0.000000579128 0.000000618330 0.000073044656 0.000000057122 -0.000000056712
-0.000147112570 -0.000027768578 -0.000002696642 -0.000031617888 0.000005954371 -0.000008180768 -0.000005986865 -0.000012021030 0.000000630181 0.000000693273 0.000000057122 0.000072969038 0.000000254473
-0.000481766725 -0.000086748814 -0.000008145861 0.000001986836 -0.000000001325 -0.000026862162 0.000000177288 0.000000843528 0.000001125600 0.000002064169 -0.000000056712 0.000000254473 0.000078363839

Trandens between roots 0 1
13 13
0.376105210190 -0.930480345642 -0.082009223263 -0.000103834626 -0.000187632724 -0.399837943734 -0.000577403466 -0.000141103061 -0.020020040526 0.036584971366 0.000798706667 0.000786379911 0.002603682413
0.384425086466 -0.368654685787 -0.009742780667 -0.000029619289 -0.000044410559 -0.109289754342 -0.000158650428 -0.000038227353 -0.005694686235 0.010643397340 0.000202436858 0.000207352102 0.000669279746
0.005477600494 -0.012829871661 0.003580669748 -0.000003368195 -0.000000850109 -0.005705441670 0.000035431230 0.000005803291 0.001392563046 0.000849382767 0.000011325835 0.000013003644 0.000038196414
0.000007463658 -0.000015278718 -0.000003134860 0.005179249155 0.000007761203 -0.000006581406 -0.000482177458 -0.001689248792 0.000018610314 -0.000001514605 -0.000071133849 0.000384428154 -0.000025131653
0.000025414878 -0.000016530545 0.000002202285 0.000007729812 0.005151359387 -0.000003336469 0.001690404058 -0.000482318378 -0.000039247995 0.000001362118 -0.000384339290 -0.000070759655 -0.000001590294
0.028034509434 -0.057328065274 -0.004908467851 -0.000006531889 -0.000010881944 -0.021673657914 -0.000041187606 -0.000009386608 -0.001482186137 0.002063848023 0.000045954044 0.000044808840 0.000149142907
-0.000004345000 0.000027247418 0.000001033356 0.000033937679 -0.000117712163 0.000012264155 0.000018680619 -0.000000075114 0.000000637601 -0.000002013474 0.000034580703 0.000017155997 -0.000000535730
0.000002071479 0.000002630856 0.000000080004 0.000121427767 0.000034474429 0.000001634302 -0.000000024536 0.000019189143 0.000000081604 -0.000000443321 -0.000017199563 0.000034632949 -0.000002515117
-0.000341513589 0.001489360698 0.000073078141 -0.000001179958 0.000003237364 0.000665410861 0.000000978094 0.000000249191 0.000055057744 -0.000087784460 -0.000002194391 -0.000002074163 -0.000004463616
-0.003916337402 0.005703859427 0.000364687335 0.000000313050 0.000001110842 0.002086138027 0.000002781872 0.000000673597 0.000099092012 -0.000098755047 -0.000004209404 -0.000004184387 -0.000013571969
-0.000058077615 0.000095891292 0.000006729282 -0.000005848079 -0.000032721474 0.000037576335 0.000009247725 -0.000004580353 0.000001686467 -0.000003563993 0.000101825261 -0.000000227790 -0.000000580175
-0.000068711352 0.000108876747 0.000007324036 0.000032635912 -0.000005975855 0.000041558346 0.000004654130 0.000009156268 0.000001912264 -0.000003963496 -0.000000253273 0.000102097999 0.000000373334
-0.000217486970 0.000349858855 0.000023580325 -0.000002187178 -0.000000229616 0.000134542158 0.000000059545 -0.000000616121 0.000006871845 -0.000012662159 -0.000000594467 0.000000376114 0.000113759501

Trandens between roots 1 0
13 13
0.376105210190 0.384425086466 0.005477600494 0.000007463658 0.000025414878 0.028034509434 -0.000004345000 0.000002071479 -0.000341513589 -0.003916337402 -0.000058077615 -0.000068711352 -0.000217486970
-0.930480345642 -0.368654685787 -0.012829871661 -0.000015278718 -0.000016530545 -0.057328065274 0.000027247418 0.000002630856 0.001489360698 0.005703859427 0.000095891292 0.000108876747 0.000349858855
-0.082009223263 -0.009742780667 0.003580669748 -0.000003134860 0.000002202285 -0.004908467851 0.000001033356 0.000000080004 0.000073078141 0.000364687335 0.000006729282 0.000007324036 0.000023580325
-0.000103834626 -0.000029619289 -0.000003368195 0.005179249155 0.000007729812 -0.000006531889 0.000033937679 0.000121427767 -0.000001179958 0.000000313050 -0.000005848079 0.000032635912 -0.000002187178
-0.000187632724 -0.000044410559 -0.000000850109 0.000007761203 0.005151359387 -0.000010881944 -0.000117712163 0.000034474429 0.000003237364 0.000001110842 -0.000032721474 -0.000005975855 -0.000000229616
-0.399837943734 -0.109289754342 -0.005705441670 -0.000006581406 -0.000003336469 -0.021673657914 0.000012264155 0.000001634302 0.000665410861 0.002086138027 0.000037576335 0.000041558346 0.000134542158
-0.000577403466 -0.000158650428 0.000035431230 -0.000482177458 0.001690404058 -0.000041187606 0.000018680619 -0.000000024536 0.000000978094 0.000002781872 0.000009247725 0.000004654130 0.000000059545
-0.000141103061 -0.000038227353 0.000005803291 -0.001689248792 -0.000482318378 -0.000009386608 -0.000000075114 0.000019189143 0.000000249191 0.000000673597 -0.000004580353 0.000009156268 -0.000000616121
-0.020020040526 -0.005694686235 0.001392563046 0.000018610314 -0.000039247995 -0.001482186137 0.000000637601 0.000000081604 0.000055057744 0.000099092012 0.000001686467 0.000001912264 0.000006871845
0.036584971366 0.010643397340 0.000849382767 -0.000001514605 0.000001362118 0.002063848023 -0.000002013474 -0.000000443321 -0.000087784460 -0.000098755047 -0.000003563993 -0.000003963496 -0.000012662159
0.000798706667 0.000202436858 0.000011325835 -0.000071133849 -0.000384339290 0.000045954044 0.000034580703 -0.000017199563 -0.000002194391 -0.000004209404 0.000101825261 -0.000000253273 -0.000000594467
0.000786379911 0.000207352102 0.000013003644 0.000384428154 -0.000070759655 0.000044808840 0.000017155997 0.000034632949 -0.000002074163 -0.000004184387 -0.000000227790 0.000102097999 0.000000376114
0.002603682413 0.000669279746 0.000038196414 -0.000025131653 -0.000001590294 0.000149142907 -0.000000535730 -0.000002515117 -0.000004463616 -0.000013571969 -0.000000580175 0.000000373334 0.000113759501

Trandens between roots 1 1
13 13
0.829234650694 -0.820418937964 -0.017559655727 -0.000062214363 -0.000089322901 -0.219631132049 -0.000358704656 -0.000089041601 -0.013166513607 0.022968388986 0.000441749934 0.000449546479 0.001450310569
-0.820418937964 1.014913987711 0.047113045081 0.000088794994 0.000149068480 0.332434383949 0.000521142525 0.000126681724 0.018616138224 -0.032389969645 -0.000660136973 -0.000661580441 -0.002161035320
-0.017559655727 0.047113045081 0.009537785752 0.000000500263 0.000020260961 0.021549959113 0.000081142600 0.000016064759 0.002883034861 -0.001559461191 -0.000042109158 -0.000039320813 -0.000134058249
-0.000062214363 0.000088794994 0.000000500263 0.006243899327 0.000018301854 0.000032814698 -0.000619104515 -0.002184181004 0.000025142438 -0.000005574828 -0.000082196223 0.000438897195 -0.000028869459
-0.000089322901 0.000149068480 0.000020260961 0.000018301854 0.006175697718 0.000055270066 0.002168388836 -0.000622968244 -0.000044414865 -0.000003729581 -0.000436120576 -0.000079487764 -0.000001808169
-0.219631132049 0.332434383949 0.021549959113 0.000032814698 0.000055270066 0.129274028195 0.000175266348 0.000043311727 0.006095483955 -0.011823996686 -0.000246123965 -0.000245989831 -0.000807843723
-0.000358704656 0.000521142525 0.000081142600 -0.000619104515 0.002168388836 0.000175266348 0.000856076455 0.000000087042 0.000009077012 -0.000014378633 -0.000102050892 -0.000050730062 0.000000624004
-0.000089041601 0.000126681724 0.000016064759 -0.002184181004 -0.000622968244 0.000043311727 0.000000087042 0.000858154412 0.000002093973 -0.000003296625 0.000050502689 -0.000101990137 0.000006723425
-0.013166513607 0.018616138224 0.002883034861 0.000025142438 -0.000044414865 0.006095483955 0.000009077012 0.000002093973 0.001103118592 -0.000513069694 -0.000010620127 -0.000010461152 -0.000040827884
0.022968388986 -0.032389969645 -0.001559461191 -0.000005574828 -0.000003729581 -0.011823996686 -0.000014378633 -0.000003296625 -0.000513069694 0.001266183379 0.000022645434 0.000022682173 0.000075454467
0.000441749934 -0.000660136973 -0.000042109158 -0.000082196223 -0.000436120576 -0.000246123965 -0.000102050892 0.000050502689 -0.000010620127 0.000022645434 0.000181068430 -0.000000137331 0.000001415152
0.000449546479 -0.000661580441 -0.000039320813 0.000438897195 -0.000079487764 -0.000245989831 -0.000050730062 -0.000101990137 -0.000010461152 0.000022682173 -0.000000137331 0.000182055547 0.000000574921
0.001450310569 -0.002161035320 -0.000134058249 -0.000028869459 -0.000001808169 -0.000807843723 0.000000624004 0.000006723425 -0.000040827884 0.000075454467 0.000001415152 0.000000574921 0.000173293786

State 0 :
Natural orbital occupations
13
1.773876706130 0.208890184184 0.005585564833 0.005225667713 0.005216375524 0.000488646486 0.000143388189 0.000143057541 0.000136913230 0.000078231922 0.000072646835 0.000071371640 0.000071245773
Natural orbitals (in MO basis)
13 13
0.996222340078 0.062603271682 0.010252874456 0.000154619300 0.000017114196 0.059156393808 0.000053087707 0.000002517150 -0.002680439565 0.000210108099 0.003160699476 0.000180253966 0.000026500856
0.063013937168 -0.997923978576 -0.011212414181 -0.000120102522 -0.000007638102 -0.003546121811 0.000019701746 -0.000003824122 -0.001024712490 0.000043979840 0.006130118934 0.000190795408 0.000043318354
0.017073857533 0.012679944592 -0.986807929407 -0.014704966601 -0.001214899942 -0.133402010080 0.000128952975 0.000244600461 -0.087599882464 0.000134006681 -0.008372423808 -0.000266999187 -0.000044073508
0.000015706823 0.000006294321 -0.001909671907 0.210339955684 -0.972400715403 -0.000229893506 0.022653619771 -0.098048014555 -0.000195703761 0.000162525432 0.000093750988 -0.001935457047 -0.007735153366
-0.000002263951 -0.000048736330 0.014730594180 -0.972308617839 -0.210346904314 0.000197732399 -0.097865299585 -0.022632597808 -0.000329780814 0.000033115138 -0.000145977647 0.007709656284 -0.001917897392
0.057085283104 0.005612657978 0.132548918099 0.001767097846 0.000344071171 -0.989201554284 -0.000479661305 -0.000025060178 0.024767126403 -0.001353035232 0.001303035726 -0.000652659053 0.000031508397
-0.000042110294 -0.000034861874 0.000803256551 0.100338848841 -0.006575321666 -0.000016427645 -0.983023358188 0.050152475247 -0.026809666622 -0.000822564719 -0.007574018738 0.142246652064 0.005208449100
-0.000007311193 -0.000011403729 0.000626789610 -0.006512856988 -0.100515711919 -0.000043347195 0.050232638286 0.983356653824 -0.001601373866 -0.002317626296 -0.001555753428 -0.005234601047 0.142486475314
-0.002089849013 -0.001301606389 0.089993471339 -0.001121173605 0.000720231306 -0.012780380029 0.026845279555 -0.002991501660 -0.975906633396 0.006219256572 -0.196237800914 -0.007382366456 -0.002042394310
-0.003948259202 0.005873452371 0.009461622904 0.000149678241 -0.000005606209 -0.002510738604 -0.000032058440 0.001137093737 -0.196429072607 -0.038554692831 0.979582805526 0.014113804186 0.000503974356
-0.000077122718 0.000070128020 0.000092284612 -0.005978741569 -0.002529858653 -0.000666571385 0.130765836595 0.056748338242 0.000083953417 -0.018487067669 -0.013559455684 0.901868523409 -0.407117724715
-0.000083901040 0.000088231580 0.000104994985 -0.002514711762 0.005976350973 -0.000368369457 0.056827212094 -0.130579278848 -0.001738342829 0.044943246265 -0.004763340171 0.407496386456 0.900876576566
-0.000274606286 0.000268975029 0.000114164351 0.000085187305 -0.000393564790 -0.001348616603 -0.000999964538 0.009335334175 -0.001406775537 0.998050709731 0.039019538350 -0.000949048855 -0.047739780275

State 1 :
Natural orbital occupations
13
1.841378466441 0.134208201317 0.007108443148 0.007029525449 0.005648314383 0.003948853994 0.000168113874 0.000166994907 0.000165394502 0.000143593281 0.000013111564 0.000012309413 0.000008677728
Natural orbitals (in MO basis)
13 13
-0.642757839428 -0.712760706724 0.000052750235 -0.000273266179 -0.002744693990 0.280333771870 0.001183619135 0.000006473316 -0.000399791676 -0.012689930176 0.000037146412 -0.000211550570 0.008789713354
0.731304764226 -0.466043153459 -0.000039640323 0.000246052044 -0.079055843583 0.489837167437 0.002375400930 0.000025867756 -0.000604124097 -0.038658580777 0.000125638458 -0.000000768658 -0.017500628455
0.027655968690 -0.162509336431 -0.001516297349 0.007739633376 -0.852393709351 -0.348460844997 -0.000400730973 0.000027472877 0.000458506570 -0.030584525530 0.000441329210 0.004023640004 -0.351868578347
0.000061162602 -0.000103143683 0.909119148375 -0.228410973395 -0.003470385082 -0.000474378240 -0.001878610706 -0.048559395819 -0.011911197577 -0.000212629010 -0.332958572941 0.089181230534 0.000590922895
0.000098021834 -0.000293485201 0.228572776847 0.908505469841 0.007808208336 0.000362190509 0.005479530977 -0.012104896478 0.048152900020 0.000700628267 -0.088816939268 -0.334529977520 -0.004074421749
0.224998188945 -0.496563050485 0.000197982695 -0.003182856686 0.366733099351 -0.747002690976 0.001980034259 -0.000059662111 -0.000402700073 -0.017666527508 -0.000045701842 -0.001520097301 0.099830307842
0.000355351815 -0.000666261714 -0.010810400099 0.343274188371 -0.005856728578 -0.001170144399 -0.039057917733 -0.010772406123 -0.316199773820 0.001701749666 -0.015368397971 0.882648577959 0.032836987448
0.000086923186 -0.000146014568 -0.341687192284 -0.010897413230 -0.001108432569 -0.000033379008 -0.000994667397 -0.320293206661 0.010984649650 0.001015577747 -0.883274411951 -0.015451779964 0.002642833005
0.012791402584 -0.021077750030 0.001220830123 -0.005310312689 -0.356382667031 -0.043811053360 0.000361739590 0.001536840377 0.004242654840 0.264995009448 0.003090319053 -0.032523096928 0.893937500655
-0.022368340141 0.036557570763 -0.000397009540 0.000885505125 -0.074529096912 -0.010644295019 -0.000058655431 0.005317156807 0.018432604325 -0.962557036084 -0.001778303539 -0.001859678433 0.256132128714
-0.000447516173 0.000918488826 -0.027504772442 -0.060271887096 -0.000708900544 -0.000204584622 -0.122106794713 0.391363986752 -0.852892003847 -0.014073566807 -0.136035394682 -0.285300710971 -0.002898205377
-0.000450712898 0.000876869743 0.060100406525 -0.027526882088 -0.000974040914 -0.000144484550 0.007614099427 -0.859463491876 -0.395594819551 -0.012388655871 0.286178593353 -0.135446044544 0.000493477195
-0.001466570323 0.002984038293 -0.004158785606 0.000857679866 -0.001119743106 -0.000214970984 0.991695836704 0.054016391374 -0.114707333686 -0.001596916883 -0.020579678804 0.002692685431 0.000337913488

