Number of strings: 13 13, CI size = 169
String addressing array alpha: 1 13
0 1 2 3 4 5 6 7 8 9 10 11 12

Alpha strings 13 1
1
2
3
4
5
6
7
8
9
10
11
12
13

Is hamiltonian hermitian? 1
Implicit Hamiltonian constructed
E(core)= 0.000000000000
H(1,1) + E(core) energy = -0.679275959200
Davidson: iter=0 dim=0 root=0 eigenvalue=-0.679275959200
Davidson: iter=1 dim=1 root=0 eigenvalue=-0.734627711621
Davidson: iter=2 dim=2 root=0 eigenvalue=-0.760835493230
Davidson: iter=3 dim=3 root=0 eigenvalue=-0.771430098629
Davidson: iter=4 dim=4 root=0 eigenvalue=-0.775815679528
Davidson: iter=5 dim=5 root=0 eigenvalue=-0.777475909055
Davidson: iter=6 dim=6 root=0 eigenvalue=-0.777610001866
Davidson: iter=7 dim=7 root=0 eigenvalue=-0.777621949796
Davidson: iter=8 dim=8 root=0 eigenvalue=-0.777624476735
Davidson: iter=9 dim=9 root=0 eigenvalue=-0.777624689327
Davidson: iter=10 dim=10 root=0 eigenvalue=-0.777624702323
Davidson: iter=11 dim=11 root=0 eigenvalue=-0.777624703263
Davidson: iter=12 dim=12 root=0 eigenvalue=-0.777624703306
Davidson: iter=13 dim=13 root=0 eigenvalue=-0.777624703309
Davidson: iter=14 dim=14 root=0 eigenvalue=-0.777624703310
Davidson: iter=14 dim=14 root=1 eigenvalue=-0.697611046523
root no. 0 converged
Davidson: iter=15 dim=15 root=0 eigenvalue=-0.777624703310
Davidson: iter=15 dim=15 root=1 eigenvalue=-0.698202612471
Davidson: iter=16 dim=16 root=0 eigenvalue=-0.777624703310
Davidson: iter=16 dim=16 root=1 eigenvalue=-0.698217834459
Davidson: iter=17 dim=17 root=0 eigenvalue=-0.777624703310
Davidson: iter=17 dim=17 root=1 eigenvalue=-0.698218786231
Davidson: iter=18 dim=18 root=0 eigenvalue=-0.777624703310
Davidson: iter=18 dim=18 root=1 eigenvalue=-0.698218970434
Davidson: iter=19 dim=19 root=0 eigenvalue=-0.777624703310
Davidson: iter=19 dim=19 root=1 eigenvalue=-0.698218980792
Davidson: iter=20 dim=20 root=0 eigenvalue=-0.777624703310
Davidson: iter=20 dim=20 root=1 eigenvalue=-0.698218981640
Davidson: iter=21 dim=21 root=0 eigenvalue=-0.777624703310
Davidson: iter=21 dim=21 root=1 eigenvalue=-0.698218981715
Davidson: iter=22 dim=22 root=0 eigenvalue=-0.777624703310
Davidson: iter=22 dim=22 root=1 eigenvalue=-0.698218981720
Davidson: iter=23 dim=23 root=0 eigenvalue=-0.777624703310
Davidson: iter=23 dim=23 root=1 eigenvalue=-0.698218981721
root no. 1 converged
Davidson converged in 23 iterations.
E(core)= 0.000000000000
E(0)= -0.777624703310
E(1)= -0.698218981721
FCI Excitation energies = 2
0.000000000000 0.079405721588

Vacuum coefficients in CI state 0 = 0.577953241351
Vacuum coefficients in CI state 1 = 0.756315221286
Eigenvector 0 in string basis
0: 0.577953241351 seniority 0 ... 1
1
 | 1
1

1: 0.371506113400 seniority 2 ... 1
1
 | 1
2

2: -0.159904683654 seniority 2 ... 1
1
 | 1
3

13: 0.371506113401 seniority 2 ... 1
2
 | 1
1

14: -0.567801960521 seniority 0 ... 1
2
 | 1
2

15: -0.077407022263 seniority 2 ... 1
2
 | 1
3

26: -0.159904683654 seniority 2 ... 1
3
 | 1
1

27: -0.077407022263 seniority 2 ... 1
3
 | 1
2

Eigenvector 1 in string basis
0: 0.756315221286 seniority 0 ... 1
1
 | 1
1

1: -0.385637237497 seniority 2 ... 1
1
 | 1
2

2: 0.138163877473 seniority 2 ... 1
1
 | 1
3

13: -0.385637237423 seniority 2 ... 1
2
 | 1
1

14: 0.195528576234 seniority 0 ... 1
2
 | 1
2

15: -0.084334278616 seniority 2 ... 1
2
 | 1
3

26: 0.138163877472 seniority 2 ... 1
3
 | 1
1

27: -0.084334278603 seniority 2 ... 1
3
 | 1
2

28: -0.134646891450 seniority 0 ... 1
3
 | 1
3

42: -0.068942278857 seniority 0 ... 1
4
 | 1
4

56: -0.069394354204 seniority 0 ... 1
5
 | 1
5

70: -0.069451806068 seniority 0 ... 1
6
 | 1
6

Seniority vectors for all roots (nroots/seniority)
2 2
0.658283769808 0.341716230192
0.643456055759 0.356543944241

Calculating transition densities
Root 0 MO occupations numbers (density matrix diagonal)
13
0.997509196033 0.932944393520 0.066840795768 0.000203857648 0.000033012504 0.000032858030 0.002133882306 0.000295222614 0.000001841589 0.000002529453 0.000000907801 0.000000802842 0.000000699892
Root 1 MO occupations numbers (density matrix diagonal)
13
1.484523573592 0.389605708767 0.088891177495 0.010087073544 0.009672359321 0.009687973885 0.005968034292 0.000602486053 0.000243715167 0.000245063235 0.000159743846 0.000157514686 0.000155576117
Transition densities done:
Trandens between roots 0 0
13 13
0.997509196033 0.032109556132 -0.256429562672 0.000457995945 -0.000027389283 0.000003628505 -0.036667779048 -0.016236137632 -0.000059375255 -0.000788269849 0.000277793022 -0.000207779914 -0.000075656706
0.032109556132 0.932944393520 -0.037431087024 -0.010937271612 0.000327620277 -0.000083119345 -0.028149296246 -0.005600011145 -0.000029505933 -0.000271247744 0.000195081517 -0.000148957399 -0.000091083655
-0.256429562672 -0.037431087024 0.066840795768 0.000245838820 -0.000003864599 0.000001814936 0.010275857934 0.004328685718 0.000016119071 0.000210143650 -0.000078325477 0.000058676795 0.000022510781
0.000457995945 -0.010937271612 0.000245838820 0.000203857648 -0.000005154262 0.000001277305 0.000320133820 0.000038201804 0.000000106795 0.000001883257 -0.000006683184 0.000005000085 0.000002295672
-0.000027389283 0.000327620277 -0.000003864599 -0.000005154262 0.000033012504 -0.000000032231 -0.000009126385 -0.000000865611 -0.000005605071 -0.000000591600 -0.000000034942 -0.000001455089 0.000002922529
0.000003628505 -0.000083119345 0.000001814936 0.000001277305 -0.000000032231 0.000032858030 0.000002426848 0.000000570386 0.000000548107 -0.000005584521 -0.000002037375 -0.000002254820 -0.000001194689
-0.036667779048 -0.028149296246 0.010275857934 0.000320133820 -0.000009126385 0.000002426848 0.002133882306 0.000739767668 0.000002979053 0.000035899600 -0.000016836873 0.000012676429 0.000005660416
-0.016236137632 -0.005600011145 0.004328685718 0.000038201804 -0.000000865611 0.000000570386 0.000739767668 0.000295222614 0.000001114492 0.000014236374 -0.000004714527 0.000003508879 0.000001492942
-0.000059375255 -0.000029505933 0.000016119071 0.000000106795 -0.000005605071 0.000000548107 0.000002979053 0.000001114492 0.000001841589 0.000000053621 -0.000000013560 0.000000218065 -0.000000573894
-0.000788269849 -0.000271247744 0.000210143650 0.000001883257 -0.000000591600 -0.000005584521 0.000035899600 0.000014236374 0.000000053621 0.000002529453 0.000000147570 0.000000623965 0.000000244692
0.000277793022 0.000195081517 -0.000078325477 -0.000006683184 -0.000000034942 -0.000002037375 -0.000016836873 -0.000004714527 -0.000000013560 0.000000147570 0.000000907801 -0.000000179830 -0.000000069287
-0.000207779914 -0.000148957399 0.000058676795 0.000005000085 -0.000001455089 -0.000002254820 0.000012676429 0.000003508879 0.000000218065 0.000000623965 -0.000000179830 0.000000802842 0.000000056447
-0.000075656706 -0.000091083655 0.000022510781 0.000002295672 0.000002922529 -0.000001194689 0.000005660416 0.000001492942 -0.000000573894 0.000000244692 -0.000000069287 0.000000056447 0.000000699892

Trandens between roots 0 1
13 13
0.540216265024 -0.271749894541 0.140823363241 0.008040136541 -0.000246802448 0.000069047571 0.039145627462 0.011199541220 0.000055737252 0.000540118858 -0.000372448072 0.000276463181 0.000087086902
0.978882710344 -0.495784242460 0.219203146152 0.020835909013 -0.000641559660 0.000169779519 0.063587503682 0.015963580154 0.000086315038 0.000769141011 -0.000569520030 0.000422031856 0.000131052005
-0.169707964019 0.085523263512 -0.042688879451 -0.002512645541 0.000077689537 -0.000021815333 -0.012010631018 -0.003383056475 -0.000017069445 -0.000163104641 0.000114475955 -0.000084956485 -0.000026685098
-0.012135784860 0.006239524187 -0.002133033660 0.000551701938 0.000001712392 -0.000000977852 -0.000676965502 -0.000233178180 -0.000002687603 -0.000010958439 0.000004090725 -0.000003077229 -0.000000858125
0.000356858594 -0.000183578510 0.000061996404 0.000001010696 0.000559443719 0.000000521961 0.000019717749 0.000007212274 -0.000047633696 -0.000004396858 -0.000000389624 -0.000001525863 0.000003726868
-0.000091630409 0.000047071104 -0.000016367361 -0.000000640305 0.000000515200 0.000559845401 -0.000005141461 0.000000632920 0.000004575652 -0.000047816684 -0.000002439638 -0.000002834395 -0.000001501593
-0.047878741635 0.024203198902 -0.011332404291 -0.000681467790 0.000021138975 -0.000005933532 -0.003229678998 -0.000882385314 -0.000004558623 -0.000042522791 0.000029434951 -0.000021842292 -0.000006872150
-0.013771331078 0.006925410553 -0.003541186214 -0.000372931542 0.000011995190 0.000001473007 -0.000988048595 -0.000248116206 -0.000001361887 -0.000012991696 0.000009706111 -0.000007279228 -0.000002275613
-0.000059757217 0.000030108682 -0.000015012787 -0.000004086585 -0.000087615956 0.000008475799 -0.000004201885 -0.000001139956 0.000020500186 -0.000000043129 0.000000059351 0.000000435487 -0.000001350334
-0.000668089068 0.000335984999 -0.000171727675 -0.000017548584 -0.000008097892 -0.000087906740 -0.000047924539 -0.000013067201 -0.000000053236 0.000019906158 0.000001344021 0.000000691122 0.000000284778
0.000356705281 -0.000183344449 0.000078521305 -0.000041901058 -0.000002406272 -0.000030707235 0.000021248431 0.000009808294 0.000000116219 0.000003580983 0.000007778704 -0.000000048388 -0.000000009690
-0.000269924586 0.000138707368 -0.000059425581 0.000030835984 -0.000020885187 -0.000034911862 -0.000016112576 -0.000007678328 0.000001634067 0.000003376231 -0.000000045842 0.000007738374 0.000000009595
-0.000137443469 0.000070364320 -0.000029697702 0.000011437940 0.000045413172 -0.000018447858 -0.000008411681 -0.000003343762 -0.000004801740 0.000001254447 0.000000017491 -0.000000009159 0.000007737610

Trandens between roots 1 0
13 13
0.540216265024 0.978882710344 -0.169707964019 -0.012135784860 0.000356858594 -0.000091630409 -0.047878741635 -0.013771331078 -0.000059757217 -0.000668089068 0.000356705281 -0.000269924586 -0.000137443469
-0.271749894541 -0.495784242460 0.085523263512 0.006239524187 -0.000183578510 0.000047071104 0.024203198902 0.006925410553 0.000030108682 0.000335984999 -0.000183344449 0.000138707368 0.000070364320
0.140823363241 0.219203146152 -0.042688879451 -0.002133033660 0.000061996404 -0.000016367361 -0.011332404291 -0.003541186214 -0.000015012787 -0.000171727675 0.000078521305 -0.000059425581 -0.000029697702
0.008040136541 0.020835909013 -0.002512645541 0.000551701938 0.000001010696 -0.000000640305 -0.000681467790 -0.000372931542 -0.000004086585 -0.000017548584 -0.000041901058 0.000030835984 0.000011437940
-0.000246802448 -0.000641559660 0.000077689537 0.000001712392 0.000559443719 0.000000515200 0.000021138975 0.000011995190 -0.000087615956 -0.000008097892 -0.000002406272 -0.000020885187 0.000045413172
0.000069047571 0.000169779519 -0.000021815333 -0.000000977852 0.000000521961 0.000559845401 -0.000005933532 0.000001473007 0.000008475799 -0.000087906740 -0.000030707235 -0.000034911862 -0.000018447858
0.039145627462 0.063587503682 -0.012010631018 -0.000676965502 0.000019717749 -0.000005141461 -0.003229678998 -0.000988048595 -0.000004201885 -0.000047924539 0.000021248431 -0.000016112576 -0.000008411681
0.011199541220 0.015963580154 -0.003383056475 -0.000233178180 0.000007212274 0.000000632920 -0.000882385314 -0.000248116206 -0.000001139956 -0.000013067201 0.000009808294 -0.000007678328 -0.000003343762
0.000055737252 0.000086315038 -0.000017069445 -0.000002687603 -0.000047633696 0.000004575652 -0.000004558623 -0.000001361887 0.000020500186 -0.000000053236 0.000000116219 0.000001634067 -0.000004801740
0.000540118858 0.000769141011 -0.000163104641 -0.000010958439 -0.000004396858 -0.000047816684 -0.000042522791 -0.000012991696 -0.000000043129 0.000019906158 0.000003580983 0.000003376231 0.000001254447
-0.000372448072 -0.000569520030 0.000114475955 0.000004090725 -0.000000389624 -0.000002439638 0.000029434951 0.000009706111 0.000000059351 0.000001344021 0.000007778704 -0.000000045842 0.000000017491
0.000276463181 0.000422031856 -0.000084956485 -0.000003077229 -0.000001525863 -0.000002834395 -0.000021842292 -0.000007279228 0.000000435487 0.000000691122 -0.000000048388 0.000007738374 -0.000000009159
0.000087086902 0.000131052005 -0.000026685098 -0.000000858125 0.000003726868 -0.000001501593 -0.000006872150 -0.000002275613 -0.000001350334 0.000000284778 -0.000000009690 0.000000009595 0.000007737610

Trandens between roots 1 1
13 13
1.484523573592 -0.760104537055 0.235778617514 0.025090765595 -0.000773327643 0.000204749444 0.084915196203 0.021417391670 0.000117043264 0.001031999564 -0.000915586457 0.000678544638 0.000209911166
-0.760104537055 0.389605708767 -0.116263618609 -0.012138421251 0.000375298533 -0.000099908449 -0.042945561338 -0.010848412516 -0.000059402254 -0.000522688353 0.000473283479 -0.000350764923 -0.000108508164
0.235778617514 -0.116263618609 0.088891177495 0.006162542009 -0.000189821910 0.000051230244 0.019791710228 0.005307868913 0.000027025085 0.000255855052 -0.000129564194 0.000096200567 0.000031048866
0.025090765595 -0.012138421251 0.006162542009 0.010087073544 0.000020657894 -0.000012763124 0.001776496231 -0.000103460727 -0.000023483586 -0.000000923113 0.000038248609 -0.000028633119 -0.000013005501
-0.000773327643 0.000375298533 -0.000189821910 0.000020657894 0.009672359321 0.000014223122 -0.000054197740 0.000007177844 -0.000710898059 -0.000071000489 0.000002636856 0.000019715501 -0.000042794917
0.000204749444 -0.000099908449 0.000051230244 -0.000012763124 0.000014223122 0.009687973885 0.000014193739 0.000035636737 0.000067813205 -0.000712622150 0.000028713298 0.000033381615 0.000017485267
0.084915196203 -0.042945561338 0.019791710228 0.001776496231 -0.000054197740 0.000014193739 0.005968034292 0.001469871990 0.000007603941 0.000070929791 -0.000056866963 0.000042066970 0.000012610988
0.021417391670 -0.010848412516 0.005307868913 -0.000103460727 0.000007177844 0.000035636737 0.001469871990 0.000602486053 0.000002444570 0.000016866283 -0.000007654278 0.000005322568 0.000001551841
0.000117043264 -0.000059402254 0.000027025085 -0.000023483586 -0.000710898059 0.000067813205 0.000007603941 0.000002444570 0.000243715167 0.000000435254 0.000000064857 0.000002055760 -0.000005858660
0.001031999564 -0.000522688353 0.000255855052 -0.000000923113 -0.000071000489 -0.000712622150 0.000070929791 0.000016866283 0.000000435254 0.000245063235 0.000003456692 0.000004844686 0.000001795296
-0.000915586457 0.000473283479 -0.000129564194 0.000038248609 0.000002636856 0.000028713298 -0.000056866963 -0.000007654278 0.000000064857 0.000003456692 0.000159743846 -0.000003476720 -0.000001194520
0.000678544638 -0.000350764923 0.000096200567 -0.000028633119 0.000019715501 0.000033381615 0.000042066970 0.000005322568 0.000002055760 0.000004844686 -0.000003476720 0.000157514686 0.000000819516
0.000209911166 -0.000108508164 0.000031048866 -0.000013005501 -0.000042794917 0.000017485267 0.000012610988 0.000001551841 -0.000005858660 0.000001795296 -0.000001194520 0.000000819516 0.000155576117

State 0 :
Natural orbital occupations
13
1.077178468408 0.922659665283 0.000088784989 0.000034176897 0.000034169349 0.000001296637 0.000000851223 0.000000849999 0.000000705613 0.000000349964 0.000000339937 0.000000338691 0.000000003010
Natural orbitals (in MO basis)
13 13
0.927095001881 0.278703754263 -0.066299414027 0.000077393806 -0.000031489218 0.214111595396 -0.000598438351 0.000063314859 -0.037378423733 -0.044398929391 0.005512250140 0.000039055556 0.095815031320
0.279157904400 -0.959253229641 -0.024362385962 0.000008517890 0.000010554333 0.018220640538 -0.000051399897 0.000006970719 -0.000588345248 -0.000128430211 0.000117781241 -0.000013197841 0.031276327750
-0.246135651307 -0.041332677341 -0.238903984975 0.000299812388 -0.000173569203 0.874904129703 -0.002500416955 0.000151730182 -0.147221633113 -0.200352094566 0.023997069661 0.000302603701 0.229736770315
-0.002509793218 0.011507130221 -0.917689250194 0.028226838213 -0.012197624640 -0.205851241305 -0.004143863028 -0.000468056253 -0.229689215530 0.107877783543 -0.007199970179 -0.000340224096 -0.223435357693
0.000062592723 -0.000348967540 0.028004682950 0.963136101517 -0.178825355899 0.004985093416 -0.154627337780 -0.092258916133 0.007063497044 0.004280957006 0.079217606483 0.027677717391 0.007076505350
-0.000018933885 0.000087496687 -0.006448689746 0.179253783406 0.963472384221 -0.000982605050 0.092475861563 -0.154769322412 -0.002339932499 -0.001999366674 -0.028880660972 0.078706526565 -0.001695897060
-0.041295847236 0.017775021381 -0.242738298433 -0.000408827978 0.000406863614 -0.195990597790 0.000181981224 -0.001005116875 0.397450502449 0.157930690203 -0.016151575424 -0.000452072260 0.847037807332
-0.016447309854 0.000738787051 0.175526487435 0.003066096455 0.007982703966 -0.184348860902 -0.014760929504 0.048398326232 -0.873821759265 0.103157923533 -0.006285957882 0.002788990522 0.397552721619
-0.000062564317 0.000012080646 0.000198921242 -0.165629084814 0.047845708552 -0.003813525196 -0.886999486824 -0.418446567670 -0.007062484108 -0.009324377039 -0.088178845910 -0.021926125324 0.002121717679
-0.000798353584 0.000035208949 0.008351382636 -0.047793681542 -0.165637897266 -0.008332653944 0.418171082606 -0.885709321837 -0.045070413672 0.006913325976 0.022282916630 -0.088504311186 0.019578018786
0.000308275394 -0.000115809946 0.056403308396 -0.017933966441 -0.057822782494 0.214135038708 0.017111189536 -0.042973455164 0.015668516208 0.737371398778 -0.203923422035 0.593945865133 -0.082713944847
-0.000231392814 0.000089783311 -0.041997944432 -0.051439864337 -0.060862514952 -0.159015808101 0.002360164026 -0.060249928585 -0.013298962503 -0.538851077214 0.194609654254 0.794177595240 0.061934142995
-0.000094109293 0.000070972133 -0.014490169440 0.082131578152 -0.052506283577 -0.048433578486 0.073235180694 0.011652909958 -0.008991078471 -0.276464021542 -0.950895513224 0.035036027441 0.022350092531

State 1 :
Natural orbital occupations
13
1.917371446784 0.052179372567 0.009750936102 0.009730692589 0.009592304345 0.000334282754 0.000194106694 0.000192703256 0.000192190241 0.000157009343 0.000152502759 0.000152240121 0.000000212446
Natural orbitals (in MO basis)
13 13
-0.879768145392 0.096909189002 0.000421472976 -0.003967961234 -0.013683035273 -0.057958688316 0.034492365126 0.001392839933 0.010563746623 -0.012420361708 0.000023956891 0.000151665026 -0.459996431639
0.450203899789 -0.136175476335 0.001253341805 -0.011737943531 -0.040457062710 -0.038136915486 0.056247204044 0.002260574321 0.017249430765 -0.021707621249 0.000245959775 0.000192145925 -0.878410166478
-0.142706918574 -0.977032122981 -0.001685568801 0.015226347694 0.052138127374 -0.121643137646 0.020976704775 0.000851297942 0.006430367758 -0.001629739583 -0.000428249521 0.000163833762 0.082509897680
-0.014946358281 -0.050853782470 0.040474107996 -0.307107846716 -0.946277683937 0.000385194562 -0.054402433682 -0.002766327618 -0.014425725266 0.026957195810 0.000370421362 -0.000334826451 0.043510850621
0.000460678810 0.001521405681 0.545727615407 -0.786709387639 0.278558512716 -0.000088637738 -0.014914668704 -0.036378400220 0.059712656795 -0.000454225508 0.023455087742 0.002933908990 -0.001391908119
-0.000122119758 -0.000415362096 0.833576292761 0.529981105184 -0.136327338531 0.000044596524 0.012559333064 -0.061728391632 -0.034129452601 0.000381373516 -0.003263979583 0.023267642216 0.000356001533
-0.050700893932 -0.116892178224 0.000033537854 -0.000460036327 -0.001439148018 0.984602971946 0.080625427412 0.003224453790 0.023888621636 -0.073204653725 0.004757603136 -0.000793550670 -0.043088664693
-0.012811560633 -0.034893760504 0.001612960668 0.018308510886 0.057365709435 0.095372648606 -0.902285895318 0.007786056186 -0.257089115126 0.314942950125 -0.005875137737 -0.013766414336 -0.078774066420
-0.000069881983 -0.000151396678 -0.034969360717 0.063567870958 -0.019542808315 -0.000052363374 -0.243090322683 -0.408009284537 0.840007993489 0.004321870411 0.251228933357 0.006459459803 -0.000164841433
-0.000617326783 -0.001683581942 -0.066634565122 -0.033237768694 0.010641467468 0.004797711406 0.107980968006 -0.875553768723 -0.392795581304 0.018684292097 -0.010840590824 0.247570942288 -0.003867601828
0.000542180230 -0.000415911383 0.002824308567 -0.000285682655 -0.005627802031 -0.034399729443 -0.220159415644 -0.150497686592 -0.133900920352 -0.749485242014 0.018342799176 -0.589619562473 0.003386445977
-0.000401822324 0.000305525309 0.003827142648 0.001453761408 0.004052439746 0.024945338506 0.187484089298 -0.193588704838 0.055814769311 0.540700855714 -0.309614975136 -0.731694485572 -0.002542695659
-0.000124369539 0.000073852287 -0.000971029492 0.004953847721 0.000143402747 0.004644181940 0.129896708027 0.039845349937 -0.216792458766 0.199106774645 0.916488016894 -0.234304335196 -0.000903009070

