Number of strings: 13 13, CI size = 169
String addressing array alpha: 1 13
0 1 2 3 4 5 6 7 8 9 10 11 12

Alpha strings 13 1
1
2
3
4
5
6
7
8
9
10
11
12
13

Is hamiltonian hermitian? 1
Implicit Hamiltonian constructed
E(core)= 0.000000000000
H(1,1) + E(core) energy = -0.999139716400
Davidson: iter=0 dim=0 root=0 eigenvalue=-0.999139716400
Davidson: iter=1 dim=1 root=0 eigenvalue=-1.032130198498
Davidson: iter=2 dim=2 root=0 eigenvalue=-1.035041239527
Davidson: iter=3 dim=3 root=0 eigenvalue=-1.035538039368
Davidson: iter=4 dim=4 root=0 eigenvalue=-1.035585801593
Davidson: iter=5 dim=5 root=0 eigenvalue=-1.035590389436
Davidson: iter=6 dim=6 root=0 eigenvalue=-1.035590926850
Davidson: iter=7 dim=7 root=0 eigenvalue=-1.035590953441
Davidson: iter=8 dim=8 root=0 eigenvalue=-1.035590955996
Davidson: iter=9 dim=9 root=0 eigenvalue=-1.035590956262
Davidson: iter=10 dim=10 root=0 eigenvalue=-1.035590956281
Davidson: iter=11 dim=11 root=0 eigenvalue=-1.035590956282
Davidson: iter=11 dim=11 root=1 eigenvalue=-0.707108894406
root no. 0 converged
Davidson: iter=12 dim=12 root=0 eigenvalue=-1.035590956282
Davidson: iter=12 dim=12 root=1 eigenvalue=-0.718311217945
Davidson: iter=13 dim=13 root=0 eigenvalue=-1.035590956282
Davidson: iter=13 dim=13 root=1 eigenvalue=-0.719209043645
Davidson: iter=14 dim=14 root=0 eigenvalue=-1.035590956282
Davidson: iter=14 dim=14 root=1 eigenvalue=-0.719303150423
Davidson: iter=15 dim=15 root=0 eigenvalue=-1.035590956282
Davidson: iter=15 dim=15 root=1 eigenvalue=-0.719320360596
Davidson: iter=16 dim=16 root=0 eigenvalue=-1.035590956282
Davidson: iter=16 dim=16 root=1 eigenvalue=-0.719323124752
Davidson: iter=17 dim=17 root=0 eigenvalue=-1.035590956282
Davidson: iter=17 dim=17 root=1 eigenvalue=-0.719323508964
Davidson: iter=18 dim=18 root=0 eigenvalue=-1.035590956282
Davidson: iter=18 dim=18 root=1 eigenvalue=-0.719323582044
Davidson: iter=19 dim=19 root=0 eigenvalue=-1.035590956282
Davidson: iter=19 dim=19 root=1 eigenvalue=-0.719323592349
Davidson: iter=20 dim=20 root=0 eigenvalue=-1.035590956282
Davidson: iter=20 dim=20 root=1 eigenvalue=-0.719323595790
Davidson: iter=21 dim=21 root=0 eigenvalue=-1.035590956282
Davidson: iter=21 dim=21 root=1 eigenvalue=-0.719323599195
Davidson: iter=22 dim=22 root=0 eigenvalue=-1.035590956282
Davidson: iter=22 dim=22 root=1 eigenvalue=-0.719323600452
Davidson: iter=23 dim=23 root=0 eigenvalue=-1.035590956282
Davidson: iter=23 dim=23 root=1 eigenvalue=-0.719323600652
Davidson: iter=24 dim=24 root=0 eigenvalue=-1.035590956282
Davidson: iter=24 dim=24 root=1 eigenvalue=-0.719323600656
Davidson: iter=25 dim=25 root=0 eigenvalue=-1.035590956282
Davidson: iter=25 dim=25 root=1 eigenvalue=-0.719323600656
root no. 1 converged
Davidson converged in 25 iterations.
E(core)= 0.000000000000
E(0)= -1.035590956282
E(1)= -0.719323600656
FCI Excitation energies = 2
0.000000000000 0.316267355626

Vacuum coefficients in CI state 0 = 0.982098769171
Vacuum coefficients in CI state 1 = -0.042626166223
Eigenvector 0 in string basis
0: 0.982098769171 seniority 0 ... 1
1
 | 1
1

14: -0.143445594131 seniority 0 ... 1
2
 | 1
2

28: -0.067088822593 seniority 0 ... 1
3
 | 1
3

42: -0.068531980507 seniority 0 ... 1
4
 | 1
4

56: -0.068536168283 seniority 0 ... 1
5
 | 1
5

Eigenvector 1 in string basis
1: -0.623205476578 seniority 2 ... 1
1
 | 1
2

5: 0.238929935906 seniority 2 ... 1
1
 | 1
6

13: -0.623205477003 seniority 2 ... 1
2
 | 1
1

14: -0.264987962924 seniority 0 ... 1
2
 | 1
2

18: 0.104255902794 seniority 2 ... 1
2
 | 1
6

65: 0.238929935964 seniority 2 ... 1
6
 | 1
1

66: 0.104255902809 seniority 2 ... 1
6
 | 1
2

Seniority vectors for all roots (nroots/seniority)
2 2
0.999808521179 0.000191478821
0.073296238177 0.926703761823

Calculating transition densities
Root 0 MO occupations numbers (density matrix diagonal)
13
1.929213961913 0.041159536194 0.009054324437 0.009395972068 0.009397051059 0.000438613622 0.000264263381 0.000264233614 0.000206427227 0.000164321734 0.000162315436 0.000139493195 0.000139486120
Root 1 MO occupations numbers (density matrix diagonal)
13
0.897051089678 0.941762433927 0.006630864959 0.003404741892 0.003402954853 0.136539076658 0.003426683076 0.003427468527 0.004097030481 0.000038586084 0.000038751017 0.000089916855 0.000090401993
Transition densities done:
Trandens between roots 0 0
13 13
1.929213961913 -0.002318346481 0.008731114924 0.000297401678 0.000150366433 0.015025734850 -0.000012189732 0.000014844746 0.004069560418 0.000015619935 -0.000014384885 0.000003474316 -0.000079550829
-0.002318346481 0.041159536194 0.000384160226 0.000010363932 0.000005185355 -0.000089323847 -0.000000246685 0.000001688661 0.000165999635 0.000000674644 -0.000000568588 0.000000153938 -0.000006125059
0.008731114924 0.000384160226 0.009054324437 -0.000014681324 -0.000007295534 -0.000086254907 -0.000000825904 0.000008254743 0.000220527817 0.000000494897 -0.000000403286 0.000000061506 -0.000002440586
0.000297401678 0.000010363932 -0.000014681324 0.009395972068 -0.000001663917 -0.000002005224 -0.000066879866 -0.000165922798 0.000005681261 0.000001386723 0.000001310574 -0.000015385147 -0.000036543922
0.000150366433 0.000005185355 -0.000007295534 -0.000001663917 0.009397051059 -0.000000912759 0.000165358154 -0.000066407790 0.000003070032 -0.000000678827 -0.000001322745 0.000036502474 -0.000015168214
0.015025734850 -0.000089323847 -0.000086254907 -0.000002005224 -0.000000912759 0.000438613622 -0.000000083827 -0.000000075314 0.000015939526 0.000000164204 -0.000000153529 0.000000033567 -0.000000648156
-0.000012189732 -0.000000246685 -0.000000825904 -0.000066879866 0.000165358154 -0.000000083827 0.000264263381 0.000000021354 0.000000015283 -0.000000086619 0.000000070934 -0.000008753405 0.000000128910
0.000014844746 0.000001688661 0.000008254743 -0.000165922798 -0.000066407790 -0.000000075314 0.000000021354 0.000264233614 0.000000058776 -0.000000107139 -0.000000041566 -0.000000128373 -0.000008725390
0.004069560418 0.000165999635 0.000220527817 0.000005681261 0.000003070032 0.000015939526 0.000000015283 0.000000058776 0.000206427227 -0.000000085842 0.000000077043 -0.000000038676 0.000000811471
0.000015619935 0.000000674644 0.000000494897 0.000001386723 -0.000000678827 0.000000164204 -0.000000086619 -0.000000107139 -0.000000085842 0.000164321734 0.000002654481 0.000000188293 0.000000124185
-0.000014384885 -0.000000568588 -0.000000403286 0.000001310574 -0.000001322745 -0.000000153529 0.000000070934 -0.000000041566 0.000000077043 0.000002654481 0.000162315436 0.000000427279 0.000000073974
0.000003474316 0.000000153938 0.000000061506 -0.000015385147 0.000036502474 0.000000033567 -0.000008753405 -0.000000128373 -0.000000038676 0.000000188293 0.000000427279 0.000139493195 -0.000000008544
-0.000079550829 -0.000006125059 -0.000002440586 -0.000036543922 -0.000015168214 -0.000000648156 0.000000128910 -0.000008725390 0.000000811471 0.000000124185 0.000000073974 -0.000000008544 0.000139486120

Trandens between roots 0 1
13 13
-0.078529632502 -1.222132117745 -0.015423114321 -0.000214188689 0.000502579771 0.469291612642 0.000085174580 -0.000390048023 -0.067324938517 -0.000049754603 0.000040337640 0.000137201154 -0.000143554133
0.179063317749 0.077859650528 0.010628368360 0.000344509416 0.000141442212 -0.030600078988 -0.000001546773 0.000027304910 0.001831541099 0.000016905096 -0.000014653929 -0.000000838208 -0.000115871932
0.002417868119 -0.000248192168 -0.003879542651 -0.000133966234 -0.000067767194 -0.000019792590 -0.000018626301 0.000197250584 0.003352249718 0.000000648484 -0.000000564940 -0.000002561038 0.000008888232
0.000048624808 -0.000021969869 -0.000134272685 0.000827448198 -0.000002185998 0.000006669846 -0.002089948673 -0.005177617395 0.000103680050 0.000002015355 0.000000536104 -0.000071949854 -0.000170385838
-0.000018537708 -0.000026486102 -0.000070735107 -0.000002448846 0.000832853464 0.000007796408 0.005180747250 -0.002088333514 0.000056556697 -0.000002657362 -0.000005226374 0.000171038237 -0.000071841805
-0.006970566173 -0.012463869976 -0.000493001274 -0.000013290295 -0.000001025625 0.003609258414 0.000001021706 -0.000004069351 -0.000699204115 -0.000000792144 0.000000665172 0.000001067325 0.000001696995
-0.000002188253 0.000006911494 -0.000003042714 -0.000353966380 0.000877487646 -0.000002498406 -0.000059272910 0.000000117821 0.000000443693 -0.000000092826 -0.000000006417 -0.000004580728 0.000000067553
0.000012957981 -0.000002837365 0.000032907279 -0.000877006910 -0.000353718287 0.000001521728 0.000000278771 -0.000058875676 -0.000000056301 -0.000000152294 0.000000051848 -0.000000058834 -0.000004502613
0.001349311733 -0.002044199417 0.000479232270 0.000015779307 0.000009789637 0.000758327747 0.000000198969 -0.000000203570 -0.000226445267 -0.000000206062 0.000000175489 0.000000159359 0.000000553214
0.000001939113 -0.000007787232 -0.000000258264 0.000000566291 -0.000000457727 0.000003034350 -0.000000626531 -0.000000632997 -0.000000510324 -0.000079606530 -0.000000052936 0.000000035912 -0.000000036272
-0.000001501659 0.000007375205 0.000000204931 0.000000142210 -0.000000556376 -0.000002863735 -0.000000863609 -0.000000356966 0.000000502154 -0.000000055196 -0.000079284920 0.000000431076 0.000000050452
-0.000000956093 -0.000002016579 -0.000000481012 -0.000002589496 0.000006147916 0.000000699374 0.000016589096 0.000000260678 -0.000000112358 0.000000052181 0.000000449965 -0.000108240216 0.000000017054
-0.000018635985 0.000032162929 0.000002755333 -0.000006062799 -0.000002581396 -0.000012980746 -0.000000144791 0.000016576135 0.000002219637 -0.000000005904 0.000000068428 0.000000016250 -0.000108309930

Trandens between roots 1 0
13 13
-0.078529632502 0.179063317749 0.002417868119 0.000048624808 -0.000018537708 -0.006970566173 -0.000002188253 0.000012957981 0.001349311733 0.000001939113 -0.000001501659 -0.000000956093 -0.000018635985
-1.222132117745 0.077859650528 -0.000248192168 -0.000021969869 -0.000026486102 -0.012463869976 0.000006911494 -0.000002837365 -0.002044199417 -0.000007787232 0.000007375205 -0.000002016579 0.000032162929
-0.015423114321 0.010628368360 -0.003879542651 -0.000134272685 -0.000070735107 -0.000493001274 -0.000003042714 0.000032907279 0.000479232270 -0.000000258264 0.000000204931 -0.000000481012 0.000002755333
-0.000214188689 0.000344509416 -0.000133966234 0.000827448198 -0.000002448846 -0.000013290295 -0.000353966380 -0.000877006910 0.000015779307 0.000000566291 0.000000142210 -0.000002589496 -0.000006062799
0.000502579771 0.000141442212 -0.000067767194 -0.000002185998 0.000832853464 -0.000001025625 0.000877487646 -0.000353718287 0.000009789637 -0.000000457727 -0.000000556376 0.000006147916 -0.000002581396
0.469291612642 -0.030600078988 -0.000019792590 0.000006669846 0.000007796408 0.003609258414 -0.000002498406 0.000001521728 0.000758327747 0.000003034350 -0.000002863735 0.000000699374 -0.000012980746
0.000085174580 -0.000001546773 -0.000018626301 -0.002089948673 0.005180747250 0.000001021706 -0.000059272910 0.000000278771 0.000000198969 -0.000000626531 -0.000000863609 0.000016589096 -0.000000144791
-0.000390048023 0.000027304910 0.000197250584 -0.005177617395 -0.002088333514 -0.000004069351 0.000000117821 -0.000058875676 -0.000000203570 -0.000000632997 -0.000000356966 0.000000260678 0.000016576135
-0.067324938517 0.001831541099 0.003352249718 0.000103680050 0.000056556697 -0.000699204115 0.000000443693 -0.000000056301 -0.000226445267 -0.000000510324 0.000000502154 -0.000000112358 0.000002219637
-0.000049754603 0.000016905096 0.000000648484 0.000002015355 -0.000002657362 -0.000000792144 -0.000000092826 -0.000000152294 -0.000000206062 -0.000079606530 -0.000000055196 0.000000052181 -0.000000005904
0.000040337640 -0.000014653929 -0.000000564940 0.000000536104 -0.000005226374 0.000000665172 -0.000000006417 0.000000051848 0.000000175489 -0.000000052936 -0.000079284920 0.000000449965 0.000000068428
0.000137201154 -0.000000838208 -0.000002561038 -0.000071949854 0.000171038237 0.000001067325 -0.000004580728 -0.000000058834 0.000000159359 0.000000035912 0.000000431076 -0.000108240216 0.000000016250
-0.000143554133 -0.000115871932 0.000008888232 -0.000170385838 -0.000071841805 0.000001696995 0.000000067553 -0.000004502613 0.000000553214 -0.000000036272 0.000000050452 0.000000017054 -0.000108309930

Trandens between roots 1 1
13 13
0.897051089678 0.434237960596 0.055733691772 0.001774022227 0.000712530720 -0.147672909243 -0.000038414182 0.000163754879 0.012375945632 0.000081285333 -0.000070314546 -0.000007994380 -0.000545676509
0.434237960596 0.941762433927 0.031132924974 0.000828867030 -0.000036361897 -0.352871895973 -0.000068025581 0.000303061536 0.048669406184 0.000065747546 -0.000055231975 -0.000089346977 -0.000140870633
0.055733691772 0.031132924974 0.006630864959 0.000096579719 0.000035655300 -0.010714685425 -0.000000420180 -0.000002727812 -0.000944046964 0.000004160570 -0.000003570200 0.000000081581 -0.000031319818
0.001774022227 0.000828867030 0.000096579719 0.003404741892 0.000001694262 -0.000280480186 0.000036694473 0.000091454610 -0.000032657826 0.000000736186 -0.000000393030 0.000016145262 0.000037102946
0.000712530720 -0.000036361897 0.000035655300 0.000001694262 0.003402954853 0.000030960008 -0.000090175621 0.000036414626 -0.000040520494 0.000000047101 0.000000323955 -0.000038281306 0.000015562037
-0.147672909243 -0.352871895973 -0.010714685425 -0.000280480186 0.000030960008 0.136539076658 0.000024454125 -0.000115237986 -0.018295923649 -0.000024232424 0.000020332829 0.000034569951 0.000046166047
-0.000038414182 -0.000068025581 -0.000000420180 0.000036694473 -0.000090175621 0.000024454125 0.003426683076 -0.000000520652 -0.000001854220 -0.000001917249 -0.000003225929 0.000125639753 -0.000001955174
0.000163754879 0.000303061536 -0.000002727812 0.000091454610 0.000036414626 -0.000115237986 -0.000000520652 0.003427468527 0.000015044224 -0.000000363001 0.000000780916 0.000001767581 0.000125228618
0.012375945632 0.048669406184 -0.000944046964 -0.000032657826 -0.000040520494 -0.018295923649 -0.000001854220 0.000015044224 0.004097030481 0.000003195353 -0.000002694410 -0.000005672084 -0.000002029807
0.000081285333 0.000065747546 0.000004160570 0.000000736186 0.000000047101 -0.000024232424 -0.000001917249 -0.000000363001 0.000003195353 0.000038586084 -0.000000580407 -0.000000211025 -0.000000094880
-0.000070314546 -0.000055231975 -0.000003570200 -0.000000393030 0.000000323955 0.000020332829 -0.000003225929 0.000000780916 -0.000002694410 -0.000000580407 0.000038751017 -0.000000868209 -0.000000034931
-0.000007994380 -0.000089346977 0.000000081581 0.000016145262 -0.000038281306 0.000034569951 0.000125639753 0.000001767581 -0.000005672084 -0.000000211025 -0.000000868209 0.000089916855 -0.000000037260
-0.000545676509 -0.000140870633 -0.000031319818 0.000037102946 0.000015562037 0.000046166047 -0.000001955174 0.000125228618 -0.000002029807 -0.000000094880 -0.000000034931 -0.000000037260 0.000090401993

State 0 :
Natural orbital occupations
13
1.929382192078 0.041162409891 0.009401947598 0.009399181064 0.009016199312 0.000319840674 0.000261525706 0.000261466003 0.000191465348 0.000166162236 0.000160482537 0.000138578415 0.000138549139
Natural orbitals (in MO basis)
13 13
-0.999956335443 -0.001175833025 -0.000009314720 0.000038245484 0.004472349371 0.007644740796 -0.000000473319 -0.000021034630 -0.002736966668 -0.000005091304 -0.000020818162 0.000036843900 0.000076535038
0.001226996210 -0.999912808819 -0.000045652320 0.000205003276 0.012438283976 -0.001935959997 0.000002960004 -0.000038417291 -0.003783313500 -0.000010441235 -0.000041600290 0.000095232785 0.000201059259
-0.004546126332 -0.012317008975 0.010149580975 -0.045887029745 -0.998392516034 -0.019741764712 0.000074228718 -0.000824355494 -0.020989297109 -0.000049287852 -0.000177988626 0.000260851475 0.000547146106
-0.000154848036 -0.000332367685 -0.629174270570 0.775867282225 -0.042043341605 -0.000514533168 -0.010154526015 0.016278806081 -0.000399143709 -0.000124042400 0.000017873846 0.000074583813 0.005775928673
-0.000078291537 -0.000166360010 0.776940668329 0.628906852880 -0.021000488657 -0.000255634650 0.016219338832 0.010100750181 -0.000216027504 0.000077623680 -0.000029370409 0.005752769379 -0.000092747443
-0.007789149293 0.001783819806 -0.000051292709 0.000265819426 0.017714425301 -0.995420221563 -0.000433039428 0.001862433694 0.093577022580 0.000015262253 -0.000033248696 -0.000300218600 -0.000669837220
0.000006319315 0.000006497350 0.018659957187 0.005706787337 0.000011955501 0.000027127100 -0.981595944881 -0.173385265538 -0.000826085746 0.001396126057 0.000098533868 -0.071583204121 0.029989863213
-0.000007697071 -0.000042621946 0.005786176731 -0.018701901454 0.000023999281 0.002185986525 -0.173384102728 0.981605970986 0.003572803757 0.001460690653 0.000322972133 0.029863643696 0.071363916847
-0.002109868320 -0.004235287706 0.000109197981 -0.000390649718 -0.022693968205 0.093168061663 -0.000328664503 -0.002327247523 0.995162042355 0.001405268050 0.005280122504 -0.008794606545 -0.017942355881
-0.000008097535 -0.000017041728 -0.000151220590 0.000068044801 -0.000051390905 -0.000403895573 0.000955218439 -0.000855793370 -0.004233245162 0.822156088255 0.569200466381 0.003138361316 -0.006370831185
0.000007457060 0.000014379732 -0.000200621971 0.000022116252 0.000033807554 0.000365911005 -0.000614188926 -0.000479849706 0.003489878386 0.569045728963 -0.822097499800 0.015494541620 -0.009466550758
-0.000001801206 -0.000003889344 0.004089258303 0.001184672122 -0.000018285494 -0.000076684684 0.076722612608 0.012381945001 -0.000792291940 0.014629753932 -0.011750737381 -0.913774832060 0.398252451939
0.000041239594 0.000152562794 0.001202262957 -0.004062931508 0.000431416214 0.000977365348 0.012378309461 -0.076527127977 0.019725987702 0.005119904476 0.000648244845 0.398295142088 0.913737647526

State 1 :
Natural orbital occupations
13
1.456916217555 0.521120654255 0.004414253781 0.003518727773 0.003516809196 0.003485135405 0.003317498381 0.003315698405 0.000148026434 0.000084916270 0.000084758112 0.000039234062 0.000038070371
Natural orbitals (in MO basis)
13 13
-0.635648442754 0.769248135263 -0.055753190562 -0.001908310360 -0.000995534205 0.026777229610 0.000133122280 -0.000141432810 0.019427037383 0.000905301712 -0.000071298551 0.000141946283 0.000017022172
-0.723060649786 -0.587088267786 -0.004922790897 0.036380103646 0.013095754098 -0.355402431336 -0.000519427381 0.000154468526 0.068412185554 -0.000093696851 0.000000762768 0.000013420448 0.000003867638
-0.041886802581 0.042801904931 0.829536372312 0.022707498442 0.003218226154 -0.099505464129 0.015828644434 -0.019299960208 -0.545173076653 -0.004245306211 0.000327305124 -0.000845971386 -0.000107148752
-0.001241349729 0.001574453377 0.017684197741 -0.583493240065 -0.285297323350 -0.073142940402 -0.164608887242 0.738227129724 -0.016343490149 -0.009915936697 0.005794968967 0.000102067584 0.000165171699
-0.000287985194 0.001121028921 0.009150274647 -0.286021008582 0.587540606732 -0.009594409397 -0.738496131631 -0.165032266237 -0.008220379416 -0.005827989097 -0.009857253069 0.000024580559 -0.000082227639
0.265127174371 0.244277523232 -0.084156419182 0.095656256634 0.033247113071 -0.922400404973 0.000135430325 -0.000016598384 0.043303623846 -0.000675049876 0.000236960577 -0.000195635532 -0.000023201098
0.000055145470 0.000031675832 0.000961957784 0.054444939295 -0.753759784396 -0.021620016711 -0.538194496436 -0.370637220461 0.000700615038 0.005526633700 0.036836663473 -0.000037177814 -0.000583608571
-0.000243717535 -0.000156080496 -0.009561330065 -0.749965199106 -0.051863639215 -0.078864375725 0.370641346407 -0.538325440149 -0.001582712722 -0.036736111842 0.005460653066 -0.000307547883 0.000152044817
-0.032948931152 -0.045574034701 -0.548785251581 0.009085057942 -0.000084136580 -0.009678638793 -0.001120886923 0.000593222716 -0.833945138192 -0.005418837171 -0.000145983208 -0.000637270473 -0.000092209516
-0.000072699045 0.000034626523 -0.000252221728 -0.000066048804 0.000366966974 0.000212799221 0.000237431565 0.000416651215 0.000752975769 -0.000472677610 0.002873633946 -0.658927911490 -0.752199757317
0.000061954776 -0.000032100562 0.000224750006 -0.000189913947 0.000786565034 -0.000171793550 0.000558236526 0.000155060921 -0.000653310430 -0.000130019106 0.016338415368 0.752133282550 -0.658807302955
0.000054248906 0.000105555782 0.000276511260 0.002061028511 -0.035572928513 -0.001169162239 -0.012794019416 -0.009082980868 0.000890060053 -0.132772094053 -0.990243968188 0.010340009298 -0.012783601583
0.000317302113 -0.000627548218 0.000454182941 -0.035154517600 -0.001847171677 -0.004916523188 0.009104447966 -0.012776722503 -0.007036766550 0.990358664019 -0.132755363708 0.001153071789 -0.002150258154

