Number of strings: 13 13, CI size = 169
String addressing array alpha: 1 13
0 1 2 3 4 5 6 7 8 9 10 11 12

Alpha strings 13 1
1
2
3
4
5
6
7
8
9
10
11
12
13

Is hamiltonian hermitian? 1
Implicit Hamiltonian constructed
E(core)= 0.000000000000
H(1,1) + E(core) energy = -0.855592801000
Davidson: iter=0 dim=0 root=0 eigenvalue=-0.855592801000
Davidson: iter=1 dim=1 root=0 eigenvalue=-0.893878609563
Davidson: iter=2 dim=2 root=0 eigenvalue=-0.897547622471
Davidson: iter=3 dim=3 root=0 eigenvalue=-0.898824019795
Davidson: iter=4 dim=4 root=0 eigenvalue=-0.898997054949
Davidson: iter=5 dim=5 root=0 eigenvalue=-0.899013385648
Davidson: iter=6 dim=6 root=0 eigenvalue=-0.899015526433
Davidson: iter=7 dim=7 root=0 eigenvalue=-0.899015672515
Davidson: iter=8 dim=8 root=0 eigenvalue=-0.899015686144
Davidson: iter=9 dim=9 root=0 eigenvalue=-0.899015686682
Davidson: iter=10 dim=10 root=0 eigenvalue=-0.899015686716
Davidson: iter=11 dim=11 root=0 eigenvalue=-0.899015686720
Davidson: iter=12 dim=12 root=0 eigenvalue=-0.899015686720
Davidson: iter=12 dim=12 root=1 eigenvalue=-0.726556461562
root no. 0 converged
Davidson: iter=13 dim=13 root=0 eigenvalue=-0.899015686720
Davidson: iter=13 dim=13 root=1 eigenvalue=-0.729274637067
Davidson: iter=14 dim=14 root=0 eigenvalue=-0.899015686720
Davidson: iter=14 dim=14 root=1 eigenvalue=-0.729350760218
Davidson: iter=15 dim=15 root=0 eigenvalue=-0.899015686720
Davidson: iter=15 dim=15 root=1 eigenvalue=-0.729364062197
Davidson: iter=16 dim=16 root=0 eigenvalue=-0.899015686720
Davidson: iter=16 dim=16 root=1 eigenvalue=-0.729366584357
Davidson: iter=17 dim=17 root=0 eigenvalue=-0.899015686720
Davidson: iter=17 dim=17 root=1 eigenvalue=-0.729367049028
Davidson: iter=18 dim=18 root=0 eigenvalue=-0.899015686720
Davidson: iter=18 dim=18 root=1 eigenvalue=-0.729367099731
Davidson: iter=19 dim=19 root=0 eigenvalue=-0.899015686720
Davidson: iter=19 dim=19 root=1 eigenvalue=-0.729367106937
Davidson: iter=20 dim=20 root=0 eigenvalue=-0.899015686720
Davidson: iter=20 dim=20 root=1 eigenvalue=-0.729367110750
Davidson: iter=21 dim=21 root=0 eigenvalue=-0.899015686720
Davidson: iter=21 dim=21 root=1 eigenvalue=-0.729367111633
Davidson: iter=22 dim=22 root=0 eigenvalue=-0.899015686720
Davidson: iter=22 dim=22 root=1 eigenvalue=-0.729367111763
Davidson: iter=23 dim=23 root=0 eigenvalue=-0.899015686720
Davidson: iter=23 dim=23 root=1 eigenvalue=-0.729367111775
Davidson: iter=24 dim=24 root=0 eigenvalue=-0.899015686720
Davidson: iter=24 dim=24 root=1 eigenvalue=-0.729367111776
root no. 1 converged
Davidson converged in 24 iterations.
E(core)= 0.000000000000
E(0)= -0.899015686720
E(1)= -0.729367111776
FCI Excitation energies = 2
0.000000000000 0.169648574945

Vacuum coefficients in CI state 0 = -0.960036327144
Vacuum coefficients in CI state 1 = -0.160433188479
Eigenvector 0 in string basis
0: -0.960036327144 seniority 0 ... 1
1
 | 1
1

14: 0.250055662702 seniority 0 ... 1
2
 | 1
2

28: 0.058290844432 seniority 0 ... 1
3
 | 1
3

42: 0.058287861206 seniority 0 ... 1
4
 | 1
4

56: 0.058298685879 seniority 0 ... 1
5
 | 1
5

Eigenvector 1 in string basis
0: -0.160433188479 seniority 0 ... 1
1
 | 1
1

1: 0.569177312226 seniority 2 ... 1
1
 | 1
2

2: -0.057727002132 seniority 2 ... 1
1
 | 1
3

5: -0.221117594189 seniority 2 ... 1
1
 | 1
6

13: 0.569177311477 seniority 2 ... 1
2
 | 1
1

14: -0.425982773350 seniority 0 ... 1
2
 | 1
2

18: 0.120399930745 seniority 2 ... 1
2
 | 1
6

26: -0.057727002105 seniority 2 ... 1
3
 | 1
1

65: -0.221117594107 seniority 2 ... 1
6
 | 1
1

66: 0.120399930702 seniority 2 ... 1
6
 | 1
2

Seniority vectors for all roots (nroots/seniority)
2 2
0.995115920917 0.004884079083
0.213464080732 0.786535919268

Calculating transition densities
Root 0 MO occupations numbers (density matrix diagonal)
13
1.848132481970 0.127566631161 0.007161773600 0.006812410066 0.006814923273 0.002435675039 0.000225268612 0.000225294398 0.000215519928 0.000101325474 0.000098611082 0.000098739426 0.000111345970
Root 1 MO occupations numbers (density matrix diagonal)
13
0.804389263213 1.039977672422 0.012185234156 0.004362124443 0.004368586009 0.128783207106 0.001655006887 0.001654484961 0.001928030261 0.000213664155 0.000182220740 0.000181214642 0.000119291006
Transition densities done:
Trandens between roots 0 0
13 13
1.848132481970 0.050338375609 -0.023153561101 -0.000112305610 0.000103366824 -0.059473293986 -0.000095016430 -0.000050384207 -0.004640436098 0.000053479045 0.000033430291 -0.000030112306 -0.000015100353
0.050338375609 0.127566631161 0.000040240183 -0.000001131089 0.000007239911 -0.001104295739 -0.000004138934 -0.000003076643 -0.000189968377 0.000339198389 0.000008491175 -0.000010268138 -0.000009877944
-0.023153561101 0.000040240183 0.007161773600 0.000000214360 0.000008517776 0.000289475441 0.000010088005 0.000006488782 0.000451665098 -0.000032449628 -0.000000119318 0.000000989985 0.000000877242
-0.000112305610 -0.000001131089 0.000000214360 0.006812410066 -0.000002966043 0.000001655476 0.000094141162 -0.000393414671 0.000004438111 -0.000000305510 -0.000000092647 -0.000007134080 -0.000000339362
0.000103366824 0.000007239911 0.000008517776 -0.000002966043 0.006814923273 -0.000002220530 0.000393191169 0.000094324151 -0.000009723151 0.000000793770 -0.000007094201 -0.000000358083 -0.000000270102
-0.059473293986 -0.001104295739 0.000289475441 0.000001655476 -0.000002220530 0.002435675039 0.000002376519 0.000001299759 0.000120364826 -0.000006961482 -0.000000877811 0.000001052010 0.000000630173
-0.000095016430 -0.000004138934 0.000010088005 0.000094141162 0.000393191169 0.000002376519 0.000225268612 0.000000067368 0.000000117263 -0.000000215017 -0.000010370044 -0.000002403765 -0.000000993677
-0.000050384207 -0.000003076643 0.000006488782 -0.000393414671 0.000094324151 0.000001299759 0.000000067368 0.000225294398 0.000000029952 0.000000088901 -0.000002431876 0.000010314137 0.000001092158
-0.004640436098 -0.000189968377 0.000451665098 0.000004438111 -0.000009723151 0.000120364826 0.000000117263 0.000000029952 0.000215519928 -0.000017232198 0.000000045812 0.000000379497 0.000000454885
0.000053479045 0.000339198389 -0.000032449628 -0.000000305510 0.000000793770 -0.000006961482 -0.000000215017 0.000000088901 -0.000017232198 0.000101325474 -0.000000041405 -0.000000095988 0.000000141234
0.000033430291 0.000008491175 -0.000000119318 -0.000000092647 -0.000007094201 -0.000000877811 -0.000010370044 -0.000002431876 0.000000045812 -0.000000041405 0.000098611082 0.000000078851 -0.000000836368
-0.000030112306 -0.000010268138 0.000000989985 -0.000007134080 -0.000000358083 0.000001052010 -0.000002403765 0.000010314137 0.000000379497 -0.000000095988 0.000000078851 0.000098739426 -0.000001060605
-0.000015100353 -0.000009877944 0.000000877242 -0.000000339362 -0.000000270102 0.000000630173 -0.000000993677 0.000001092158 0.000000454885 0.000000141234 -0.000000836368 -0.000001060605 0.000111345970

Trandens between roots 0 1
13 13
0.252587227271 -1.055118874137 0.112130800305 0.000692977788 -0.001138463511 0.418183843570 -0.000864873558 -0.000390480833 -0.031166856262 0.001178008558 -0.000702966060 0.000296993802 0.000113140232
0.294872813829 -0.252736428643 0.006735823402 0.000053648830 -0.000137466630 0.075992957765 -0.000112490247 -0.000049437812 -0.003978084667 -0.001765953686 -0.000133711578 0.000086282638 0.000065265411
-0.007406046054 0.012810645454 0.003630178690 -0.000002551333 0.000013693509 -0.004270753623 -0.000053162980 -0.000040799254 -0.002355208708 0.000575371155 0.000014285372 -0.000016567721 -0.000015340672
-0.000047412453 0.000067941647 -0.000000735965 0.004222940322 -0.000001535316 -0.000021095509 -0.000727845907 0.003040175273 -0.000025675883 0.000015008937 0.000002518038 0.000549528628 0.000065575569
0.000084103866 -0.000088042765 0.000006474126 -0.000001493320 0.004228915653 0.000025795529 -0.003039540966 -0.000726815491 0.000069042511 -0.000008485050 0.000553067553 -0.000003952106 0.000036992738
-0.013802768068 0.037402622304 -0.003611796280 -0.000022335341 0.000037353393 -0.012541360311 0.000034248916 0.000015811943 0.001323271759 -0.000063933545 0.000023043255 -0.000009162681 -0.000003022948
-0.000009691089 0.000053407978 -0.000011262129 -0.000078458879 -0.000326981379 -0.000019782482 0.000024172849 0.000000230897 0.000001519612 0.000000423871 0.000035720914 0.000008178594 0.000003661294
-0.000007684494 0.000030262001 -0.000007691602 0.000327247861 -0.000077964934 -0.000011090850 0.000000144777 0.000023969385 0.000000938924 -0.000000572915 0.000008440187 -0.000035547319 -0.000003941329
-0.000722500605 0.002701777050 -0.000495817564 -0.000003927505 0.000010020076 -0.000959025089 0.000002124102 0.000001085307 0.000108407144 0.000031206373 0.000001345563 -0.000001147806 -0.000001140690
0.000849841562 -0.000719668653 0.000083334410 0.000002187022 -0.000001262137 0.000172034962 -0.000000303323 -0.000000201062 0.000000450560 0.000107054810 -0.000000452298 0.000000318804 0.000000221029
0.000024387070 -0.000034094134 0.000003339854 0.000000350679 0.000079548950 0.000011848164 0.000006028086 0.000001408865 -0.000000909016 -0.000000199394 0.000115073847 0.000000059206 -0.000000108673
-0.000029153581 0.000036750294 -0.000003761224 0.000079042596 -0.000000740205 -0.000011436192 0.000001570594 -0.000006031814 0.000000616510 0.000000218779 0.000000046832 0.000115075327 0.000000124372
-0.000026576349 0.000028224906 -0.000002920154 0.000009914583 0.000005487676 -0.000007943941 0.000000662865 -0.000000644981 0.000000268221 0.000000169061 -0.000000085397 0.000000178984 0.000114773658

Trandens between roots 1 0
13 13
0.252587227271 0.294872813829 -0.007406046054 -0.000047412453 0.000084103866 -0.013802768068 -0.000009691089 -0.000007684494 -0.000722500605 0.000849841562 0.000024387070 -0.000029153581 -0.000026576349
-1.055118874137 -0.252736428643 0.012810645454 0.000067941647 -0.000088042765 0.037402622304 0.000053407978 0.000030262001 0.002701777050 -0.000719668653 -0.000034094134 0.000036750294 0.000028224906
0.112130800305 0.006735823402 0.003630178690 -0.000000735965 0.000006474126 -0.003611796280 -0.000011262129 -0.000007691602 -0.000495817564 0.000083334410 0.000003339854 -0.000003761224 -0.000002920154
0.000692977788 0.000053648830 -0.000002551333 0.004222940322 -0.000001493320 -0.000022335341 -0.000078458879 0.000327247861 -0.000003927505 0.000002187022 0.000000350679 0.000079042596 0.000009914583
-0.001138463511 -0.000137466630 0.000013693509 -0.000001535316 0.004228915653 0.000037353393 -0.000326981379 -0.000077964934 0.000010020076 -0.000001262137 0.000079548950 -0.000000740205 0.000005487676
0.418183843570 0.075992957765 -0.004270753623 -0.000021095509 0.000025795529 -0.012541360311 -0.000019782482 -0.000011090850 -0.000959025089 0.000172034962 0.000011848164 -0.000011436192 -0.000007943941
-0.000864873558 -0.000112490247 -0.000053162980 -0.000727845907 -0.003039540966 0.000034248916 0.000024172849 0.000000144777 0.000002124102 -0.000000303323 0.000006028086 0.000001570594 0.000000662865
-0.000390480833 -0.000049437812 -0.000040799254 0.003040175273 -0.000726815491 0.000015811943 0.000000230897 0.000023969385 0.000001085307 -0.000000201062 0.000001408865 -0.000006031814 -0.000000644981
-0.031166856262 -0.003978084667 -0.002355208708 -0.000025675883 0.000069042511 0.001323271759 0.000001519612 0.000000938924 0.000108407144 0.000000450560 -0.000000909016 0.000000616510 0.000000268221
0.001178008558 -0.001765953686 0.000575371155 0.000015008937 -0.000008485050 -0.000063933545 0.000000423871 -0.000000572915 0.000031206373 0.000107054810 -0.000000199394 0.000000218779 0.000000169061
-0.000702966060 -0.000133711578 0.000014285372 0.000002518038 0.000553067553 0.000023043255 0.000035720914 0.000008440187 0.000001345563 -0.000000452298 0.000115073847 0.000000046832 -0.000000085397
0.000296993802 0.000086282638 -0.000016567721 0.000549528628 -0.000003952106 -0.000009162681 0.000008178594 -0.000035547319 -0.000001147806 0.000000318804 0.000000059206 0.000115075327 0.000000178984
0.000113140232 0.000065265411 -0.000015340672 0.000065575569 0.000036992738 -0.000003022948 0.000003661294 -0.000003941329 -0.000001140690 0.000000221029 -0.000000108673 0.000000124372 0.000114773658

Trandens between roots 1 1
13 13
0.804389263213 -0.721542964007 0.013828098258 0.000117848760 -0.000355585787 0.193968533703 -0.000330991734 -0.000145211985 -0.010986598874 -0.004832343190 -0.000367121363 0.000235291012 0.000178560117
-0.721542964007 1.039977672422 -0.066902409266 -0.000436812904 0.000824445254 -0.347125211000 0.000679104896 0.000304437938 0.024311846537 0.002765809353 0.000610024056 -0.000313452019 -0.000181029001
0.013828098258 -0.066902409266 0.012185234156 0.000050898463 -0.000074172959 0.027917111923 -0.000108011307 -0.000061291566 -0.004380377986 0.000542441833 -0.000041200859 0.000009332468 -0.000003704134
0.000117848760 -0.000436812904 0.000050898463 0.004362124443 -0.000000234222 0.000178252630 -0.000592275203 0.002471721793 -0.000037305001 0.000011575801 0.000001674578 0.000393184759 0.000045814116
-0.000355585787 0.000824445254 -0.000074172959 -0.000000234222 0.004368586009 -0.000312022794 -0.002473093545 -0.000591188683 0.000082826142 -0.000006210160 0.000396549649 -0.000002879497 0.000025609023
0.193968533703 -0.347125211000 0.027917111923 0.000178252630 -0.000312022794 0.128783207106 -0.000240782762 -0.000107747525 -0.008593385138 -0.000557693384 -0.000215352050 0.000105134910 0.000055058640
-0.000330991734 0.000679104896 -0.000108011307 -0.000592275203 -0.002473093545 -0.000240782762 0.001655006887 -0.000000454174 0.000011804478 -0.000001875686 -0.000227062361 -0.000052702297 -0.000021105923
-0.000145211985 0.000304437938 -0.000061291566 0.002471721793 -0.000591188683 -0.000107747525 -0.000000454174 0.001654484961 0.000005157230 0.000003902360 -0.000052964552 0.000226139610 0.000022841622
-0.010986598874 0.024311846537 -0.004380377986 -0.000037305001 0.000082826142 -0.008593385138 0.000011804478 0.000005157230 0.001928030261 -0.000191283089 0.000018465729 -0.000004354582 0.000001744882
-0.004832343190 0.002765809353 0.000542441833 0.000011575801 -0.000006210160 -0.000557693384 -0.000001875686 0.000003902360 -0.000191283089 0.000213664155 0.000000750299 -0.000000678956 -0.000002294236
-0.000367121363 0.000610024056 -0.000041200859 0.000001674578 0.000396549649 -0.000215352050 -0.000227062361 -0.000052964552 0.000018465729 0.000000750299 0.000182220740 -0.000000274595 0.000003859932
0.000235291012 -0.000313452019 0.000009332468 0.000393184759 -0.000002879497 0.000105134910 -0.000052702297 0.000226139610 -0.000004354582 -0.000000678956 -0.000000274595 0.000181214642 0.000007273205
0.000178560117 -0.000181029001 -0.000003704134 0.000045814116 0.000025609023 0.000055058640 -0.000021105923 0.000022841622 0.000001744882 -0.000002294236 0.000003859932 0.000007273205 0.000119291006

State 0 :
Natural orbital occupations
13
1.851819268139 0.126103546693 0.006924639964 0.006840766878 0.006834928699 0.000486449661 0.000201607426 0.000201494790 0.000183303507 0.000111489441 0.000097627421 0.000097540240 0.000097337141
Natural orbitals (in MO basis)
13 13
-0.998975107266 -0.028966150398 0.010413457761 -0.001109023919 -0.000595792289 0.033095703750 0.000049798425 -0.000014432231 0.001711463261 -0.000000051609 0.000052058764 0.000268110734 -0.001157667429
-0.029184973250 0.999546190211 -0.005229683028 0.000501203003 0.000269354609 -0.004410231106 0.000030169053 0.000000232274 0.001281757645 -0.000025014718 -0.000164669113 -0.000470145177 0.002575829939
0.012543845072 0.005986709958 0.989001880659 -0.098835547499 -0.057713754691 0.071509654236 -0.001141260218 0.000114950233 -0.058762682911 -0.000045135069 -0.000242881674 -0.000636626534 0.003779261180
0.000060858710 0.000017887445 -0.015574857846 -0.614680927897 0.786252860677 0.000319114490 0.031667144657 0.052000194729 -0.000602467571 0.000300525253 0.004867588450 -0.000279859997 0.000246127087
-0.000056064057 0.000035903096 0.113709256085 0.780136842728 0.612151761029 -0.000251004723 -0.051954385678 0.031659985159 0.001172159491 0.000061442799 0.000198265630 0.004786123775 0.000963772967
0.032145036555 0.005018134128 -0.071394039035 0.007559746550 0.004085261867 0.996607603029 0.000475757002 -0.000220834583 0.000316187307 0.000137608643 0.001302306719 0.005110290561 -0.022707873106
0.000051429692 -0.000010308888 0.007775585016 0.037489274107 0.047536653178 -0.000409706963 0.704556525782 -0.700066197837 0.005279760195 -0.001383993666 -0.027765029370 -0.092172697337 -0.022025370044
0.000027282765 -0.000012510995 0.003384248658 0.047592124758 -0.038115225075 -0.000160844953 0.700122771841 0.704543508152 0.001737963125 0.004083914127 0.094533316221 -0.027541281726 -0.001587417315
0.002511747209 -0.000414694401 0.058083073529 -0.007395589995 -0.003826051566 -0.000294271059 -0.005139303476 0.002447190992 0.982446084853 0.001089636151 0.009609527808 0.036718052240 -0.172846750583
-0.000034561368 0.002676725348 -0.004941876597 0.000622584557 0.000327014036 -0.023315782145 -0.000063235856 0.001689824236 -0.176856480539 -0.017468008337 0.033093774305 0.197133181012 -0.963266005356
-0.000018185061 0.000059629911 -0.000094187499 -0.000891401877 -0.000717062449 0.000496206740 -0.083872014260 0.051622348169 0.000666002292 0.065421384133 -0.052482474693 -0.970863016307 -0.201715748008
0.000016432309 -0.000074446443 0.000110333304 0.000658854449 -0.000946365735 0.000429663011 0.051603369497 0.083275387639 0.003212388941 0.086670499349 -0.989066821222 0.064038094359 -0.022904595732
0.000008319635 -0.000074825658 0.000104683845 -0.000009029548 -0.000083711399 0.000614408406 0.000876880122 0.014519827757 0.004511590746 -0.993923155448 -0.089843807840 -0.061727568416 0.001486126851

State 1 :
Natural orbital occupations
13
1.750402321630 0.226787795589 0.005931397585 0.005924799789 0.005399680357 0.004699572760 0.000145937020 0.000145665274 0.000142666115 0.000128002043 0.000126912228 0.000118145980 0.000047103632
Natural orbitals (in MO basis)
13 13
-0.619413868914 0.764808282406 -0.000413866111 0.000523080593 0.078983512141 0.157871927236 -0.000344501227 -0.000610618459 0.006855060770 0.000075924228 -0.000088272365 0.000026773158 0.013596580304
0.747979459382 0.513683326538 -0.000245559209 0.000764819598 0.066548901223 0.414594049702 -0.000214364922 -0.000302582262 -0.003699895609 0.000145178832 -0.000516415287 0.000095998642 -0.018011582806
-0.037528230618 -0.157598260346 -0.008432523569 -0.001074137165 0.858198613048 0.145628687712 -0.000939851216 -0.001567137102 0.029701574604 0.002242299944 0.005342748849 -0.000089730749 0.463735356855
-0.000254249385 -0.000927372793 -0.088973736749 0.849971365268 0.000479461471 -0.000026924596 0.017852327850 -0.022336660757 -0.000665575667 -0.476006548967 -0.205464248670 0.000908023271 0.003808603359
0.000523033821 0.001233432590 -0.850071614316 -0.089050861614 -0.008272480943 -0.000956678512 0.022323293138 0.017832714621 0.001673158289 -0.205503397625 0.475719484594 0.000764005487 -0.004081388948
-0.234933505025 -0.353633462830 0.000265560935 -0.000000704339 -0.163321141142 0.883212834114 0.000364415435 0.000925366574 -0.006578151748 -0.000169927357 -0.000493118999 -0.000114088899 -0.113869662039
0.000441775379 0.000869193364 0.508431575488 -0.066879738940 -0.005265968747 0.001263971446 0.181116217740 0.084495959552 0.014915763714 -0.500014993495 0.668305411795 0.002835561132 0.013185817220
0.000196911810 0.000400488365 0.066674362190 0.508680172119 -0.006065500465 -0.000010751911 -0.085528998605 0.180296937679 0.010222463380 0.668286259231 0.500205512214 -0.001574032872 0.004557624503
0.015540850758 0.034764725475 -0.007244636497 -0.005149577277 -0.467476662992 0.042909445990 -0.010590423295 -0.018155347814 0.236336576977 0.004008973279 -0.012692958148 -0.000294029981 0.849482913940
0.002953781463 -0.009577452428 0.000262280829 0.002173597958 0.086475247388 -0.008465558903 -0.024899687606 -0.080609906047 0.967043154266 0.002665492581 0.002379510027 0.021372599492 -0.222677236434
0.000420638559 0.000512497582 -0.079330356407 -0.007907372642 0.000206049933 -0.000249345210 0.763547646006 0.606490326140 0.071506407686 0.074038894310 -0.169983703469 -0.057600483044 -0.000949244075
-0.000231627436 -0.000089053976 -0.007706795339 0.078865181903 -0.001984865879 0.000254557082 0.602337726715 -0.763215014534 -0.045495748812 0.168420170987 0.074426301478 -0.111456450407 0.003448918193
-0.000147854657 0.000109189104 -0.006092940497 0.008643310472 -0.002151377820 0.000276768870 0.111873115793 -0.048759518108 -0.021752534450 0.026253165494 -0.002857788132 0.991862295057 0.005381918244

