Number of strings: 19 19, CI size = 361
String addressing array alpha: 1 19
0 1 2 3 4 5 6 7 8 9 10 11 12 13 14 15 16 17 18

Alpha strings 19 1
1
2
3
4
5
6
7
8
9
10
11
12
13
14
15
16
17
18
19

Is hamiltonian hermitian? 1
Implicit Hamiltonian constructed
E(core)= 0.000000000000
H(1,1) + E(core) energy = -0.855592801000
Davidson: iter=0 dim=0 root=0 eigenvalue=-0.855592801000
Davidson: iter=1 dim=1 root=0 eigenvalue=-0.893067921716
Davidson: iter=2 dim=2 root=0 eigenvalue=-0.897719139368
Davidson: iter=3 dim=3 root=0 eigenvalue=-0.898929010542
Davidson: iter=4 dim=4 root=0 eigenvalue=-0.899486479283
Davidson: iter=5 dim=5 root=0 eigenvalue=-0.899635008733
Davidson: iter=6 dim=6 root=0 eigenvalue=-0.899657033334
Davidson: iter=7 dim=7 root=0 eigenvalue=-0.899662672493
Davidson: iter=8 dim=8 root=0 eigenvalue=-0.899663581832
Davidson: iter=9 dim=9 root=0 eigenvalue=-0.899663756117
Davidson: iter=10 dim=10 root=0 eigenvalue=-0.899663797741
Davidson: iter=11 dim=11 root=0 eigenvalue=-0.899663804081
Davidson: iter=12 dim=12 root=0 eigenvalue=-0.899663805224
Davidson: iter=13 dim=13 root=0 eigenvalue=-0.899663805333
Davidson: iter=14 dim=14 root=0 eigenvalue=-0.899663805349
Davidson: iter=15 dim=15 root=0 eigenvalue=-0.899663805352
Davidson: iter=16 dim=16 root=0 eigenvalue=-0.899663805353
Davidson: iter=16 dim=16 root=1 eigenvalue=-0.758739099907
root no. 0 converged
Davidson: iter=17 dim=17 root=0 eigenvalue=-0.899663805353
Davidson: iter=17 dim=17 root=1 eigenvalue=-0.763445683701
Davidson: iter=18 dim=18 root=0 eigenvalue=-0.899663805353
Davidson: iter=18 dim=18 root=1 eigenvalue=-0.763785608241
Davidson: iter=19 dim=19 root=0 eigenvalue=-0.899663805353
Davidson: iter=19 dim=19 root=1 eigenvalue=-0.763815742859
Davidson: iter=20 dim=20 root=0 eigenvalue=-0.899663805353
Davidson: iter=20 dim=20 root=1 eigenvalue=-0.763820794328
Davidson: iter=21 dim=21 root=0 eigenvalue=-0.899663805353
Davidson: iter=21 dim=21 root=1 eigenvalue=-0.763821390848
Davidson: iter=22 dim=22 root=0 eigenvalue=-0.899663805353
Davidson: iter=22 dim=22 root=1 eigenvalue=-0.763821492291
Davidson: iter=23 dim=23 root=0 eigenvalue=-0.899663805353
Davidson: iter=23 dim=23 root=1 eigenvalue=-0.763821514520
Davidson: iter=24 dim=24 root=0 eigenvalue=-0.899663805353
Davidson: iter=24 dim=24 root=1 eigenvalue=-0.763821516612
Davidson: iter=25 dim=25 root=0 eigenvalue=-0.899663805353
Davidson: iter=25 dim=25 root=1 eigenvalue=-0.763821517299
Davidson: iter=26 dim=26 root=0 eigenvalue=-0.899663805353
Davidson: iter=26 dim=26 root=1 eigenvalue=-0.763821517676
Davidson: iter=27 dim=27 root=0 eigenvalue=-0.899663805353
Davidson: iter=27 dim=27 root=1 eigenvalue=-0.763821517853
Davidson: iter=28 dim=28 root=0 eigenvalue=-0.899663805353
Davidson: iter=28 dim=28 root=1 eigenvalue=-0.763821517901
Davidson: iter=29 dim=29 root=0 eigenvalue=-0.899663805353
Davidson: iter=29 dim=29 root=1 eigenvalue=-0.763821517909
Davidson: iter=30 dim=30 root=0 eigenvalue=-0.899663805353
Davidson: iter=30 dim=30 root=1 eigenvalue=-0.763821517910
root no. 1 converged
Davidson converged in 30 iterations.
E(core)= 0.000000000000
E(0)= -0.899663805353
E(1)= -0.763821517910
FCI Excitation energies = 2
0.000000000000 0.135842287443

Vacuum coefficients in CI state 0 = 0.957234469712
Vacuum coefficients in CI state 1 = -0.175315561590
Eigenvector 0 in string basis
0: 0.957234469712 seniority 0 ... 1
1
 | 1
1

20: -0.255589225686 seniority 0 ... 1
2
 | 1
2

40: -0.057005094515 seniority 0 ... 1
3
 | 1
3

60: -0.056744157171 seniority 0 ... 1
4
 | 1
4

80: -0.056741419987 seniority 0 ... 1
5
 | 1
5

Eigenvector 1 in string basis
0: -0.175315561590 seniority 0 ... 1
1
 | 1
1

1: 0.527102344944 seniority 2 ... 1
1
 | 1
2

5: -0.290401299179 seniority 2 ... 1
1
 | 1
6

14: -0.091295456777 seniority 2 ... 1
1
 | 1
15

19: 0.527102344720 seniority 2 ... 1
2
 | 1
1

20: -0.397216731935 seniority 0 ... 1
2
 | 1
2

24: 0.148757007603 seniority 2 ... 1
2
 | 1
6

95: -0.290401299146 seniority 2 ... 1
6
 | 1
1

96: 0.148757007586 seniority 2 ... 1
6
 | 1
2

266: -0.091295456770 seniority 2 ... 1
15
 | 1
1

Seniority vectors for all roots (nroots/seniority)
2 2
0.992031696132 0.007968303868
0.194738550528 0.805261449472

Calculating transition densities
Root 0 MO occupations numbers (density matrix diagonal)
19
1.840446112984 0.134284755983 0.006974845164 0.006452850214 0.006452202178 0.003949797502 0.000198634837 0.000198673595 0.000197710249 0.000096296075 0.000093483846 0.000093553894 0.000107107231 0.000108460557 0.000276898264 0.000018637253 0.000018640003 0.000018607053 0.000012733118
Root 1 MO occupations numbers (density matrix diagonal)
19
0.812864918244 0.920449700312 0.010834144225 0.004325427300 0.004331583350 0.214928101464 0.001294238196 0.001293006049 0.005284365825 0.000208654170 0.000165389906 0.000164188327 0.000094770414 0.000075898073 0.020563713406 0.000215483993 0.000215687017 0.002672960673 0.000017769058
Transition densities done:
Trandens between roots 0 0
19 19
1.840446112984 0.059263380650 -0.026672842931 -0.000119557055 0.000077691779 -0.079997953927 -0.000079430957 -0.000035765782 -0.003837330703 0.000097592716 0.000075028173 -0.000038732848 -0.000020037522 0.000071156025 -0.020388706289 0.000023191244 0.000014683600 0.002176102101 0.000003802183
0.059263380650 0.134284755983 -0.000335458719 -0.000001774498 0.000003590177 -0.004828246810 -0.000003356541 -0.000001912811 -0.000177925463 0.000440285531 0.000016248233 -0.000014071841 -0.000013403621 0.000021105334 -0.002650218365 0.000000412888 -0.000000566813 -0.000038793625 0.000001700828
-0.026672842931 -0.000335458719 0.006974845164 0.000002294941 -0.000001503303 0.000658382022 0.000008547482 0.000005384135 0.000414223703 -0.000048620263 -0.000001528309 0.000001666140 0.000001234487 -0.000001857261 0.000273950700 -0.000000830917 -0.000000745791 -0.000044834864 0.000000252158
-0.000119557055 -0.000001774498 0.000002294941 0.006452850214 0.000000318355 0.000003108917 0.000076850667 -0.000321590883 0.000003927348 -0.000000803403 -0.000000116343 -0.000028728185 -0.000003323206 -0.000002081699 0.000001395143 0.000065340483 -0.000008655706 -0.000000581638 0.000000107565
0.000077691779 0.000003590177 -0.000001503303 0.000000318355 0.006452202178 -0.000002010915 0.000321212915 0.000076557836 -0.000008661260 0.000000554732 -0.000029035728 0.000000226767 -0.000001828954 0.000001427028 -0.000000866126 -0.000008663022 -0.000065453902 0.000000413128 -0.000000675334
-0.079997953927 -0.004828246810 0.000658382022 0.000003108917 -0.000002010915 0.003949797502 0.000002876427 0.000001259896 0.000134947296 -0.000012279879 -0.000003459706 0.000001879857 0.000001107826 -0.000003395121 0.000889958216 -0.000000954984 -0.000000560166 -0.000088126281 -0.000000239079
-0.000079430957 -0.000003356541 0.000008547482 0.000076850667 0.000321212915 0.000002876427 0.000198634837 -0.000000026675 -0.000000052662 -0.000000172250 -0.000008189656 -0.000001878783 -0.000000816269 0.000000339252 0.000000862128 0.000001170789 -0.000011305649 -0.000000191688 0.000000009835
-0.000035765782 -0.000001912811 0.000005384135 -0.000321590883 0.000076557836 0.000001259896 -0.000000026675 0.000198673595 -0.000000044694 0.000000070964 -0.000001925501 0.000008130062 0.000000866570 0.000000748537 0.000000371198 -0.000011305324 -0.000001179374 -0.000000034241 0.000000015541
-0.003837330703 -0.000177925463 0.000414223703 0.000003927348 -0.000008661260 0.000134947296 -0.000000052662 -0.000000044694 0.000197710249 -0.000014132549 -0.000000095959 0.000000329099 0.000000377635 -0.000000501656 0.000042119804 -0.000000018902 0.000000061739 -0.000007717628 -0.000000017199
0.000097592716 0.000440285531 -0.000048620263 -0.000000803403 0.000000554732 -0.000012279879 -0.000000172250 0.000000070964 -0.000014132549 0.000096296075 0.000000001148 -0.000000102012 0.000000211005 -0.000000261131 -0.000005927055 -0.000000030613 0.000000031224 0.000001811762 -0.000000269586
0.000075028173 0.000016248233 -0.000001528309 -0.000000116343 -0.000029035728 -0.000003459706 -0.000008189656 -0.000001925501 -0.000000095959 0.000000001148 0.000093483846 0.000000045708 -0.000000945854 0.000000946679 -0.000000874634 0.000000347268 0.000002696621 0.000000124905 0.000000680257
-0.000038732848 -0.000014071841 0.000001666140 -0.000028728185 0.000000226767 0.000001879857 -0.000001878783 0.000008130062 0.000000329099 -0.000000102012 0.000000045708 0.000093553894 -0.000001035261 -0.000000459600 0.000000510913 -0.000002686141 0.000000325587 -0.000000073541 -0.000000116525
-0.000020037522 -0.000013403621 0.000001234487 -0.000003323206 -0.000001828954 0.000001107826 -0.000000816269 0.000000866570 0.000000377635 0.000000211005 -0.000000945854 -0.000001035261 0.000107107231 -0.000003420911 0.000000334372 -0.000000283018 0.000000201907 -0.000000049859 -0.000003227342
0.000071156025 0.000021105334 -0.000001857261 -0.000002081699 0.000001427028 -0.000003395121 0.000000339252 0.000000748537 -0.000000501656 -0.000000261131 0.000000946679 -0.000000459600 -0.000003420911 0.000108460557 -0.000000897484 -0.000000174238 -0.000000104856 0.000000102277 0.000006997984
-0.020388706289 -0.002650218365 0.000273950700 0.000001395143 -0.000000866126 0.000889958216 0.000000862128 0.000000371198 0.000042119804 -0.000005927055 -0.000000874634 0.000000510913 0.000000334372 -0.000000897484 0.000276898264 -0.000000242345 -0.000000136795 -0.000022083105 -0.000000055118
0.000023191244 0.000000412888 -0.000000830917 0.000065340483 -0.000008663022 -0.000000954984 0.000001170789 -0.000011305324 -0.000000018902 -0.000000030613 0.000000347268 -0.000002686141 -0.000000283018 -0.000000174238 -0.000000242345 0.000018637253 0.000000000849 0.000000018173 0.000000015036
0.000014683600 -0.000000566813 -0.000000745791 -0.000008655706 -0.000065453902 -0.000000560166 -0.000011305649 -0.000001179374 0.000000061739 0.000000031224 0.000002696621 0.000000325587 0.000000201907 -0.000000104856 -0.000000136795 0.000000000849 0.000018640003 0.000000013606 0.000000029083
0.002176102101 -0.000038793625 -0.000044834864 -0.000000581638 0.000000413128 -0.000088126281 -0.000000191688 -0.000000034241 -0.000007717628 0.000001811762 0.000000124905 -0.000000073541 -0.000000049859 0.000000102277 -0.000022083105 0.000000018173 0.000000013606 0.000018607053 -0.000000010542
0.000003802183 0.000001700828 0.000000252158 0.000000107565 -0.000000675334 -0.000000239079 0.000000009835 0.000000015541 -0.000000017199 -0.000000269586 0.000000680257 -0.000000116525 -0.000003227342 0.000006997984 -0.000000055118 0.000000015036 0.000000029083 -0.000000010542 0.000012733118

Trandens between roots 0 1
19 19
-0.263060514672 0.962069905861 -0.095819334247 -0.000478815913 0.000588039419 -0.546138761821 0.001853981287 0.000944184037 0.078846155756 0.000044215040 0.000689496757 -0.000311842504 -0.000211505379 0.000735650309 -0.171314264187 0.000537370847 0.000496305619 0.062169733292 0.000200225929
-0.286104268376 0.248728809622 -0.002085095953 -0.000017521787 0.000071814240 -0.100580137039 0.000319764847 0.000162892528 0.013688012659 0.002204228815 0.000150074933 -0.000099550441 -0.000090304495 0.000183974750 -0.030003285530 0.000081517920 0.000074219758 0.009192941263 0.000035869298
0.006501355359 -0.012424839164 -0.003747996002 0.000001613809 -0.000003875853 0.006546015213 0.000026990654 0.000025896080 0.001263076373 -0.000626811693 -0.000016559001 0.000019022374 0.000017672768 -0.000024086789 0.002070400301 0.000004455550 0.000000833111 0.000120366895 -0.000001382140
0.000033266710 -0.000057816708 0.000000810403 -0.004171263958 0.000002186550 0.000029230610 0.000654343033 -0.002730641590 0.000019822411 -0.000015964302 -0.000002084028 -0.000590965333 -0.000073487948 -0.000043605207 0.000009662648 -0.001057489452 0.000137979620 0.000007334819 0.000001320246
-0.000042839083 0.000051522027 0.000000603469 0.000002409661 -0.004176240880 -0.000021821080 0.002729207534 0.000652393124 -0.000061770616 0.000009187108 -0.000595301121 0.000004658302 -0.000041995178 0.000035415460 -0.000008104837 0.000138268355 0.001058252847 -0.000010022974 -0.000002913862
0.023928581674 -0.050138473448 0.004102698776 0.000020613600 -0.000026867479 0.024723902672 -0.000091307994 -0.000046522776 -0.003921149585 -0.000020111571 -0.000032556265 0.000014909911 0.000010282324 -0.000034649260 0.007986582548 -0.000025066297 -0.000023002200 -0.002909679394 -0.000009431303
-0.000003328170 -0.000033216626 0.000008116929 0.000067645034 0.000280844471 0.000021750012 0.000047534566 -0.000000060480 -0.000003574808 -0.000000318575 -0.000021779012 -0.000004961858 -0.000002241025 0.000000913401 0.000006851205 -0.000011317693 0.000107228375 -0.000001290995 0.000000011714
-0.000002073939 -0.000014893804 0.000005424554 -0.000281080111 0.000067140958 0.000010001100 -0.000000221027 0.000047754983 -0.000001771983 0.000000311392 -0.000005096695 0.000021683334 0.000002440009 0.000001902956 0.000003150473 0.000107285081 0.000011241220 -0.000001022127 0.000000029062
-0.000015040073 -0.001673636887 0.000357391199 0.000002899791 -0.000007438341 0.001057899807 -0.000004112682 -0.000002223331 -0.000131134863 -0.000025624620 -0.000001096621 0.000000983516 0.000001054206 -0.000002093482 0.000333730822 -0.000001256404 -0.000002605806 -0.000025071282 -0.000000406150
-0.000959217357 0.000823088378 -0.000056810842 -0.000001723411 0.000001225371 -0.000294413517 0.000000806255 0.000000539858 0.000029023869 -0.000088687077 0.000000486407 -0.000000356509 -0.000000172358 0.000000084146 -0.000095047643 0.000000299280 0.000000216434 0.000013552438 -0.000000817439
-0.000042557667 0.000063884533 -0.000004471242 -0.000000250477 -0.000064201454 -0.000030990766 -0.000007768418 -0.000001780579 0.000004503737 0.000000254991 -0.000098569254 -0.000000049300 -0.000000423358 0.000001369278 -0.000009756634 -0.000000903136 -0.000007299529 0.000003197741 0.000002433345
0.000033944411 -0.000042856743 0.000003268938 -0.000063826018 0.000000457118 0.000019404327 -0.000001859065 0.000007779622 -0.000002536511 -0.000000258240 -0.000000052014 -0.000098665523 0.000000186558 -0.000000570759 0.000006145887 0.000007240403 -0.000000898101 -0.000001750269 -0.000000575156
0.000031355140 -0.000033348383 0.000002409018 -0.000008262393 -0.000004790831 0.000013770482 -0.000000797154 0.000000828790 -0.000001701147 -0.000000079544 -0.000000457258 0.000000166168 -0.000098441546 -0.000006273335 0.000004385761 0.000000778284 -0.000000618708 -0.000001069924 -0.000013344247
-0.000053618357 0.000071173371 -0.000005011524 -0.000004915963 0.000004138067 -0.000032771961 0.000000362747 0.000000723774 0.000004476358 -0.000000178047 0.000001361216 -0.000000608367 -0.000006003842 -0.000081920387 -0.000010340235 0.000000601239 0.000000382183 0.000003124348 0.000031365016
0.007087904031 -0.013906922364 0.001061335681 0.000005387728 -0.000007480604 0.007340782114 -0.000024507284 -0.000012544260 -0.001044992516 -0.000035008866 -0.000009702097 0.000004878467 0.000003648213 -0.000010668313 0.002230387615 -0.000006959509 -0.000006386689 -0.000798502357 -0.000002612127
-0.000003457375 0.000011775786 -0.000000514849 -0.000076655411 0.000010114490 -0.000006664842 0.000000578379 -0.000005712267 0.000001109047 -0.000000108211 0.000000445179 -0.000003345732 -0.000000414228 -0.000000285435 -0.000002078011 -0.000033522125 -0.000000021609 0.000000844616 0.000000024147
-0.000000339647 0.000005892868 -0.000000350760 0.000010039661 0.000076821024 -0.000003623313 -0.000005754894 -0.000000557971 0.000000693316 -0.000000065352 0.000003382083 0.000000422112 0.000000303670 -0.000000156248 -0.000001132423 0.000000016895 -0.000033551773 0.000000464100 0.000000029217
-0.000197009528 0.000989334797 -0.000063707902 0.000000178921 -0.000000267349 -0.000579296293 0.000002263513 0.000001201634 0.000098531774 -0.000003915089 0.000000633270 -0.000000213136 -0.000000130835 0.000000687742 -0.000181156463 0.000000663871 0.000000566237 0.000049097341 0.000000215102
-0.000004714562 0.000005153233 -0.000000367013 -0.000000060548 0.000000409052 -0.000002127702 -0.000000222031 -0.000000077178 0.000000408932 -0.000000162508 0.000000510407 -0.000000163173 -0.000002731842 0.000007117235 -0.000000658039 -0.000000024206 -0.000000093813 0.000000261533 -0.000006978739

Trandens between roots 1 0
19 19
-0.263060514672 -0.286104268376 0.006501355359 0.000033266710 -0.000042839083 0.023928581674 -0.000003328170 -0.000002073939 -0.000015040073 -0.000959217357 -0.000042557667 0.000033944411 0.000031355140 -0.000053618357 0.007087904031 -0.000003457375 -0.000000339647 -0.000197009528 -0.000004714562
0.962069905861 0.248728809622 -0.012424839164 -0.000057816708 0.000051522027 -0.050138473448 -0.000033216626 -0.000014893804 -0.001673636887 0.000823088378 0.000063884533 -0.000042856743 -0.000033348383 0.000071173371 -0.013906922364 0.000011775786 0.000005892868 0.000989334797 0.000005153233
-0.095819334247 -0.002085095953 -0.003747996002 0.000000810403 0.000000603469 0.004102698776 0.000008116929 0.000005424554 0.000357391199 -0.000056810842 -0.000004471242 0.000003268938 0.000002409018 -0.000005011524 0.001061335681 -0.000000514849 -0.000000350760 -0.000063707902 -0.000000367013
-0.000478815913 -0.000017521787 0.000001613809 -0.004171263958 0.000002409661 0.000020613600 0.000067645034 -0.000281080111 0.000002899791 -0.000001723411 -0.000000250477 -0.000063826018 -0.000008262393 -0.000004915963 0.000005387728 -0.000076655411 0.000010039661 0.000000178921 -0.000000060548
0.000588039419 0.000071814240 -0.000003875853 0.000002186550 -0.004176240880 -0.000026867479 0.000280844471 0.000067140958 -0.000007438341 0.000001225371 -0.000064201454 0.000000457118 -0.000004790831 0.000004138067 -0.000007480604 0.000010114490 0.000076821024 -0.000000267349 0.000000409052
-0.546138761821 -0.100580137039 0.006546015213 0.000029230610 -0.000021821080 0.024723902672 0.000021750012 0.000010001100 0.001057899807 -0.000294413517 -0.000030990766 0.000019404327 0.000013770482 -0.000032771961 0.007340782114 -0.000006664842 -0.000003623313 -0.000579296293 -0.000002127702
0.001853981287 0.000319764847 0.000026990654 0.000654343033 0.002729207534 -0.000091307994 0.000047534566 -0.000000221027 -0.000004112682 0.000000806255 -0.000007768418 -0.000001859065 -0.000000797154 0.000000362747 -0.000024507284 0.000000578379 -0.000005754894 0.000002263513 -0.000000222031
0.000944184037 0.000162892528 0.000025896080 -0.002730641590 0.000652393124 -0.000046522776 -0.000000060480 0.000047754983 -0.000002223331 0.000000539858 -0.000001780579 0.000007779622 0.000000828790 0.000000723774 -0.000012544260 -0.000005712267 -0.000000557971 0.000001201634 -0.000000077178
0.078846155756 0.013688012659 0.001263076373 0.000019822411 -0.000061770616 -0.003921149585 -0.000003574808 -0.000001771983 -0.000131134863 0.000029023869 0.000004503737 -0.000002536511 -0.000001701147 0.000004476358 -0.001044992516 0.000001109047 0.000000693316 0.000098531774 0.000000408932
0.000044215040 0.002204228815 -0.000626811693 -0.000015964302 0.000009187108 -0.000020111571 -0.000000318575 0.000000311392 -0.000025624620 -0.000088687077 0.000000254991 -0.000000258240 -0.000000079544 -0.000000178047 -0.000035008866 -0.000000108211 -0.000000065352 -0.000003915089 -0.000000162508
0.000689496757 0.000150074933 -0.000016559001 -0.000002084028 -0.000595301121 -0.000032556265 -0.000021779012 -0.000005096695 -0.000001096621 0.000000486407 -0.000098569254 -0.000000052014 -0.000000457258 0.000001361216 -0.000009702097 0.000000445179 0.000003382083 0.000000633270 0.000000510407
-0.000311842504 -0.000099550441 0.000019022374 -0.000590965333 0.000004658302 0.000014909911 -0.000004961858 0.000021683334 0.000000983516 -0.000000356509 -0.000000049300 -0.000098665523 0.000000166168 -0.000000608367 0.000004878467 -0.000003345732 0.000000422112 -0.000000213136 -0.000000163173
-0.000211505379 -0.000090304495 0.000017672768 -0.000073487948 -0.000041995178 0.000010282324 -0.000002241025 0.000002440009 0.000001054206 -0.000000172358 -0.000000423358 0.000000186558 -0.000098441546 -0.000006003842 0.000003648213 -0.000000414228 0.000000303670 -0.000000130835 -0.000002731842
0.000735650309 0.000183974750 -0.000024086789 -0.000043605207 0.000035415460 -0.000034649260 0.000000913401 0.000001902956 -0.000002093482 0.000000084146 0.000001369278 -0.000000570759 -0.000006273335 -0.000081920387 -0.000010668313 -0.000000285435 -0.000000156248 0.000000687742 0.000007117235
-0.171314264187 -0.030003285530 0.002070400301 0.000009662648 -0.000008104837 0.007986582548 0.000006851205 0.000003150473 0.000333730822 -0.000095047643 -0.000009756634 0.000006145887 0.000004385761 -0.000010340235 0.002230387615 -0.000002078011 -0.000001132423 -0.000181156463 -0.000000658039
0.000537370847 0.000081517920 0.000004455550 -0.001057489452 0.000138268355 -0.000025066297 -0.000011317693 0.000107285081 -0.000001256404 0.000000299280 -0.000000903136 0.000007240403 0.000000778284 0.000000601239 -0.000006959509 -0.000033522125 0.000000016895 0.000000663871 -0.000000024206
0.000496305619 0.000074219758 0.000000833111 0.000137979620 0.001058252847 -0.000023002200 0.000107228375 0.000011241220 -0.000002605806 0.000000216434 -0.000007299529 -0.000000898101 -0.000000618708 0.000000382183 -0.000006386689 -0.000000021609 -0.000033551773 0.000000566237 -0.000000093813
0.062169733292 0.009192941263 0.000120366895 0.000007334819 -0.000010022974 -0.002909679394 -0.000001290995 -0.000001022127 -0.000025071282 0.000013552438 0.000003197741 -0.000001750269 -0.000001069924 0.000003124348 -0.000798502357 0.000000844616 0.000000464100 0.000049097341 0.000000261533
0.000200225929 0.000035869298 -0.000001382140 0.000001320246 -0.000002913862 -0.000009431303 0.000000011714 0.000000029062 -0.000000406150 -0.000000817439 0.000002433345 -0.000000575156 -0.000013344247 0.000031365016 -0.000002612127 0.000000024147 0.000000029217 0.000000215102 -0.000006978739

Trandens between roots 1 1
19 19
0.812864918244 -0.700005085285 -0.003622354928 0.000003348035 -0.000156977079 0.241543338213 -0.000848139012 -0.000429464188 -0.036041591143 -0.005749062539 -0.000383393411 0.000256211115 0.000233277432 -0.000472198272 0.076756399174 -0.000210257867 -0.000194298042 -0.023643317794 -0.000093257492
-0.700005085285 0.920449700312 -0.042482099134 -0.000226854356 0.000379826616 -0.416411878590 0.001439157806 0.000731521976 0.061355992311 0.003948757959 0.000577262253 -0.000317457222 -0.000256005670 0.000658206010 -0.130527074760 0.000388646906 0.000358198437 0.044560249929 0.000155377704
-0.003622354928 -0.042482099134 0.010834144225 0.000033012452 -0.000036008661 0.029005767108 -0.000134826084 -0.000077248274 -0.005882932757 0.000640916513 -0.000027631639 0.000001259789 -0.000004464936 -0.000022476248 0.008883388854 -0.000034716972 -0.000029872442 -0.003860858199 -0.000011400843
0.000003348035 -0.000226854356 0.000033012452 0.004325427300 -0.000003000467 0.000149107886 -0.000470104338 0.001963917719 -0.000039690186 0.000013442082 0.000001156912 0.000473201212 0.000058499111 0.000034697112 0.000045332689 0.000603738588 -0.000078457013 -0.000023544564 -0.000001285020
-0.000156977079 0.000379826616 -0.000036008661 -0.000003000467 0.004331583350 -0.000210111264 -0.001964270899 -0.000470506746 0.000078099448 -0.000006850018 0.000477483974 -0.000004100876 0.000033321040 -0.000027894936 -0.000063842492 -0.000079375727 -0.000605143455 0.000031042910 0.000002828276
0.241543338213 -0.416411878590 0.029005767108 0.000149107886 -0.000210111264 0.214928101464 -0.000717113935 -0.000365160576 -0.030561120963 -0.001252060330 -0.000282689561 0.000145662856 0.000111685102 -0.000315166699 0.066120028249 -0.000200849813 -0.000184951876 -0.023120428648 -0.000077908184
-0.000848139012 0.001439157806 -0.000134826084 -0.000470104338 -0.001964270899 -0.000717113935 0.001294238196 0.000000586400 0.000096201058 0.000001677790 -0.000256271243 -0.000059498239 -0.000025890677 0.000011715954 -0.000223848806 -0.000042763768 0.000412829013 0.000079888658 -0.000000907126
-0.000429464188 0.000731521976 -0.000077248274 0.001963917719 -0.000470506746 -0.000365160576 0.000000586400 0.001293006049 0.000049128577 0.000006325402 -0.000060140496 0.000255469764 0.000027139770 0.000022901317 -0.000114013782 0.000412412328 0.000043767624 0.000038862781 -0.000000805330
-0.036041591143 0.061355992311 -0.005882932757 -0.000039690186 0.000078099448 -0.030561120963 0.000096201058 0.000049128577 0.005284365825 -0.000033925652 0.000044011646 -0.000018057478 -0.000010770725 0.000039591236 -0.009523397266 0.000027343075 0.000019495382 0.003580650206 0.000011704707
-0.005749062539 0.003948757959 0.000640916513 0.000013442082 -0.000006850018 -0.001252060330 0.000001677790 0.000006325402 -0.000033925652 0.000208654170 0.000002016718 -0.000001457787 -0.000003260375 0.000005237394 -0.000375771695 0.000002723272 0.000001397410 0.000032986185 0.000001301965
-0.000383393411 0.000577262253 -0.000027631639 0.000001156912 0.000477483974 -0.000282689561 -0.000256271243 -0.000060140496 0.000044011646 0.000002016718 0.000165389906 -0.000000525255 0.000005258108 -0.000005179656 -0.000087320131 -0.000011786561 -0.000094453710 0.000030447771 -0.000002097352
0.000256211115 -0.000317457222 0.000001259789 0.000473201212 -0.000004100876 0.000145662856 -0.000059498239 0.000255469764 -0.000018057478 -0.000001457787 -0.000000525255 0.000164188327 0.000008392855 0.000005388151 0.000044836811 0.000093881758 -0.000011619763 -0.000014356596 0.000000399071
0.000233277432 -0.000256005670 -0.000004464936 0.000058499111 0.000033321040 0.000111685102 -0.000025890677 0.000027139770 -0.000010770725 -0.000003260375 0.000005258108 0.000008392855 0.000094770414 0.000007624846 0.000034308949 0.000010761568 -0.000008275973 -0.000009664059 0.000013524327
-0.000472198272 0.000658206010 -0.000022476248 0.000034697112 -0.000027894936 -0.000315166699 0.000011715954 0.000022901317 0.000039591236 0.000005237394 -0.000005179656 0.000005388151 0.000007624846 0.000075898073 -0.000097328439 0.000007935942 0.000004952203 0.000031519097 -0.000031864422
0.076756399174 -0.130527074760 0.008883388854 0.000045332689 -0.000063842492 0.066120028249 -0.000223848806 -0.000114013782 -0.009523397266 -0.000375771695 -0.000087320131 0.000044836811 0.000034308949 -0.000097328439 0.020563713406 -0.000062375184 -0.000057531899 -0.007172562894 -0.000024222987
-0.000210257867 0.000388646906 -0.000034716972 0.000603738588 -0.000079375727 -0.000200849813 -0.000042763768 0.000412412328 0.000027343075 0.000002723272 -0.000011786561 0.000093881758 0.000010761568 0.000007935942 -0.000062375184 0.000215483993 0.000000248670 0.000021340082 -0.000000186235
-0.000194298042 0.000358198437 -0.000029872442 -0.000078457013 -0.000605143455 -0.000184951876 0.000412829013 0.000043767624 0.000019495382 0.000001397410 -0.000094453710 -0.000011619763 -0.000008275973 0.000004952203 -0.000057531899 0.000000248670 0.000215687017 0.000019296846 -0.000000341953
-0.023643317794 0.044560249929 -0.003860858199 -0.000023544564 0.000031042910 -0.023120428648 0.000079888658 0.000038862781 0.003580650206 0.000032986185 0.000030447771 -0.000014356596 -0.000009664059 0.000031519097 -0.007172562894 0.000021340082 0.000019296846 0.002672960673 0.000008554508
-0.000093257492 0.000155377704 -0.000011400843 -0.000001285020 0.000002828276 -0.000077908184 -0.000000907126 -0.000000805330 0.000011704707 0.000001301965 -0.000002097352 0.000000399071 0.000013524327 -0.000031864422 -0.000024222987 -0.000000186235 -0.000000341953 0.000008554508 0.000017769058

State 0 :
Natural orbital occupations
19
1.846611506954 0.132293482154 0.006644836089 0.006471228047 0.006470286292 0.000397052706 0.000182185036 0.000182155947 0.000171144125 0.000111945660 0.000104445658 0.000092859083 0.000092797200 0.000092744794 0.000018506628 0.000017517031 0.000017515935 0.000015664732 0.000012125931
Natural orbitals (in MO basis)
19 19
-0.998283595525 -0.035492428831 -0.011284419811 -0.000003259994 0.000000868207 0.042816555034 0.000005295103 -0.000001455317 0.001998024172 -0.000009536464 -0.000011848811 0.001119026516 0.000550286349 0.000121410693 0.013499222074 0.000030254978 0.000064034002 -0.004664624468 0.000001432804
-0.034693164811 0.999124128521 0.005565933491 0.000006261643 -0.000020793979 0.015399005720 0.000006271070 -0.000002400291 0.001285389473 -0.000062261381 -0.000012477226 -0.002398727387 -0.001159406499 -0.000332396399 0.016187875190 0.000032804857 0.000065873001 -0.002886698525 -0.000002050032
0.014498113431 0.004763957378 -0.995145170833 0.002885338243 0.004464262636 0.079661782798 -0.000248648102 -0.000140587375 -0.054926189423 -0.000076793632 -0.000008511510 0.000823569459 0.000396191833 0.000117648442 0.007685510208 0.000003069104 -0.000010090871 -0.001432527405 -0.000041173831
0.000064995417 0.000019175682 -0.004338397996 -0.924587137979 -0.377118916494 0.000332829880 0.049571940655 0.019602252733 -0.000394375392 -0.000002652940 -0.000057476157 -0.000277984982 0.000566437239 -0.000089250551 -0.000004293131 -0.002429133779 0.007274491945 0.000021450369 -0.000009494153
-0.000042280692 0.000006888222 0.003029453171 -0.377133416521 0.924588970881 -0.000232218634 0.019595328949 -0.049525783506 0.000141149337 0.000105868725 0.000008974320 -0.000077908253 0.000052524752 0.000651453355 0.000000882871 -0.007294523416 -0.002434439537 -0.000004199480 0.000080957658
0.043441484412 -0.015541276865 0.079554772995 -0.000007107831 -0.000022456890 0.991987810553 0.000127411149 -0.000117889753 0.019382808922 0.000152871205 -0.000051463933 0.015956341029 0.007761202474 0.001979739404 0.077878122139 0.000200006390 0.000366869599 -0.027255040880 0.000061308134
0.000043143874 -0.000004149921 -0.001048324493 -0.030651214512 0.042759473298 -0.000195768308 -0.570237683917 0.814225475035 0.021170463578 -0.001910251834 0.001319880550 -0.018352101981 0.023732703073 0.074170159367 0.000368356340 -0.047163426776 -0.004090070364 0.000765508124 -0.000422731227
0.000019434360 -0.000004900826 -0.000501988322 0.042822959154 0.030642280396 -0.000189233231 0.814486131168 0.570202739612 0.008505242712 -0.000374816821 -0.003689194529 0.030711782373 -0.067673620462 0.029260123098 0.000340340184 0.004049522204 -0.047183783575 0.000240364169 -0.000275209211
0.002084723848 -0.000320641544 -0.055723726557 0.000133945631 -0.001219326639 -0.017802307701 0.005133794679 -0.022264988645 0.987453181174 0.001733234729 -0.000178405460 0.128929109395 0.062753802141 0.013843286103 0.008114649834 0.000270063610 0.000189465174 0.012832894700 0.000230181340
-0.000061757359 0.003301773539 0.007565463272 0.000063144080 0.000094428114 -0.014411695913 0.000761670027 0.002017413773 -0.143532778282 -0.026561549156 -0.000045593080 0.875845790711 0.448233301217 0.097802126702 -0.021075374713 0.000284037665 -0.000423785362 -0.019376655584 0.002870184757
-0.000040966211 0.000103104093 0.000063502188 0.001761201674 -0.004272335765 -0.000023128326 0.028999781535 -0.072638983379 -0.001359063210 0.074951844226 -0.013211786647 -0.151209667625 0.086210922256 0.978239966955 -0.002372899562 0.026216710920 0.008627293731 -0.000254924080 -0.007034236038
0.000021264385 -0.000096176177 -0.000159489625 0.004219691212 0.001761116381 0.000209507407 0.072035538358 0.028993389634 0.002900523333 0.015395001099 -0.103031402103 -0.432826341289 0.879431763997 -0.146936047656 0.001529984383 0.008382832641 -0.026167006028 0.000244662372 0.001390380710
0.000011123023 -0.000096053165 -0.000152767188 0.000600989172 -0.000069115758 0.000327213166 0.011633532261 -0.001899842506 0.003754480474 -0.618716742475 0.777514452721 -0.062253732275 0.077115175605 0.041190574787 0.000788778758 0.002338617600 -0.002395874649 0.000144434865 0.031249395965
-0.000038966572 0.000140849252 0.000142316279 0.000220274664 0.000334874250 -0.000203514684 0.004047728686 0.007302109007 -0.003962035629 0.777760879813 0.619892324961 0.003265700573 0.050893245595 -0.055271739175 -0.001809379978 -0.000465414005 -0.001608281202 0.000261167356 -0.071231842076
0.011096798336 -0.014670828377 0.001736408926 -0.000021524682 -0.000013695624 -0.083255939868 -0.000101369046 -0.000137964473 -0.008626007304 0.001589915976 0.000687370469 0.012677452984 0.005413809276 0.003554092991 0.971817238661 0.002310282280 0.004037068195 -0.219081201099 0.000104257400
-0.000012573247 -0.000002984080 0.000028243078 -0.008938930074 -0.005108328007 0.000084474385 -0.042762085738 -0.023767704040 -0.000298329357 0.000282706550 -0.000192955700 0.009674198643 -0.020835137224 0.006390837610 0.004515777157 0.188673926117 -0.980455085126 0.004118405354 -0.002091125556
-0.000007946359 -0.000008169305 0.000056913499 0.005112346347 -0.008957039891 0.000078480924 0.023716659043 -0.042776193540 -0.000922019722 0.000181221903 0.000145609084 -0.004591387414 0.004767065480 0.022853918088 0.004319195658 -0.980455999372 -0.188617472701 0.005590449012 -0.003728994709
-0.001178256909 -0.000865669511 0.001998695348 0.000038692900 0.000062873444 0.009336937780 0.000205299119 -0.000163199968 -0.017326246869 -0.000071947791 -0.000046696508 0.019070364540 0.009348471081 0.002698001981 0.220093127354 0.005382983302 0.006146213188 0.975003198862 0.003013609369
-0.000002091584 0.000011873333 -0.000046074061 0.000024252322 -0.000102804042 -0.000056555899 0.000005643609 0.000325187515 -0.000172121182 0.075550126624 0.019970841159 -0.000886013986 -0.000767800092 0.001711865168 -0.000859612433 -0.003240616441 -0.002736884704 -0.002828051221 0.996926355295

State 1 :
Natural orbital occupations
19
1.737532981928 0.240698468336 0.005501706655 0.005493082892 0.005160648592 0.004060919627 0.000331388380 0.000330185939 0.000117586624 0.000106234268 0.000106190141 0.000105315185 0.000096070702 0.000088788694 0.000075506790 0.000067158488 0.000067095655 0.000059938477 0.000000732627
Natural orbitals (in MO basis)
19 19
-0.626648448352 -0.735744084810 -0.000313120160 0.000020406627 -0.004065346793 0.253580035979 0.000015187211 0.000051170150 -0.000555413272 -0.000653369989 0.000378047368 -0.011815472433 0.000001165604 -0.000117830730 0.037892319172 -0.000038486310 -0.000021505144 -0.009827012603 -0.000057449894
0.710794522856 -0.414286032396 -0.000273107510 0.000264197427 -0.147001549536 0.537568102136 0.000041757263 0.000290783209 0.055892326310 -0.000749978930 0.000340220536 -0.009478108141 0.000000779681 -0.000269087220 0.096514851459 -0.000016812507 0.000039801469 0.004401154304 -0.000230377662
-0.021910303253 0.157443523350 0.000642648504 0.001708134770 0.804444507352 0.407880163925 0.001656678974 -0.002600374471 -0.385508191256 0.000309804741 -0.000234481791 0.008030075816 0.000038531231 -0.000216394944 0.019691621145 -0.000580804390 -0.000650275281 -0.110234548111 0.000148768899
-0.000123975593 0.000754718259 -0.316007201179 -0.821018774482 0.001503829653 0.001547525852 -0.434614845428 0.174428443640 -0.002067133421 0.009765006629 0.013905863897 0.000071741701 -0.000487796246 -0.000087351162 0.000076068700 0.022321485357 0.077168464190 -0.000734665684 0.000123945057
0.000253997814 -0.000684684140 0.821210601105 -0.315922135131 -0.000047195501 -0.000207290863 -0.174592856210 -0.434258381784 0.001511285668 -0.014112220207 0.009738808593 0.000855806774 -0.000091567705 0.000159502883 -0.000128098460 -0.077110043002 0.022349674493 0.000339876877 -0.000345107699
-0.299672080273 0.482531877364 0.000696024109 0.000609657389 -0.436138769309 0.677599592710 -0.000023872566 -0.000275213941 0.006939716192 0.000158338458 0.000180069046 -0.008971028628 0.000002685349 0.000615848506 -0.165902269769 0.000078086370 -0.000005472137 0.018644294291 0.000458598931
0.001036532825 -0.001597249257 -0.364636333670 0.250998194378 -0.007646373826 -0.003122076011 -0.447693878800 -0.631185564854 -0.014535222840 0.153881312904 -0.172427153145 -0.016941427014 0.000027718033 -0.001303373636 0.000445418339 -0.338221082432 0.191733846008 -0.008784730927 -0.000283173733
0.000526437231 -0.000818777253 -0.250679184041 -0.365139200998 -0.004845622386 -0.001710318543 0.631389085875 -0.447683734578 -0.006873979709 0.172397659512 0.154871822401 -0.005589219498 -0.001021539359 -0.000376622384 0.000593381837 -0.192150556760 -0.337661253188 -0.003135503074 0.000035371851
0.044157812654 -0.068692294531 0.010686494868 -0.000803967292 -0.341956742038 -0.130444399122 0.002625854395 0.015707609460 -0.751973820467 -0.017376190605 0.010225529933 -0.264698376558 -0.000049626351 -0.000261901970 0.016465656213 0.008150658819 -0.001894589044 -0.471948291876 0.000278278768
0.003917205705 0.008467936943 -0.002344415208 -0.001825455592 0.108725523089 0.016737169084 0.001838424129 -0.002213015527 0.171800821448 -0.062339771421 0.017072521286 -0.952700434857 -0.015466450958 -0.027043941074 -0.121779566558 -0.002986555242 -0.003358991289 0.174600968975 -0.012512523062
0.000429845890 -0.000478703385 0.096103059136 -0.037364067621 0.001677430208 0.000063014094 0.046070029438 0.113493308770 0.001778861395 0.785923346517 -0.548294380745 -0.064050163066 0.055398358114 0.059345170713 -0.002032297291 0.201971569594 -0.059663658567 0.001060356279 0.031710356849
-0.000250559447 0.000092682286 -0.037506430086 -0.095271482192 -0.002555832540 -0.000280814854 0.112499432319 -0.046262205811 -0.003461247004 -0.548193648766 -0.779011015342 0.020631959630 0.144745257579 -0.042486918456 0.002727087187 -0.059752395384 -0.201215923238 -0.002585843876 -0.008536475472
-0.000210393260 -0.000025279631 0.002201914827 -0.014418933723 -0.002680730938 -0.000306790568 0.017545877249 0.002439846623 -0.004190036711 -0.016725451498 -0.142655040758 0.019265863033 -0.958498661137 -0.177551886247 0.003099609487 0.006650502424 -0.031294287243 -0.003889239309 -0.164786308839
0.000501083340 -0.000413764241 -0.008394343279 -0.004848472577 0.002974089635 0.000154540866 0.005536361342 -0.010299034312 0.004371718237 -0.083897581578 -0.029445093425 -0.019356709247 -0.226965312168 0.880487958249 -0.003478841285 -0.015740659749 -0.011999703776 0.003186670724 0.405307397762
-0.094080468678 0.145289277307 0.000401175402 0.000086825603 -0.066905637612 0.043595696973 0.000034695589 0.000029830915 -0.019588053488 -0.004364192567 0.003030071209 -0.108449612157 0.000010619208 0.000802978892 0.966403546515 0.000907063793 0.001180484605 0.132477894255 0.000682272566
0.000274423800 -0.000501613076 -0.065904800223 -0.121402284165 -0.000886239029 -0.000388476244 0.355646658052 -0.199963521421 -0.003018997157 -0.086634157707 -0.096678822913 0.001539252192 -0.000648409979 0.000040987160 -0.001599612958 0.357246030193 0.818503368227 0.002756327486 0.000018381978
0.000253032863 -0.000459575022 -0.121517685034 0.065912240835 -0.000634767809 -0.000382629934 -0.199824718038 -0.356072758028 -0.002498714039 -0.095177257370 0.086810493967 0.007653562536 0.000382179719 0.000255287094 -0.000841974199 0.818442359801 -0.357256762222 0.005442621099 -0.000227357076
0.031319858727 -0.059310858764 0.001931289950 0.000468487950 -0.087653919110 -0.044701020303 -0.000846434382 0.003700284373 -0.502508607147 0.004610948114 -0.002015170059 0.067115898740 -0.000031117329 0.000819976357 -0.110740320747 -0.006002283177 -0.000842993041 0.846437068107 0.000483388445
0.000112532160 -0.000165994671 0.000629099300 0.000034715509 -0.000149865456 -0.000127076076 -0.000042498635 0.000153080824 0.000145007136 0.000982963609 -0.000732429028 0.001579627652 -0.074201231233 -0.432613085938 -0.000031406656 0.000650957308 -0.000214461643 -0.000182932258 0.898518264150

