Number of strings: 5 5, CI size = 25
String addressing array alpha: 1 5
0 1 2 3 4

Alpha strings 5 1
1
2
3
4
5

Is hamiltonian hermitian? 1
Implicit Hamiltonian constructed
E(core)= 0.000000000000
H(1,1) + E(core) energy = -0.655545477800
Davidson: iter=0 dim=0 root=0 eigenvalue=-0.655545477800
Davidson: iter=1 dim=1 root=0 eigenvalue=-0.717084704257
Davidson: iter=2 dim=2 root=0 eigenvalue=-0.742773873618
Davidson: iter=3 dim=3 root=0 eigenvalue=-0.761609636402
Davidson: iter=4 dim=4 root=0 eigenvalue=-0.762981820715
Davidson: iter=5 dim=5 root=0 eigenvalue=-0.762985036477
Davidson: iter=6 dim=6 root=0 eigenvalue=-0.762985047743
Davidson: iter=7 dim=7 root=0 eigenvalue=-0.762985047823
Davidson: iter=8 dim=8 root=0 eigenvalue=-0.762985047823
Davidson: iter=8 dim=8 root=1 eigenvalue=-0.661930030903
root no. 0 converged
Davidson: iter=9 dim=9 root=0 eigenvalue=-0.762985047823
Davidson: iter=9 dim=9 root=1 eigenvalue=-0.662287507502
Davidson: iter=10 dim=10 root=0 eigenvalue=-0.762985047823
Davidson: iter=10 dim=10 root=1 eigenvalue=-0.662287957646
Davidson: iter=11 dim=11 root=0 eigenvalue=-0.762985047823
Davidson: iter=11 dim=11 root=1 eigenvalue=-0.662287957646
root no. 1 converged
Davidson converged in 11 iterations.
E(core)= 0.000000000000
E(0)= -0.762985047823
E(1)= -0.662287957646
FCI Excitation energies = 2
0.000000000000 0.100697090177

Vacuum coefficients in CI state 0 = -0.580763509829
Vacuum coefficients in CI state 1 = 0.757722060009
Eigenvector 0 in string basis
0: -0.580763509829 seniority 0 ... 1
1
 | 1
1

1: -0.368901586423 seniority 2 ... 1
1
 | 1
2

2: 0.134685798607 seniority 2 ... 1
1
 | 1
3

5: -0.368901586423 seniority 2 ... 1
2
 | 1
1

6: 0.581140252618 seniority 0 ... 1
2
 | 1
2

7: 0.088490554167 seniority 2 ... 1
2
 | 1
3

10: 0.134685798607 seniority 2 ... 1
3
 | 1
1

11: 0.088490554167 seniority 2 ... 1
3
 | 1
2

Eigenvector 1 in string basis
0: 0.757722060009 seniority 0 ... 1
1
 | 1
1

1: -0.402859554445 seniority 2 ... 1
1
 | 1
2

2: 0.100843368010 seniority 2 ... 1
1
 | 1
3

5: -0.402859554434 seniority 2 ... 1
2
 | 1
1

6: 0.212858098253 seniority 0 ... 1
2
 | 1
2

7: -0.064913458204 seniority 2 ... 1
2
 | 1
3

10: 0.100843368010 seniority 2 ... 1
3
 | 1
1

11: -0.064913458202 seniority 2 ... 1
3
 | 1
2

12: -0.127391311441 seniority 0 ... 1
3
 | 1
3

18: -0.073965831905 seniority 0 ... 1
4
 | 1
4

24: -0.074074579674 seniority 0 ... 1
5
 | 1
5

Seniority vectors for all roots (nroots/seniority)
2 2
0.675848509950 0.324151490050
0.646638988490 0.353362175910

Calculating transition densities
Root 0 MO occupations numbers (density matrix diagonal)
5
0.983039858883 0.963306466296 0.053610282765 0.000040620271 0.000002771786
Root 1 MO occupations numbers (density matrix diagonal)
5
1.493215851944 0.423638390700 0.061225531220 0.010946139412 0.010974086724
Transition densities done:
Trandens between roots 0 0
5 5
0.983039858883 0.023573262905 -0.229509686383 0.005258455095 0.000010939587
0.023573262905 0.963306466296 -0.001636072714 -0.001889784436 -0.000003736793
-0.229509686383 -0.001636072714 0.053610282765 -0.001230860532 -0.000002560162
0.005258455095 -0.001889784436 -0.001230860532 0.000040620271 0.000000077997
0.000010939587 -0.000003736793 -0.000002560162 0.000000077997 0.000002771786

Trandens between roots 0 1
5 5
-0.555719323624 0.293403626827 -0.103549886178 0.000788176655 0.000001761928
-1.009438281408 0.533149983733 -0.172389402761 -0.000911239450 -0.000001589461
0.126988968591 -0.067102082333 0.023027459115 -0.000279536679 -0.000000602828
-0.000593423638 0.000295232176 -0.000320419966 -0.000283716780 -0.000000218479
-0.000001453575 0.000000730926 -0.000000693781 -0.000000219451 -0.000174402444

Trandens between roots 1 0
5 5
-0.555719323624 -1.009438281408 0.126988968591 -0.000593423638 -0.000001453575
0.293403626827 0.533149983733 -0.067102082333 0.000295232176 0.000000730926
-0.103549886178 -0.172389402761 0.023027459115 -0.000320419966 -0.000000693781
0.000788176655 -0.000911239450 -0.000279536679 -0.000283716780 -0.000000219451
0.000001761928 -0.000001589461 -0.000000602828 -0.000000218479 -0.000174402444

Trandens between roots 1 1
5 5
1.493215851944 -0.795107197545 0.179431330686 0.000637955030 0.000001013430
-0.795107197545 0.423638390700 -0.092345193053 -0.000162884813 -0.000000187331
0.179431330686 -0.092345193053 0.061225531220 0.000554237721 0.000001037519
0.000637955030 -0.000162884813 0.000554237721 0.010946139412 -0.000000191266
0.000001013430 -0.000000187331 0.000001037519 -0.000000191266 0.010974086724

State 0 :
Natural orbital occupations
5
1.043439501599 0.956538760998 0.000014440321 0.000004525457 0.000002771625
Natural orbitals (in MO basis)
5 5
0.935231544510 -0.271264899730 0.176095552501 0.144040510672 -0.000001193676
0.279454926126 0.960148570000 -0.001797067341 -0.004054422229 -0.000000053202
-0.217317691760 0.067216094812 0.768163372601 0.598481453704 -0.000003648103
0.004463538695 -0.003474802110 0.615557155858 -0.788069365815 -0.002016211454
0.000009337891 -0.000007033460 0.001244108362 -0.001586562663 0.999997967436

State 1 :
Natural orbital occupations
5
1.938342340557 0.039744563067 0.010974087891 0.010938806999 0.000000201487
Natural orbitals (in MO basis)
5 5
0.877656807447 0.060655332708 0.000022665584 0.005991906733 0.475398312467
-0.467220734690 -0.112909405411 0.000030019040 0.007959618271 0.876865380102
0.106879293135 -0.991604725765 -0.000069232512 -0.017782477652 -0.070573814088
0.000360717362 -0.017101565720 0.005812909028 0.999775340003 -0.011085393229
0.000000564391 -0.000032773757 -0.999983101798 0.005813307210 -0.000022454922

