Number of strings: 5 5, CI size = 25
String addressing array alpha: 1 5
0 1 2 3 4

Alpha strings 5 1
1
2
3
4
5

Is hamiltonian hermitian? 1
Implicit Hamiltonian constructed
E(core)= 0.000000000000
H(1,1) + E(core) energy = -0.714474015700
Davidson: iter=0 dim=0 root=0 eigenvalue=-0.714474015700
Davidson: iter=1 dim=1 root=0 eigenvalue=-0.764816735860
Davidson: iter=2 dim=2 root=0 eigenvalue=-0.778598154299
Davidson: iter=3 dim=3 root=0 eigenvalue=-0.790281449263
Davidson: iter=4 dim=4 root=0 eigenvalue=-0.791963315375
Davidson: iter=5 dim=5 root=0 eigenvalue=-0.791970340726
Davidson: iter=6 dim=6 root=0 eigenvalue=-0.791970371614
Davidson: iter=7 dim=7 root=0 eigenvalue=-0.791970371686
Davidson: iter=8 dim=8 root=0 eigenvalue=-0.791970371686
Davidson: iter=8 dim=8 root=1 eigenvalue=-0.714156354971
root no. 0 converged
Davidson: iter=9 dim=9 root=0 eigenvalue=-0.791970371686
Davidson: iter=9 dim=9 root=1 eigenvalue=-0.714364520990
Davidson: iter=10 dim=10 root=0 eigenvalue=-0.791970371686
Davidson: iter=10 dim=10 root=1 eigenvalue=-0.714364578444
Davidson: iter=11 dim=11 root=0 eigenvalue=-0.791970371686
Davidson: iter=11 dim=11 root=1 eigenvalue=-0.714364578471
Davidson: iter=12 dim=12 root=0 eigenvalue=-0.791970371686
Davidson: iter=12 dim=12 root=1 eigenvalue=-0.714364578471
root no. 1 converged
Davidson converged in 12 iterations.
E(core)= 0.000000000000
E(0)= -0.791970371686
E(1)= -0.714364578471
FCI Excitation energies = 2
0.000000000000 0.077605793215

Vacuum coefficients in CI state 0 = -0.687252441497
Vacuum coefficients in CI state 1 = -0.671668533232
Eigenvector 0 in string basis
0: -0.687252441497 seniority 0 ... 1
1
 | 1
1

1: -0.318747421586 seniority 2 ... 1
1
 | 1
2

2: 0.132970357016 seniority 2 ... 1
1
 | 1
3

5: -0.318747421586 seniority 2 ... 1
2
 | 1
1

6: 0.529630255515 seniority 0 ... 1
2
 | 1
2

7: 0.062009268693 seniority 2 ... 1
2
 | 1
3

10: 0.132970357016 seniority 2 ... 1
3
 | 1
1

11: 0.062009268693 seniority 2 ... 1
3
 | 1
2

Eigenvector 1 in string basis
0: -0.671668533232 seniority 0 ... 1
1
 | 1
1

1: 0.446464890287 seniority 2 ... 1
1
 | 1
2

2: -0.137233805628 seniority 2 ... 1
1
 | 1
3

5: 0.446464890359 seniority 2 ... 1
2
 | 1
1

6: -0.280208144467 seniority 0 ... 1
2
 | 1
2

7: 0.065285644840 seniority 2 ... 1
2
 | 1
3

10: -0.137233805630 seniority 2 ... 1
3
 | 1
1

11: 0.065285644850 seniority 2 ... 1
3
 | 1
2

12: 0.114525826137 seniority 0 ... 1
3
 | 1
3

18: 0.076958181177 seniority 0 ... 1
4
 | 1
4

24: 0.076361636802 seniority 0 ... 1
5
 | 1
5

Seniority vectors for all roots (nroots/seniority)
2 2
0.753587546523 0.246412453477
0.554512585937 0.445474951163

Calculating transition densities
Root 0 MO occupations numbers (density matrix diagonal)
5
1.183347623474 0.771912872426 0.043744963256 0.000650914062 0.000343626783
Root 1 MO occupations numbers (density matrix diagonal)
5
1.338893113091 0.564553994692 0.072423080845 0.012467599475 0.011662211897
Transition densities done:
Trandens between roots 0 0
5 5
1.183347623474 0.116942948721 -0.227249835524 0.010682674935 -0.000048980393
0.116942948721 0.771912872426 -0.021390925692 0.007546559967 -0.000033717357
-0.227249835524 -0.021390925692 0.043744963256 -0.002111878462 0.000009679392
0.010682674935 0.007546559967 -0.002111878462 0.000650914062 -0.000001359246
-0.000048980393 -0.000033717357 0.000009679392 -0.000001359246 0.000343626783

Trandens between roots 0 1
5 5
0.601886208013 -0.417448037252 0.177462729124 -0.009538765630 0.000043010314
0.884130973378 -0.573381843616 0.170844409431 -0.021048499532 0.000095345476
-0.118143604653 0.081548792150 -0.032661158319 0.001602217619 -0.000007228142
0.013698159650 -0.009209725056 0.002679800367 0.002154949321 -0.000000496640
-0.000061788436 0.000041558546 -0.000012122429 -0.000000521291 0.002001844600

Trandens between roots 1 0
5 5
0.601886208013 0.884130973378 -0.118143604653 0.013698159650 -0.000061788436
-0.417448037252 -0.573381843616 0.081548792150 -0.009209725056 0.000041558546
0.177462729124 0.170844409431 -0.032661158319 0.002679800367 -0.000012122429
-0.009538765630 -0.021048499532 0.001602217619 0.002154949321 -0.000000521291
0.000043010314 0.000095345476 -0.000007228142 -0.000000496640 0.002001844600

Trandens between roots 1 1
5 5
1.338893113091 -0.868188151964 0.211218084813 -0.025874520333 0.000117165967
-0.868188151964 0.564553994692 -0.144178853656 0.015996626273 -0.000072456424
0.211218084813 -0.144178853656 0.072423080845 -0.004902263198 0.000022147428
-0.025874520333 0.015996626273 -0.004902263198 0.012467599475 -0.000002579318
0.000117165967 -0.000072456424 0.000022147428 -0.000002579318 0.011662211897

State 0 :
Natural orbital occupations
5
1.256297129530 0.742761653266 0.000510062114 0.000343620767 0.000087534324
Natural orbitals (in MO basis)
5 5
0.953705233048 0.234010199441 -0.038627057719 0.000011499024 0.184914859580
0.238482586732 -0.971108230273 -0.008201485563 0.000000901022 -0.002756185089
-0.182962465081 -0.046339969747 -0.158900100193 0.000048585971 0.969086218751
0.009854878332 -0.006374799617 0.986495424870 0.004335274343 0.163310212206
-0.000045016173 0.000028072343 -0.004268596545 0.999990601407 -0.000757209541

State 1 :
Natural orbital occupations
5
1.937871215032 0.038324884392 0.012012975062 0.011662201816 0.000128723698
Natural orbitals (in MO basis)
5 5
-0.830730094808 -0.197917923116 0.025769206729 0.000079808636 0.519665225799
0.539617994934 -0.057803731325 0.065572398366 0.000202359508 0.837359760086
-0.135809257512 0.978238305446 -0.014539923033 -0.000040839523 0.156186594503
0.015992793816 -0.023173943836 -0.997407946658 0.001498700186 0.066199250098
-0.000072412268 0.000102174391 0.001478897566 0.999998852455 -0.000303756073

