Number of strings: 5 5, CI size = 25
String addressing array alpha: 1 5
0 1 2 3 4

Alpha strings 5 1
1
2
3
4
5

Is hamiltonian hermitian? 1
Implicit Hamiltonian constructed
E(core)= 0.000000000000
H(1,1) + E(core) energy = -1.055602727100
Davidson: iter=0 dim=0 root=0 eigenvalue=-1.055602727100
Davidson: iter=1 dim=1 root=0 eigenvalue=-1.089036456618
Davidson: iter=2 dim=2 root=0 eigenvalue=-1.089051559208
Davidson: iter=3 dim=3 root=0 eigenvalue=-1.089051702998
Davidson: iter=4 dim=4 root=0 eigenvalue=-1.089051703916
Davidson: iter=5 dim=5 root=0 eigenvalue=-1.089051703917
Davidson: iter=6 dim=6 root=0 eigenvalue=-1.089051703917
Davidson: iter=6 dim=6 root=1 eigenvalue=-0.540415448571
root no. 0 converged
Davidson: iter=7 dim=7 root=0 eigenvalue=-1.089051703917
Davidson: iter=7 dim=7 root=1 eigenvalue=-0.541485103443
Davidson: iter=8 dim=8 root=0 eigenvalue=-1.089051703917
Davidson: iter=8 dim=8 root=1 eigenvalue=-0.541995751791
Davidson: iter=9 dim=9 root=0 eigenvalue=-1.089051703917
Davidson: iter=9 dim=9 root=1 eigenvalue=-0.542059820762
Davidson: iter=10 dim=10 root=0 eigenvalue=-1.089051703917
Davidson: iter=10 dim=10 root=1 eigenvalue=-0.542059838581
Davidson: iter=11 dim=11 root=0 eigenvalue=-1.089051703917
Davidson: iter=11 dim=11 root=1 eigenvalue=-0.542059858592
Davidson: iter=12 dim=12 root=0 eigenvalue=-1.089051703917
Davidson: iter=12 dim=12 root=1 eigenvalue=-0.542059858617
Davidson: iter=13 dim=13 root=0 eigenvalue=-1.089051703917
Davidson: iter=13 dim=13 root=1 eigenvalue=-0.542059858617
root no. 1 converged
Davidson converged in 13 iterations.
E(core)= 0.000000000000
E(0)= -1.089051703917
E(1)= -0.542059858617
FCI Excitation energies = 2
0.000000000000 0.546991845301

Vacuum coefficients in CI state 0 = -0.984266488139
Vacuum coefficients in CI state 1 = 0.002833806154
Eigenvector 0 in string basis
0: -0.984266488139 seniority 0 ... 1
1
 | 1
1

6: 0.125021701444 seniority 0 ... 1
2
 | 1
2

12: 0.073932407986 seniority 0 ... 1
3
 | 1
3

18: 0.073931377804 seniority 0 ... 1
4
 | 1
4

24: 0.068148729316 seniority 0 ... 1
5
 | 1
5

Eigenvector 1 in string basis
1: -0.706392758122 seniority 2 ... 1
1
 | 1
2

5: -0.706392757857 seniority 2 ... 1
2
 | 1
1

Seniority vectors for all roots (nroots/seniority)
2 2
0.999987044387 0.000012955613
0.001018069257 0.998731354843

Calculating transition densities
Root 0 MO occupations numbers (density matrix diagonal)
5
1.937572790164 0.031266884158 0.010932004787 0.010931720725 0.009296600165
Root 1 MO occupations numbers (density matrix diagonal)
5
0.998160075653 0.999024773904 0.000007769477 0.000008530574 0.002798850391
Transition densities done:
Trandens between roots 0 0
5 5
1.937572790164 0.002673320983 0.000024374520 -0.000070226980 0.003400161399
0.002673320983 0.031266884158 0.000001982941 -0.000005855937 0.000302752800
0.000024374520 0.000001982941 0.010932004787 0.000000206626 -0.000009948816
-0.000070226980 -0.000005855937 0.000000206626 0.010931720725 0.000028314505
0.003400161399 0.000302752800 -0.000009948816 0.000028314505 0.009296600165

Trandens between roots 0 1
5 5
-0.003344843889 1.390668127032 -0.000013926395 -0.000115835509 0.017681271670
-0.176651536476 -0.001604556794 -0.000026718396 0.000079728997 -0.004204273382
-0.000005512711 0.000003903679 0.000289562893 -0.000000572944 0.000026518583
0.000028115911 -0.000009430759 -0.000000570990 0.000290015777 -0.000075714401
-0.002325252112 0.000266581648 0.000026129281 -0.000074866442 0.004369822012

Trandens between roots 1 0
5 5
-0.003344843889 -0.176651536476 -0.000005512711 0.000028115911 -0.002325252112
1.390668127032 -0.001604556794 0.000003903679 -0.000009430759 0.000266581648
-0.000013926395 -0.000026718396 0.000289562893 -0.000000570990 0.000026129281
-0.000115835509 0.000079728997 -0.000000572944 0.000290015777 -0.000074866442
0.017681271670 -0.004204273382 0.000026518583 -0.000075714401 0.004369822012

Trandens between roots 1 1
5 5
0.998160075653 0.017653395847 0.000149205517 -0.000446107619 0.023563314149
0.017653395847 0.999024773904 -0.000013490148 -0.000073516110 0.012157533032
0.000149205517 -0.000013490148 0.000007769477 -0.000000316899 0.000016769543
-0.000446107619 -0.000073516110 -0.000000316899 0.000008530574 -0.000049797606
0.023563314149 0.012157533032 0.000016769543 -0.000049797606 0.002798850391

State 0 :
Natural orbital occupations
5
1.937582538987 0.031267177206 0.010932218533 0.010932057576 0.009286007698
Natural orbitals (in MO basis)
5 5
-0.999997460567 -0.001426419182 -0.000005269537 0.000003126995 -0.001744749481
-0.001402626232 0.999907036498 -0.000027046693 0.000012851165 -0.013562820671
-0.000012643542 0.000089158455 -0.219164538021 -0.975668922028 0.006087015142
0.000036428541 -0.000264136030 -0.975563656156 0.219032786507 -0.017323975493
-0.001763522820 0.013557506143 -0.015571040474 0.009736161899 0.999737882579

State 1 :
Natural orbital occupations
5
1.016876588224 0.981004210850 0.002103919908 0.000007661325 0.000007619693
Natural orbitals (in MO basis)
5 5
-0.702314848155 0.711480294627 0.023444490946 0.000001631238 -0.000016137765
-0.711432551272 -0.702655712751 0.011774694936 -0.000107599134 0.000138962287
-0.000094022678 0.000118019548 -0.006405652976 -0.993765490077 -0.111306314161
0.000360761825 -0.000271315033 0.018349186805 0.111172970942 -0.993631558534
-0.024848341249 0.008405483631 -0.999466851555 0.008408904971 -0.017527428285

