Number of strings: 5 5, CI size = 25
String addressing array alpha: 1 5
0 1 2 3 4

Alpha strings 5 1
1
2
3
4
5

Is hamiltonian hermitian? 1
Implicit Hamiltonian constructed
E(core)= 0.000000000000
H(1,1) + E(core) energy = -0.918589921000
Davidson: iter=0 dim=0 root=0 eigenvalue=-0.918589921000
Davidson: iter=1 dim=1 root=0 eigenvalue=-0.955517837250
Davidson: iter=2 dim=2 root=0 eigenvalue=-0.955636967259
Davidson: iter=3 dim=3 root=0 eigenvalue=-0.955637649616
Davidson: iter=4 dim=4 root=0 eigenvalue=-0.955637660990
Davidson: iter=5 dim=5 root=0 eigenvalue=-0.955637661124
Davidson: iter=6 dim=6 root=0 eigenvalue=-0.955637661124
Davidson: iter=6 dim=6 root=1 eigenvalue=-0.583821926220
root no. 0 converged
Davidson: iter=7 dim=7 root=0 eigenvalue=-0.955637661124
Davidson: iter=7 dim=7 root=1 eigenvalue=-0.583917685935
Davidson: iter=8 dim=8 root=0 eigenvalue=-0.955637661124
Davidson: iter=8 dim=8 root=1 eigenvalue=-0.583924207294
Davidson: iter=9 dim=9 root=0 eigenvalue=-0.955637661124
Davidson: iter=9 dim=9 root=1 eigenvalue=-0.583924218132
Davidson: iter=10 dim=10 root=0 eigenvalue=-0.955637661124
Davidson: iter=10 dim=10 root=1 eigenvalue=-0.583924218132
root no. 1 converged
Davidson converged in 10 iterations.
E(core)= 0.000000000000
E(0)= -0.955637661124
E(1)= -0.583924218132
FCI Excitation energies = 2
0.000000000000 0.371713442992

Vacuum coefficients in CI state 0 = 0.974331793819
Vacuum coefficients in CI state 1 = 0.033668279748
Eigenvector 0 in string basis
0: 0.974331793819 seniority 0 ... 1
1
 | 1
1

6: -0.192832853574 seniority 0 ... 1
2
 | 1
2

12: -0.066811065869 seniority 0 ... 1
3
 | 1
3

18: -0.066877035236 seniority 0 ... 1
4
 | 1
4

24: -0.066875270600 seniority 0 ... 1
5
 | 1
5

Eigenvector 1 in string basis
1: -0.684094330765 seniority 2 ... 1
1
 | 1
2

2: 0.118842457806 seniority 2 ... 1
1
 | 1
3

5: -0.684094330765 seniority 2 ... 1
2
 | 1
1

6: 0.171770271451 seniority 0 ... 1
2
 | 1
2

10: 0.118842457806 seniority 2 ... 1
3
 | 1
1

Seniority vectors for all roots (nroots/seniority)
2 2
0.999915512046 0.000084487954
0.034136520184 0.965862389016

Calculating transition densities
Root 0 MO occupations numbers (density matrix diagonal)
5
1.898728837474 0.074397799848 0.008983657999 0.008945096925 0.008944607754
Root 1 MO occupations numbers (density matrix diagonal)
5
0.966497107336 0.996612375559 0.033412384853 0.001743577507 0.001734554744
Transition densities done:
Trandens between roots 0 0
5 5
1.898728837474 0.005867915449 -0.009573077569 0.000185513619 0.000081669092
0.005867915449 0.074397799848 -0.000309225387 0.000006453897 0.000002873874
-0.009573077569 -0.000309225387 0.008983657999 0.000000830470 0.000000365287
0.000185513619 0.000006453897 0.000000830470 0.008945096925 -0.000000006682
0.000081669092 0.000002873874 0.000000365287 -0.000000006682 0.008944607754

Trandens between roots 0 1
5 5
0.059212105287 -1.331477225709 0.231812956474 -0.004521095300 -0.001995002130
0.264208206173 -0.071416917644 0.011864693741 -0.000225615948 -0.000099668946
-0.016945488169 0.011213950934 0.004332823124 -0.000010354108 -0.000004516974
0.000330167370 -0.000215737297 -0.000010307039 0.003935725807 0.000000086221
0.000145753825 -0.000095110369 -0.000004518440 0.000000086652 0.003936263426

Trandens between roots 1 0
5 5
0.059212105287 0.264208206173 -0.016945488169 0.000330167370 0.000145753825
-1.331477225709 -0.071416917644 0.011213950934 -0.000215737297 -0.000095110369
0.231812956474 0.011864693741 0.004332823124 -0.000010307039 -0.000004518440
-0.004521095300 -0.000225615948 -0.000010354108 0.003935725807 0.000000086652
-0.001995002130 -0.000099668946 -0.000004516974 0.000000086221 0.003936263426

Trandens between roots 1 1
5 5
0.966497107336 -0.287870327340 0.037087678000 -0.000697847649 -0.000308424547
-0.287870327340 0.996612375559 -0.170009495327 0.003310047136 0.001460721453
0.037087678000 -0.170009495327 0.033412384853 -0.000620135724 -0.000273608638
-0.000697847649 0.003310047136 -0.000620135724 0.001743577507 0.000005332608
-0.000308424547 0.001460721453 -0.000273608638 0.000005332608 0.001734554744

State 0 :
Natural orbital occupations
5
1.898796236202 0.074380111214 0.008945377400 0.008944643718 0.008933631465
Natural orbitals (in MO basis)
5 5
0.999981986563 0.003238732845 -0.000725589123 0.000207611358 -0.004996756649
0.003217157471 -0.999985700872 -0.000605999807 0.000173071641 -0.004225016005
-0.005066057854 0.004254301610 -0.163773304703 0.046442480692 -0.985381974987
0.000098170078 -0.000089393158 -0.975253454313 -0.158008144178 0.154641872064
0.000043217687 -0.000039852586 -0.148519732028 0.986344995072 0.071171879544

State 1 :
Natural orbital occupations
5
1.287685101176 0.704729578020 0.004121695018 0.001732191808 0.001731433979
Natural orbitals (in MO basis)
5 5
0.670269181450 0.741991576806 0.013701248441 0.000004156737 -0.000011015228
-0.732493448615 0.658499854255 0.172717227402 -0.000080187436 0.000206423120
0.119105897916 -0.125774101414 0.984623927298 -0.008422875253 0.020962763647
-0.002306637441 0.002474972920 -0.020397476665 0.032894941029 0.999244924797
-0.001018155068 0.001091704068 -0.008983311603 -0.999423319510 0.032712384127

