Number of strings: 5 5, CI size = 25
String addressing array alpha: 1 5
0 1 2 3 4

Alpha strings 5 1
1
2
3
4
5

Is hamiltonian hermitian? 1
Implicit Hamiltonian constructed
E(core)= 0.000000000000
H(1,1) + E(core) energy = -0.806762021600
Davidson: iter=0 dim=0 root=0 eigenvalue=-0.806762021600
Davidson: iter=1 dim=1 root=0 eigenvalue=-0.849862295080
Davidson: iter=2 dim=2 root=0 eigenvalue=-0.850915604509
Davidson: iter=3 dim=3 root=0 eigenvalue=-0.851022160975
Davidson: iter=4 dim=4 root=0 eigenvalue=-0.851024502618
Davidson: iter=5 dim=5 root=0 eigenvalue=-0.851024509352
Davidson: iter=6 dim=6 root=0 eigenvalue=-0.851024509365
Davidson: iter=7 dim=7 root=0 eigenvalue=-0.851024509365
Davidson: iter=7 dim=7 root=1 eigenvalue=-0.631903618015
root no. 0 converged
Davidson: iter=8 dim=8 root=0 eigenvalue=-0.851024509365
Davidson: iter=8 dim=8 root=1 eigenvalue=-0.631903621187
Davidson: iter=9 dim=9 root=0 eigenvalue=-0.851024509365
Davidson: iter=9 dim=9 root=1 eigenvalue=-0.631903621199
Davidson: iter=10 dim=10 root=0 eigenvalue=-0.851024509365
Davidson: iter=10 dim=10 root=1 eigenvalue=-0.631903621199
root no. 1 converged
Davidson converged in 10 iterations.
E(core)= 0.000000000000
E(0)= -0.851024509365
E(1)= -0.631903621199
FCI Excitation energies = 2
0.000000000000 0.219120888166

Vacuum coefficients in CI state 0 = -0.948049252460
Vacuum coefficients in CI state 1 = -0.183275531116
Eigenvector 0 in string basis
0: -0.948049252460 seniority 0 ... 1
1
 | 1
1

6: 0.296220987896 seniority 0 ... 1
2
 | 1
2

12: 0.056760870050 seniority 0 ... 1
3
 | 1
3

18: 0.056086148870 seniority 0 ... 1
4
 | 1
4

24: 0.056094309855 seniority 0 ... 1
5
 | 1
5

Eigenvector 1 in string basis
0: -0.183275531116 seniority 0 ... 1
1
 | 1
1

1: 0.607548795650 seniority 2 ... 1
1
 | 1
2

2: 0.098909327403 seniority 2 ... 1
1
 | 1
3

5: 0.607548795650 seniority 2 ... 1
2
 | 1
1

6: -0.439718952740 seniority 0 ... 1
2
 | 1
2

10: 0.098909327403 seniority 2 ... 1
3
 | 1
1

12: 0.067285638562 seniority 0 ... 1
3
 | 1
3

18: 0.060136482738 seniority 0 ... 1
4
 | 1
4

24: 0.060129628916 seniority 0 ... 1
5
 | 1
5

Seniority vectors for all roots (nroots/seniority)
2 2
0.996058282822 0.003941717178
0.238701999591 0.761297996309

Calculating transition densities
Root 0 MO occupations numbers (density matrix diagonal)
5
1.801527975074 0.179143842912 0.006743725113 0.006291312731 0.006293144170
Root 1 MO occupations numbers (density matrix diagonal)
5
0.824977131922 1.128437297386 0.032121509103 0.007232841905 0.007231219684
Transition densities done:
Trandens between roots 0 0
5 5
1.801527975074 0.055677805940 0.021701004825 0.000029134366 -0.000039116199
0.055677805940 0.179143842912 -0.000425914948 -0.000000288286 0.000000760103
0.021701004825 -0.000425914948 0.006743725113 0.000000053114 -0.000000354952
0.000029134366 -0.000000288286 0.000000053114 0.006291312731 -0.000000000142
-0.000039116199 0.000000760103 -0.000000354952 -0.000000000142 0.006293144170

Trandens between roots 0 1
5 5
0.293270643989 -1.113435714528 -0.185596362932 -0.000263758879 0.000333803496
0.375170303120 -0.312184449013 -0.033504740942 -0.000051848701 0.000060445526
0.013147739028 -0.017607633181 0.005422308979 -0.000002291885 0.000002400595
0.000018552581 -0.000024936819 -0.000002201711 0.006745643170 0.000000004289
-0.000023246128 0.000031552589 0.000002437221 0.000000004489 0.006745852875

Trandens between roots 1 0
5 5
0.293270643989 0.375170303120 0.013147739028 0.000018552581 -0.000023246128
-1.113435714528 -0.312184449013 -0.017607633181 -0.000024936819 0.000031552589
-0.185596362932 -0.033504740942 0.005422308979 -0.000002201711 0.000002437221
-0.000263758879 -0.000051848701 -0.000002291885 0.006745643170 0.000000004489
0.000333803496 0.000060445526 0.000002400595 0.000000004289 0.006745852875

Trandens between roots 1 1
5 5
0.824977131922 -0.765275299137 -0.073781103222 -0.000113938754 0.000132675186
-0.765275299137 1.128437297386 0.151347533742 0.000221141506 -0.000272255183
-0.073781103222 0.151347533742 0.032121509103 0.000035759565 -0.000045285795
-0.000113938754 0.000221141506 0.000035759565 0.007232841905 -0.000000063644
0.000132675186 -0.000272255183 -0.000045285795 -0.000000063644 0.007231219684

State 0 :
Natural orbital occupations
5
1.803697924273 0.177243311610 0.006474309180 0.006293143202 0.006291311735
Natural orbitals (in MO basis)
5 5
0.999340629386 -0.034166084487 0.012287505677 -0.000030985145 0.000037047538
0.034246909669 0.999392726825 -0.006428543501 0.000016151357 -0.000017732843
0.012060468524 -0.006845146634 -0.999902176077 0.000719862017 -0.001676049357
0.000016193288 -0.000007510188 0.001676171527 -0.000397325685 -0.999998516130
-0.000021736148 0.000012275617 -0.000720942387 -0.999999661355 0.000396117270

State 1 :
Natural orbital occupations
5
1.772303642362 0.204564914390 0.008667515703 0.007232790415 0.007231137130
Natural orbitals (in MO basis)
5 5
0.630040590963 0.770280596967 0.098573090218 0.000021153219 -0.000033357115
-0.770881463675 0.605047043844 0.199147781424 0.000014965398 -0.000068020465
-0.093758065726 0.201458859402 -0.974995923813 -0.001463492904 0.002135372470
-0.000139151747 0.000269800577 -0.001433788331 0.999998551848 -0.000865099221
0.000168669081 -0.000363107343 0.002097578897 0.000868227101 0.999997343021

