Number of strings: 5 5, CI size = 25
String addressing array alpha: 1 5
0 1 2 3 4

Alpha strings 5 1
1
2
3
4
5

Is hamiltonian hermitian? 1
Implicit Hamiltonian constructed
E(core)= 0.000000000000
H(1,1) + E(core) energy = -1.036274400300
Davidson: iter=0 dim=0 root=0 eigenvalue=-1.036274400300
Davidson: iter=1 dim=1 root=0 eigenvalue=-1.069901394597
Davidson: iter=2 dim=2 root=0 eigenvalue=-1.069916333933
Davidson: iter=3 dim=3 root=0 eigenvalue=-1.069916509115
Davidson: iter=4 dim=4 root=0 eigenvalue=-1.069916510271
Davidson: iter=5 dim=5 root=0 eigenvalue=-1.069916510272
Davidson: iter=5 dim=5 root=1 eigenvalue=-0.540795567088
root no. 0 converged
Davidson: iter=6 dim=6 root=0 eigenvalue=-1.069916510272
Davidson: iter=6 dim=6 root=1 eigenvalue=-0.544652221123
Davidson: iter=7 dim=7 root=0 eigenvalue=-1.069916510272
Davidson: iter=7 dim=7 root=1 eigenvalue=-0.544758925937
Davidson: iter=8 dim=8 root=0 eigenvalue=-1.069916510272
Davidson: iter=8 dim=8 root=1 eigenvalue=-0.544778362622
Davidson: iter=9 dim=9 root=0 eigenvalue=-1.069916510272
Davidson: iter=9 dim=9 root=1 eigenvalue=-0.544778365719
Davidson: iter=10 dim=10 root=0 eigenvalue=-1.069916510272
Davidson: iter=10 dim=10 root=1 eigenvalue=-0.544778365719
root no. 1 converged
Davidson converged in 10 iterations.
E(core)= 0.000000000000
E(0)= -1.069916510272
E(1)= -0.544778365719
FCI Excitation energies = 2
0.000000000000 0.525138144553

Vacuum coefficients in CI state 0 = 0.983522287003
Vacuum coefficients in CI state 1 = -0.002659701216
Eigenvector 0 in string basis
0: 0.983522287003 seniority 0 ... 1
1
 | 1
1

6: -0.131213112917 seniority 0 ... 1
2
 | 1
2

12: -0.073099073763 seniority 0 ... 1
3
 | 1
3

18: -0.073094923446 seniority 0 ... 1
4
 | 1
4

24: -0.069031674137 seniority 0 ... 1
5
 | 1
5

Eigenvector 1 in string basis
1: 0.706078398772 seniority 2 ... 1
1
 | 1
2

5: 0.706078398772 seniority 2 ... 1
2
 | 1
1

Seniority vectors for all roots (nroots/seniority)
2 2
0.999984684485 0.000015315515
0.000718114605 0.998894659895

Calculating transition densities
Root 0 MO occupations numbers (density matrix diagonal)
5
1.934646832570 0.034439502178 0.010686962013 0.010685783710 0.009540919529
Root 1 MO occupations numbers (density matrix diagonal)
5
0.998669119239 0.997780039070 0.000019145099 0.000023335768 0.003508360824
Transition densities done:
Trandens between roots 0 0
5 5
1.934646832570 0.002725657521 0.000076113194 0.000147278849 -0.003987658876
0.002725657521 0.034439502178 0.000004159051 0.000008118489 -0.000229345766
0.000076113194 0.000004159051 0.010686962013 -0.000000715074 0.000019041931
0.000147278849 0.000008118489 -0.000000715074 0.010685783710 0.000036834293
-0.003987658876 -0.000229345766 0.000019041931 0.000036834293 0.009540919529

Trandens between roots 0 1
5 5
-0.003093719601 1.388983231805 -0.001344239734 -0.002577509595 0.054980260693
-0.185270950969 -0.001684295402 -0.000048884469 -0.000095079235 0.002915143512
0.000081603514 0.000033658749 0.000434854841 0.000002415824 -0.000062330873
0.000155906143 0.000064830767 0.000002414795 0.000438159674 -0.000120585727
-0.003056309140 -0.001559905594 -0.000061422948 -0.000118883092 0.003905000489

Trandens between roots 1 0
5 5
-0.003093719601 -0.185270950969 0.000081603514 0.000155906143 -0.003056309140
1.388983231805 -0.001684295402 0.000033658749 0.000064830767 -0.001559905594
-0.001344239734 -0.000048884469 0.000434854841 0.000002414795 -0.000061422948
-0.002577509595 -0.000095079235 0.000002415824 0.000438159674 -0.000118883092
0.054980260693 0.002915143512 -0.000062330873 -0.000120585727 0.003905000489

Trandens between roots 1 1
5 5
0.998669119239 0.016794902049 0.000288454995 0.000560850802 -0.017165421349
0.016794902049 0.997780039070 -0.000969742180 -0.001859465645 0.039715735559
0.000288454995 -0.000969742180 0.000019145099 0.000002988820 -0.000072398725
0.000560850802 -0.001859465645 0.000002988820 0.000023335768 -0.000139454886
-0.017165421349 0.039715735559 -0.000072398725 -0.000139454886 0.003508360824

State 0 :
Natural orbital occupations
5
1.934659017837 0.034437603514 0.010687309444 0.010686936291 0.009529132915
Natural orbitals (in MO basis)
5 5
0.999996821542 0.001453211472 0.000002015152 0.000010844054 0.002060330196
0.001434636747 -0.999958575363 0.000004663388 0.000032652161 0.008988230515
0.000039542891 -0.000163241105 -0.957325761211 -0.288532591434 -0.016622346148
0.000076515459 -0.000318851543 0.288935089706 -0.956808338621 -0.032159128738
-0.002071546500 0.008978163551 -0.006625770395 -0.035591370330 0.999301983786

State 1 :
Natural orbital occupations
5
1.015272982664 0.983083552057 0.001608233208 0.000017642072 0.000017589998
Natural orbitals (in MO basis)
5 5
-0.702807900065 -0.711154752502 0.017887786746 -0.000026168201 0.000000839130
-0.711199116043 0.701841035600 -0.040182940131 -0.000555208274 0.000033974460
0.000480778289 -0.000904018657 -0.017777622371 -0.524087754146 -0.851478087621
0.000916534965 -0.001739069304 -0.034397935952 -0.850785696675 0.524382127782
-0.015993803860 0.040917442862 0.998281571779 -0.038670600546 0.002906752175

