Number of strings: 5 5, CI size = 25
String addressing array alpha: 1 5
0 1 2 3 4

Alpha strings 5 1
1
2
3
4
5

Is hamiltonian hermitian? 1
Implicit Hamiltonian constructed
E(core)= 0.000000000000
H(1,1) + E(core) energy = -1.094887578200
Davidson: iter=0 dim=0 root=0 eigenvalue=-1.094887578200
Davidson: iter=1 dim=1 root=0 eigenvalue=-1.128285412770
Davidson: iter=2 dim=2 root=0 eigenvalue=-1.128305483780
Davidson: iter=3 dim=3 root=0 eigenvalue=-1.128305621632
Davidson: iter=4 dim=4 root=0 eigenvalue=-1.128305622359
Davidson: iter=5 dim=5 root=0 eigenvalue=-1.128305622363
Davidson: iter=6 dim=6 root=0 eigenvalue=-1.128305622363
Davidson: iter=6 dim=6 root=1 eigenvalue=-0.546895279390
root no. 0 converged
Davidson: iter=7 dim=7 root=0 eigenvalue=-1.128305622363
Davidson: iter=7 dim=7 root=1 eigenvalue=-0.546984366683
Davidson: iter=8 dim=8 root=0 eigenvalue=-1.128305622363
Davidson: iter=8 dim=8 root=1 eigenvalue=-0.547198714475
Davidson: iter=9 dim=9 root=0 eigenvalue=-1.128305622363
Davidson: iter=9 dim=9 root=1 eigenvalue=-0.547200572376
Davidson: iter=10 dim=10 root=0 eigenvalue=-1.128305622363
Davidson: iter=10 dim=10 root=1 eigenvalue=-0.547200572379
Davidson: iter=11 dim=11 root=0 eigenvalue=-1.128305622363
Davidson: iter=11 dim=11 root=1 eigenvalue=-0.547200572398
Davidson: iter=12 dim=12 root=0 eigenvalue=-1.128305622363
Davidson: iter=12 dim=12 root=1 eigenvalue=-0.547200572398
root no. 1 converged
Davidson converged in 12 iterations.
E(core)= 0.000000000000
E(0)= -1.128305622363
E(1)= -0.547200572398
FCI Excitation energies = 2
0.000000000000 0.581105049965

Vacuum coefficients in CI state 0 = -0.985306000955
Vacuum coefficients in CI state 1 = 0.000843024732
Eigenvector 0 in string basis
0: -0.985306000955 seniority 0 ... 1
1
 | 1
1

6: 0.116509098027 seniority 0 ... 1
2
 | 1
2

12: 0.075648021070 seniority 0 ... 1
3
 | 1
3

18: 0.075647045329 seniority 0 ... 1
4
 | 1
4

24: 0.064376670844 seniority 0 ... 1
5
 | 1
5

Eigenvector 1 in string basis
1: -0.704058376365 seniority 2 ... 1
1
 | 1
2

4: -0.050978214084 seniority 2 ... 1
1
 | 1
5

5: -0.704058376345 seniority 2 ... 1
2
 | 1
1

20: -0.050978214084 seniority 2 ... 1
5
 | 1
1

Seniority vectors for all roots (nroots/seniority)
2 2
0.999991739750 0.000008260250
0.002731430724 0.997232991676

Calculating transition densities
Root 0 MO occupations numbers (density matrix diagonal)
5
1.941662649604 0.027152736910 0.011445246275 0.011444951725 0.008294415486
Root 1 MO occupations numbers (density matrix diagonal)
5
0.996595386849 0.994307687651 0.000018709345 0.000018793853 0.009059422303
Transition densities done:
Trandens between roots 0 0
5 5
1.941662649604 0.001961936768 -0.000002154534 -0.000006408502 0.002686913655
0.001961936768 0.027152736910 -0.000000199889 -0.000000574377 0.000310362385
-0.000002154534 -0.000000199889 0.011445246275 -0.000000004035 0.000001853043
-0.000006408502 -0.000000574377 -0.000000004035 0.011444951725 0.000005453841
0.002686913655 0.000310362385 0.000001853043 0.000005453841 0.008294415486

Trandens between roots 0 1
5 5
0.000079495570 1.387554288864 -0.000039326712 -0.000161253495 0.100381492312
-0.164146856978 -0.006292676764 0.000002288584 0.000007517182 -0.003981735771
0.000003112708 -0.000000312553 0.000462720638 0.000000006655 -0.000002871987
0.000012603255 -0.000000432635 0.000000006615 0.000463483677 -0.000008549906
-0.007761243700 -0.000303017048 -0.000002812302 -0.000008416720 0.005286976879

Trandens between roots 1 0
5 5
0.000079495570 -0.164146856978 0.000003112708 0.000012603255 -0.007761243700
1.387554288864 -0.006292676764 -0.000000312553 -0.000000432635 -0.000303017048
-0.000039326712 0.000002288584 0.000462720638 0.000000006615 -0.000002812302
-0.000161253495 0.000007517182 0.000000006655 0.000463483677 -0.000008416720
0.100381492312 -0.003981735771 -0.000002871987 -0.000008549906 0.005286976879

Trandens between roots 1 1
5 5
0.996595386849 0.048098270906 -0.000011964352 -0.000040012989 0.020991004535
0.048098270906 0.994307687651 -0.000027979253 -0.000115059088 0.071553193495
-0.000011964352 -0.000027979253 0.000018709345 0.000000007394 -0.000004288349
-0.000040012989 -0.000115059088 0.000000007394 0.000018793853 -0.000015156908
0.020991004535 0.071553193495 -0.000004288349 -0.000015156908 0.009059422303

State 0 :
Natural orbital occupations
5
1.941668395192 0.027155742168 0.011445247367 0.011444961162 0.008285654110
Natural orbitals (in MO basis)
5 5
0.999998508754 0.001047518456 0.000000293344 0.000000907588 -0.001373023704
0.001024993038 -0.999866539397 0.000001054791 0.000002233065 -0.016304992391
-0.000001114980 0.000010654928 0.999995644701 0.002892106902 -0.000588372247
-0.000003316456 0.000030467636 -0.002893122331 0.999994314872 -0.001731798886
0.001389916165 -0.016303528973 0.000583456067 0.001733763346 0.999864449173

State 1 :
Natural orbital occupations
5
1.047685187475 0.948695428850 0.003581908075 0.000018768373 0.000018707227
Natural orbitals (in MO basis)
5 5
-0.697751440758 -0.716122861300 -0.017634467049 -0.000003790977 -0.000000388773
-0.713541298761 0.696988724049 -0.071172559398 0.000010438578 0.000013796098
0.000027283277 -0.000011692371 -0.000582193383 -0.002197117118 -0.999997416420
0.000105928134 -0.000054921408 -0.001746064952 -0.999996052605 0.002198134203
-0.063259227914 0.037077795494 0.997306424660 -0.001751378588 -0.000578938160

