Number of strings: 5 5, CI size = 25
String addressing array alpha: 1 5
0 1 2 3 4

Alpha strings 5 1
1
2
3
4
5

Is hamiltonian hermitian? 1
Implicit Hamiltonian constructed
E(core)= 0.000000000000
H(1,1) + E(core) energy = -1.133345996200
Davidson: iter=0 dim=0 root=0 eigenvalue=-1.133345996200
Davidson: iter=1 dim=1 root=0 eigenvalue=-1.167345767629
Davidson: iter=2 dim=2 root=0 eigenvalue=-1.167358070161
Davidson: iter=3 dim=3 root=0 eigenvalue=-1.167358139158
Davidson: iter=4 dim=4 root=0 eigenvalue=-1.167358139517
Davidson: iter=5 dim=5 root=0 eigenvalue=-1.167358139519
Davidson: iter=6 dim=6 root=0 eigenvalue=-1.167358139519
Davidson: iter=6 dim=6 root=1 eigenvalue=-0.562216115400
root no. 0 converged
Davidson: iter=7 dim=7 root=0 eigenvalue=-1.167358139519
Davidson: iter=7 dim=7 root=1 eigenvalue=-0.562305646864
Davidson: iter=8 dim=8 root=0 eigenvalue=-1.167358139519
Davidson: iter=8 dim=8 root=1 eigenvalue=-0.562361464078
Davidson: iter=9 dim=9 root=0 eigenvalue=-1.167358139519
Davidson: iter=9 dim=9 root=1 eigenvalue=-0.562361908257
Davidson: iter=10 dim=10 root=0 eigenvalue=-1.167358139519
Davidson: iter=10 dim=10 root=1 eigenvalue=-0.562361908258
Davidson: iter=11 dim=11 root=0 eigenvalue=-1.167358139519
Davidson: iter=11 dim=11 root=1 eigenvalue=-0.562361908258
Davidson: iter=12 dim=12 root=0 eigenvalue=-1.167358139519
Davidson: iter=12 dim=12 root=1 eigenvalue=-0.562361908258
root no. 1 converged
Davidson converged in 12 iterations.
E(core)= 0.000000000000
E(0)= -1.167358139519
E(1)= -0.562361908258
FCI Excitation energies = 2
0.000000000000 0.604996231260

Vacuum coefficients in CI state 0 = -0.985751884239
Vacuum coefficients in CI state 1 = -0.001918766306
Eigenvector 0 in string basis
0: -0.985751884239 seniority 0 ... 1
1
 | 1
1

6: 0.113872938409 seniority 0 ... 1
2
 | 1
2

12: 0.077406379234 seniority 0 ... 1
3
 | 1
3

18: 0.077403827351 seniority 0 ... 1
4
 | 1
4

24: 0.057771080251 seniority 0 ... 1
5
 | 1
5

Eigenvector 1 in string basis
1: -0.705077198473 seniority 2 ... 1
1
 | 1
2

5: -0.705077198551 seniority 2 ... 1
2
 | 1
1

6: -0.053091778359 seniority 0 ... 1
2
 | 1
2

Seniority vectors for all roots (nroots/seniority)
2 2
0.999994421130 0.000005578870
0.004680547817 0.995343565283

Calculating transition densities
Root 0 MO occupations numbers (density matrix diagonal)
5
1.943418824241 0.025934994251 0.011983495103 0.011982705932 0.006679980473
Root 1 MO occupations numbers (density matrix diagonal)
5
0.995329084219 0.999927028691 0.000065861661 0.000066211614 0.004611813815
Transition densities done:
Trandens between roots 0 0
5 5
1.943418824241 0.000948952433 -0.000000636760 0.000005460634 0.002837390851
0.000948952433 0.025934994251 -0.000000041965 -0.000000041075 0.000136434941
-0.000000636760 -0.000000041965 0.011983495103 0.000000001071 0.000000619948
0.000005460634 -0.000000041075 0.000000001071 0.011982705932 -0.000005843461
0.002837390851 0.000136434941 0.000000619948 -0.000005843461 0.006679980473

Trandens between roots 0 1
5 5
0.004621428493 1.390130317609 0.000120014744 -0.000467362251 0.045131429753
-0.160594357441 -0.011325651894 -0.000001874543 0.000006919241 -0.000694582195
-0.000009369701 -0.000001809833 0.000888348042 0.000000000122 -0.000000013984
0.000037793011 0.000009203746 0.000000000265 0.000889946533 0.000002231050
-0.003200046046 0.001732656793 0.000000062507 0.000001972884 0.004925928826

Trandens between roots 1 0
5 5
0.004621428493 -0.160594357441 -0.000009369701 0.000037793011 -0.003200046046
1.390130317609 -0.011325651894 -0.000001809833 0.000009203746 0.001732656793
0.000120014744 -0.000001874543 0.000888348042 0.000000000265 0.000000062507
-0.000467362251 0.000006919241 0.000000000122 0.000889946533 0.000001972884
0.045131429753 -0.000694582195 -0.000000013984 0.000002231050 0.004925928826

Trandens between roots 1 1
5 5
0.995329084219 0.077725094176 0.000011595383 -0.000043669407 0.002817673547
0.077725094176 0.999927028691 0.000086644918 -0.000337328518 0.032443476038
0.000011595383 0.000086644918 0.000065861661 -0.000000029475 0.000002732115
-0.000043669407 -0.000337328518 -0.000000029475 0.000066211614 -0.000008670487
0.002817673547 0.032443476038 0.000002732115 -0.000008670487 0.004611813815

State 0 :
Natural orbital occupations
5
1.943423450953 0.025935471328 0.011983495176 0.011982712366 0.006674870178
Natural orbitals (in MO basis)
5 5
-0.999998804277 0.000505256837 -0.000000156253 -0.000001214807 -0.001461560646
-0.000494997079 -0.999975295790 -0.000001859689 0.000013804391 -0.007011604143
0.000000329222 0.000002673179 -0.999999870587 -0.000495103810 -0.000117009144
-0.000002822787 0.000006077729 -0.000495232480 0.999999269781 0.001102332634
-0.001465064950 -0.007010882985 -0.000116479545 -0.001102323697 0.999973735865

State 1 :
Natural orbital occupations
5
1.075983363052 0.920329367018 0.003555319792 0.000066096011 0.000065854127
Natural orbitals (in MO basis)
5 5
-0.694144522514 -0.719835604114 -0.000290810713 -0.000017834230 0.000004912084
-0.719448249881 0.693784141022 -0.032521473902 -0.000357210739 0.000086869771
-0.000065478928 0.000056317795 -0.000025947501 0.000434427280 -0.999999901570
0.000253930352 -0.000220363385 0.000664130233 -0.999999628562 -0.000434473432
-0.023612048605 0.022365531170 0.999470773671 0.000652864566 -0.000022844480

