Number of strings: 5 5, CI size = 25
String addressing array alpha: 1 5
0 1 2 3 4

Alpha strings 5 1
1
2
3
4
5

Is hamiltonian hermitian? 1
Implicit Hamiltonian constructed
E(core)= 0.000000000000
H(1,1) + E(core) energy = -0.855592801000
Davidson: iter=0 dim=0 root=0 eigenvalue=-0.855592801000
Davidson: iter=1 dim=1 root=0 eigenvalue=-0.895781399222
Davidson: iter=2 dim=2 root=0 eigenvalue=-0.896130207975
Davidson: iter=3 dim=3 root=0 eigenvalue=-0.896147788276
Davidson: iter=4 dim=4 root=0 eigenvalue=-0.896148145889
Davidson: iter=5 dim=5 root=0 eigenvalue=-0.896148147077
Davidson: iter=6 dim=6 root=0 eigenvalue=-0.896148147079
Davidson: iter=7 dim=7 root=0 eigenvalue=-0.896148147079
Davidson: iter=7 dim=7 root=1 eigenvalue=-0.606876105042
root no. 0 converged
Davidson: iter=8 dim=8 root=0 eigenvalue=-0.896148147079
Davidson: iter=8 dim=8 root=1 eigenvalue=-0.606876292497
Davidson: iter=9 dim=9 root=0 eigenvalue=-0.896148147079
Davidson: iter=9 dim=9 root=1 eigenvalue=-0.606876292519
Davidson: iter=10 dim=10 root=0 eigenvalue=-0.896148147079
Davidson: iter=10 dim=10 root=1 eigenvalue=-0.606876292519
root no. 1 converged
Davidson converged in 10 iterations.
E(core)= 0.000000000000
E(0)= -0.896148147079
E(1)= -0.606876292519
FCI Excitation energies = 2
0.000000000000 0.289271854560

Vacuum coefficients in CI state 0 = -0.963545381326
Vacuum coefficients in CI state 1 = -0.099485757343
Eigenvector 0 in string basis
0: -0.963545381326 seniority 0 ... 1
1
 | 1
1

6: 0.243591836670 seniority 0 ... 1
2
 | 1
2

12: 0.062397515948 seniority 0 ... 1
3
 | 1
3

18: 0.061839624997 seniority 0 ... 1
4
 | 1
4

24: 0.061840699227 seniority 0 ... 1
5
 | 1
5

Eigenvector 1 in string basis
0: -0.099485757343 seniority 0 ... 1
1
 | 1
1

1: 0.648891251361 seniority 2 ... 1
1
 | 1
2

2: -0.110599684308 seniority 2 ... 1
1
 | 1
3

5: 0.648891251361 seniority 2 ... 1
2
 | 1
1

6: -0.335273187190 seniority 0 ... 1
2
 | 1
2

10: -0.110599684308 seniority 2 ... 1
3
 | 1
1

12: 0.056895375555 seniority 0 ... 1
3
 | 1
3

Seniority vectors for all roots (nroots/seniority)
2 2
0.999298546064 0.000701453936
0.130249795013 0.869750274087

Calculating transition densities
Root 0 MO occupations numbers (density matrix diagonal)
5
1.857540852341 0.119247317888 0.007915003965 0.007648280841 0.007648544964
Root 1 MO occupations numbers (density matrix diagonal)
5
0.886379729277 1.070101304271 0.034104049080 0.004707880732 0.004707036640
Transition densities done:
Trandens between roots 0 0
5 5
1.857540852341 0.024380515863 -0.014425669980 -0.000062500633 0.000036111501
0.024380515863 0.119247317888 -0.000239376826 -0.000000959273 0.000000868669
-0.014425669980 -0.000239376826 0.007915003965 0.000000564712 -0.000000238882
-0.000062500633 -0.000000959273 0.000000564712 0.007648280841 0.000000000156
0.000036111501 0.000000868669 -0.000000238882 0.000000000156 0.007648544964

Trandens between roots 0 1
5 5
0.167974447568 -1.238482245406 0.212699160722 0.000899519419 -0.000556815212
0.319486663102 -0.185308826332 0.023132493839 0.000095229279 -0.000061276565
-0.015327599690 0.015316261538 0.005334095963 -0.000002200905 0.000001736590
-0.000064274003 0.000064883656 -0.000002417357 0.006000251530 0.000000005728
0.000040134347 -0.000039247332 0.000001598523 0.000000004591 0.006000031271

Trandens between roots 1 0
5 5
0.167974447568 0.319486663102 -0.015327599690 -0.000064274003 0.000040134347
-1.238482245406 -0.185308826332 0.015316261538 0.000064883656 -0.000039247332
0.212699160722 0.023132493839 0.005334095963 -0.000002417357 0.000001598523
0.000899519419 0.000095229279 -0.000002200905 0.006000251530 0.000000004591
-0.000556815212 -0.000061276565 0.000001736590 0.000000005728 0.006000031271

Trandens between roots 1 1
5 5
0.886379729277 -0.573022631265 0.061049960982 0.000249734395 -0.000161530655
-0.573022631265 1.070101304271 -0.165683453859 -0.000696836230 0.000434594941
0.061049960982 -0.165683453859 0.034104049080 0.000125269952 -0.000077401005
0.000249734395 -0.000696836230 0.000125269952 0.004707880732 -0.000000330539
-0.000161530655 0.000434594941 -0.000077401005 -0.000000330539 0.004707036640

State 0 :
Natural orbital occupations
5
1.857995249776 0.118905447462 0.007802479826 0.007648544253 0.007648278684
Natural orbitals (in MO basis)
5 5
-0.999871289210 -0.014024177678 -0.007792694862 -0.000021492839 -0.000029975846
-0.014021149427 0.999901600673 -0.000443087484 -0.000003647574 -0.000001014985
0.007798131803 -0.000333768504 -0.999969374061 -0.000281185115 0.000499613202
0.000033783092 -0.000000744649 -0.000500793191 0.005103090408 -0.999986853180
-0.000019521150 0.000003255788 -0.000278793655 0.999986939379 0.005103229805

State 1 :
Natural orbital occupations
5
1.576417099694 0.407281553741 0.006887167593 0.004707346181 0.004706832790
Natural orbitals (in MO basis)
5 5
0.640779575410 0.766182848640 -0.048635150225 -0.000015678884 0.000010195485
-0.760227219887 0.624415171948 -0.179332810235 -0.000097215762 0.000030118872
0.107031913749 -0.151884668886 -0.982570436286 -0.004779403419 0.002777019323
0.000447402444 -0.000652798824 -0.004711507711 0.999988034211 0.001052052519
-0.000281337496 0.000395856898 0.002739483083 -0.001038768928 0.999995590159

