Number of strings: 5 5, CI size = 25
String addressing array alpha: 1 5
0 1 2 3 4

Alpha strings 5 1
1
2
3
4
5

Is hamiltonian hermitian? 1
Implicit Hamiltonian constructed
E(core)= 0.000000000000
H(1,1) + E(core) energy = -1.017408705900
Davidson: iter=0 dim=0 root=0 eigenvalue=-1.017408705900
Davidson: iter=1 dim=1 root=0 eigenvalue=-1.051320330716
Davidson: iter=2 dim=2 root=0 eigenvalue=-1.051339402142
Davidson: iter=3 dim=3 root=0 eigenvalue=-1.051339675751
Davidson: iter=4 dim=4 root=0 eigenvalue=-1.051339677387
Davidson: iter=5 dim=5 root=0 eigenvalue=-1.051339677390
Davidson: iter=6 dim=6 root=0 eigenvalue=-1.051339677390
Davidson: iter=6 dim=6 root=1 eigenvalue=-0.547576972113
root no. 0 converged
Davidson: iter=7 dim=7 root=0 eigenvalue=-1.051339677390
Davidson: iter=7 dim=7 root=1 eigenvalue=-0.549226713802
Davidson: iter=8 dim=8 root=0 eigenvalue=-1.051339677390
Davidson: iter=8 dim=8 root=1 eigenvalue=-0.549826872885
Davidson: iter=9 dim=9 root=0 eigenvalue=-1.051339677390
Davidson: iter=9 dim=9 root=1 eigenvalue=-0.549854675318
Davidson: iter=10 dim=10 root=0 eigenvalue=-1.051339677390
Davidson: iter=10 dim=10 root=1 eigenvalue=-0.549854676207
Davidson: iter=11 dim=11 root=0 eigenvalue=-1.051339677390
Davidson: iter=11 dim=11 root=1 eigenvalue=-0.549854679244
Davidson: iter=12 dim=12 root=0 eigenvalue=-1.051339677390
Davidson: iter=12 dim=12 root=1 eigenvalue=-0.549854679254
Davidson: iter=13 dim=13 root=0 eigenvalue=-1.051339677390
Davidson: iter=13 dim=13 root=1 eigenvalue=-0.549854679254
root no. 1 converged
Davidson converged in 13 iterations.
E(core)= 0.000000000000
E(0)= -1.051339677390
E(1)= -0.549854679254
FCI Excitation energies = 2
0.000000000000 0.501484998136

Vacuum coefficients in CI state 0 = 0.982631411156
Vacuum coefficients in CI state 1 = 0.001377994879
Eigenvector 0 in string basis
0: 0.982631411156 seniority 0 ... 1
1
 | 1
1

6: -0.138400510365 seniority 0 ... 1
2
 | 1
2

12: -0.072268312837 seniority 0 ... 1
3
 | 1
3

18: -0.072265587024 seniority 0 ... 1
4
 | 1
4

24: -0.069412159162 seniority 0 ... 1
5
 | 1
5

Eigenvector 1 in string basis
1: 0.704013188209 seniority 2 ... 1
1
 | 1
2

4: -0.060498935377 seniority 2 ... 1
1
 | 1
5

5: 0.704013188193 seniority 2 ... 1
2
 | 1
1

20: -0.060498935382 seniority 2 ... 1
5
 | 1
1

Seniority vectors for all roots (nroots/seniority)
2 2
0.999982263408 0.000017736592
0.001084573258 0.998625242042

Calculating transition densities
Root 0 MO occupations numbers (density matrix diagonal)
5
1.931146505138 0.038314020311 0.010445425194 0.010444656267 0.009649393090
Root 1 MO occupations numbers (density matrix diagonal)
5
0.998604289250 0.992324571145 0.000056149550 0.000063712323 0.008951277731
Transition densities done:
Trandens between roots 0 0
5 5
1.931146505138 -0.002509193914 -0.000076537991 -0.000146758683 -0.004670951317
-0.002509193914 0.038314020311 0.000002140754 0.000004092669 0.000137396846
-0.000076537991 0.000002140754 0.010445425194 -0.000000388810 -0.000011715837
-0.000146758683 0.000004092669 -0.000000388810 0.010444656267 -0.000022453442
-0.004670951317 0.000137396846 -0.000011715837 -0.000022453442 0.009649393090

Trandens between roots 0 1
5 5
0.000924273578 1.383656039475 -0.002136332054 -0.004115421322 -0.119031248278
-0.194837832862 0.004195935648 0.000014230731 0.000026756850 0.001110296486
0.000144913728 -0.000053211118 -0.000747533795 -0.000001556079 -0.000045818163
0.000279311953 -0.000102323485 -0.000001556877 -0.000750193853 -0.000087825010
0.007951546615 -0.003111937723 -0.000045187797 -0.000086567656 -0.003622481577

Trandens between roots 1 0
5 5
0.000924273578 -0.194837832862 0.000144913728 0.000279311953 0.007951546615
1.383656039475 0.004195935648 -0.000053211118 -0.000102323485 -0.003111937723
-0.002136332054 0.000014230731 -0.000747533795 -0.000001556877 -0.000045187797
-0.004115421322 0.000026756850 -0.000001556079 -0.000750193853 -0.000086567656
-0.119031248278 0.001110296486 -0.000045818163 -0.000087825010 -0.003622481577

Trandens between roots 1 1
5 5
0.998604289250 -0.029628410664 -0.000116298995 -0.000220269552 -0.008422266332
-0.029628410664 0.992324571145 -0.001530111516 -0.002947670892 -0.085222765862
-0.000116298995 -0.001530111516 0.000056149550 0.000005330273 0.000156414440
-0.000220269552 -0.002947670892 0.000005330273 0.000063712323 0.000301070180
-0.008422266332 -0.085222765862 0.000156414440 0.000301070180 0.008951277731

State 0 :
Natural orbital occupations
5
1.931161201002 0.038311295085 0.010445608278 0.010445278923 0.009636616712
Natural orbitals (in MO basis)
5 5
0.999996162645 0.001336916923 0.000002545647 -0.000008267596 0.002426370466
-0.001325790436 0.999988626191 -0.000002485233 0.000007409579 -0.004581452608
-0.000039835163 0.000071224903 0.983557509281 -0.179993210753 0.014733070300
-0.000076382404 0.000136135946 -0.180350297872 -0.983196836352 0.028244055611
-0.002430957412 0.004575646021 -0.009401913756 0.030437229617 0.999479030786

State 1 :
Natural orbital occupations
5
1.027994243693 0.970396875224 0.001501985910 0.000053507075 0.000053388098
Natural orbitals (in MO basis)
5 5
-0.701256812322 -0.712824244410 0.010976287185 0.000028830335 -0.000006448174
0.710883458929 -0.698022050110 0.086080049645 -0.000376758888 0.000092125067
-0.000987003273 0.001197125115 0.015842420172 -0.222261325956 0.974857175910
-0.001903965735 0.002303402121 0.030375388940 -0.974418329702 -0.222659658988
-0.053656236656 0.068118098706 0.995638538649 0.033296830884 -0.008726643517

