Number of strings: 5 5, CI size = 25
String addressing array alpha: 1 5
0 1 2 3 4

Alpha strings 5 1
1
2
3
4
5

Is hamiltonian hermitian? 1
Implicit Hamiltonian constructed
E(core)= 0.000000000000
H(1,1) + E(core) energy = -0.738517344700
Davidson: iter=0 dim=0 root=0 eigenvalue=-0.738517344700
Davidson: iter=1 dim=1 root=0 eigenvalue=-0.785795051730
Davidson: iter=2 dim=2 root=0 eigenvalue=-0.795783581008
Davidson: iter=3 dim=3 root=0 eigenvalue=-0.802650015727
Davidson: iter=4 dim=4 root=0 eigenvalue=-0.803982986294
Davidson: iter=5 dim=5 root=0 eigenvalue=-0.803986568056
Davidson: iter=6 dim=6 root=0 eigenvalue=-0.803986587220
Davidson: iter=7 dim=7 root=0 eigenvalue=-0.803986587327
Davidson: iter=8 dim=8 root=0 eigenvalue=-0.803986587327
Davidson: iter=8 dim=8 root=1 eigenvalue=-0.725156408831
root no. 0 converged
Davidson: iter=9 dim=9 root=0 eigenvalue=-0.803986587327
Davidson: iter=9 dim=9 root=1 eigenvalue=-0.725310261807
Davidson: iter=10 dim=10 root=0 eigenvalue=-0.803986587327
Davidson: iter=10 dim=10 root=1 eigenvalue=-0.725312446370
Davidson: iter=11 dim=11 root=0 eigenvalue=-0.803986587327
Davidson: iter=11 dim=11 root=1 eigenvalue=-0.725312446372
Davidson: iter=12 dim=12 root=0 eigenvalue=-0.803986587327
Davidson: iter=12 dim=12 root=1 eigenvalue=-0.725312446372
root no. 1 converged
Davidson converged in 12 iterations.
E(core)= 0.000000000000
E(0)= -0.803986587327
E(1)= -0.725312446372
FCI Excitation energies = 2
0.000000000000 0.078674140955

Vacuum coefficients in CI state 0 = -0.777786180886
Vacuum coefficients in CI state 1 = -0.568793740089
Eigenvector 0 in string basis
0: -0.777786180886 seniority 0 ... 1
1
 | 1
1

1: -0.251894989271 seniority 2 ... 1
1
 | 1
2

2: -0.112681314177 seniority 2 ... 1
1
 | 1
3

5: -0.251894989270 seniority 2 ... 1
2
 | 1
1

6: 0.484684060267 seniority 0 ... 1
2
 | 1
2

10: -0.112681314177 seniority 2 ... 1
3
 | 1
1

Eigenvector 1 in string basis
0: -0.568793740089 seniority 0 ... 1
1
 | 1
1

1: 0.483042346415 seniority 2 ... 1
1
 | 1
2

2: 0.158440903431 seniority 2 ... 1
1
 | 1
3

3: -0.063763572437 seniority 2 ... 1
1
 | 1
4

5: 0.483042346404 seniority 2 ... 1
2
 | 1
1

6: -0.343443402330 seniority 0 ... 1
2
 | 1
2

7: -0.068018618604 seniority 2 ... 1
2
 | 1
3

10: 0.158440903431 seniority 2 ... 1
3
 | 1
1

11: -0.068018618602 seniority 2 ... 1
3
 | 1
2

12: 0.099117604640 seniority 0 ... 1
3
 | 1
3

15: -0.063763572437 seniority 2 ... 1
4
 | 1
1

18: 0.074889698559 seniority 0 ... 1
4
 | 1
4

24: 0.076381223992 seniority 0 ... 1
5
 | 1
5

Seniority vectors for all roots (nroots/seniority)
2 2
0.841001994099 0.158998005901
0.462683272446 0.537253452754

Calculating transition densities
Root 0 MO occupations numbers (density matrix diagonal)
5
1.365932589848 0.599500728670 0.028281627736 0.005145308822 0.001139744924
Root 1 MO occupations numbers (density matrix diagonal)
5
1.172052499657 0.714802637274 0.079126213083 0.022348502219 0.011670147767
Transition densities done:
Trandens between roots 0 0
5 5
1.365932589848 0.156515734273 0.195430025425 -0.071312026665 0.000934583170
0.156515734273 0.599500728670 0.021971754063 -0.014774768172 0.000200614563
0.195430025425 0.021971754063 0.028281627736 -0.009900157038 0.000129760680
-0.071312026665 -0.014774768172 -0.009900157038 0.005145308822 -0.000052837767
0.000934583170 0.000200614563 0.000129760680 -0.000052837767 0.001139744924

Trandens between roots 0 1
5 5
0.600230808265 -0.559717864323 -0.234792275266 0.086871817141 -0.001139821984
0.742303193878 -0.570739679895 -0.153010794488 0.070911770327 -0.000945027898
0.090423416291 -0.082522140528 -0.031650159925 0.013108772077 -0.000171929614
-0.041551791173 0.036931328144 0.014532752745 -0.001485726826 0.000067730114
0.000553382832 -0.000491010030 -0.000192117484 0.000068216367 0.003644758381

Trandens between roots 1 0
5 5
0.600230808265 0.742303193878 0.090423416291 -0.041551791173 0.000553382832
-0.559717864323 -0.570739679895 -0.082522140528 0.036931328144 -0.000491010030
-0.234792275266 -0.153010794488 -0.031650159925 0.014532752745 -0.000192117484
0.086871817141 0.070911770327 0.013108772077 -0.001485726826 0.000068216367
-0.001139821984 -0.000945027898 -0.000171929614 0.000067730114 0.003644758381

Trandens between roots 1 1
5 5
1.172052499657 -0.907777734712 -0.214166206131 0.099355529524 -0.001325756434
-0.907777734712 0.714802637274 0.186076198805 -0.081939785685 0.001089658267
-0.214166206131 0.186076198805 0.079126213083 -0.026488447128 0.000349325065
0.099355529524 -0.081939785685 -0.026488447128 0.022348502219 -0.000137916714
-0.001325756434 0.001089658267 0.000349325065 -0.000137916714 0.011670147767

State 0 :
Natural orbital occupations
5
1.427986342164 0.569212746798 0.001427172834 0.001139047809 0.000234690395
Natural orbitals (in MO basis)
5 5
-0.970925732951 -0.186361030827 -0.011638392997 -0.000002760827 0.149790971302
-0.188028385171 0.982097537125 -0.011171799405 -0.000002921172 0.002223698140
-0.138879365800 -0.027407319865 -0.261931717735 0.000306604641 -0.954648124604
0.051581110705 -0.001682681187 -0.964857416525 0.013885282162 0.257281795544
-0.000676932331 0.000034125371 0.013478862255 0.999903547807 -0.003279627065

State 1 :
Natural orbital occupations
5
1.932107688315 0.043827047491 0.011668452264 0.011544656631 0.000852155299
Natural orbitals (in MO basis)
5 5
0.776916833865 0.357558050274 -0.000222341986 -0.008153894984 0.518156287719
-0.607181207513 0.211305097766 -0.001510231248 -0.059262655946 0.763653582270
-0.151748998855 0.878604302443 -0.006509155920 -0.242124028803 -0.382570655750
0.068575663202 -0.235686296965 -0.038565885079 -0.967613201058 0.044572564280
-0.000913380381 0.002974137621 -0.999233692968 0.039014092610 -0.000497651097

