Number of strings: 5 5, CI size = 25
String addressing array alpha: 1 5
0 1 2 3 4

Alpha strings 5 1
1
2
3
4
5

Is hamiltonian hermitian? 1
Implicit Hamiltonian constructed
E(core)= 0.000000000000
H(1,1) + E(core) energy = -0.679275959100
Davidson: iter=0 dim=0 root=0 eigenvalue=-0.679275959100
Davidson: iter=1 dim=1 root=0 eigenvalue=-0.735470254334
Davidson: iter=2 dim=2 root=0 eigenvalue=-0.756371040023
Davidson: iter=3 dim=3 root=0 eigenvalue=-0.773767826768
Davidson: iter=4 dim=4 root=0 eigenvalue=-0.775322860868
Davidson: iter=5 dim=5 root=0 eigenvalue=-0.775328920534
Davidson: iter=6 dim=6 root=0 eigenvalue=-0.775328942293
Davidson: iter=7 dim=7 root=0 eigenvalue=-0.775328942322
Davidson: iter=8 dim=8 root=0 eigenvalue=-0.775328942322
Davidson: iter=8 dim=8 root=1 eigenvalue=-0.686245517474
root no. 0 converged
Davidson: iter=9 dim=9 root=0 eigenvalue=-0.775328942322
Davidson: iter=9 dim=9 root=1 eigenvalue=-0.686448263690
Davidson: iter=10 dim=10 root=0 eigenvalue=-0.775328942322
Davidson: iter=10 dim=10 root=1 eigenvalue=-0.686448346806
Davidson: iter=11 dim=11 root=0 eigenvalue=-0.775328942322
Davidson: iter=11 dim=11 root=1 eigenvalue=-0.686448346893
Davidson: iter=12 dim=12 root=0 eigenvalue=-0.775328942322
Davidson: iter=12 dim=12 root=1 eigenvalue=-0.686448346893
root no. 1 converged
Davidson converged in 12 iterations.
E(core)= 0.000000000000
E(0)= -0.775328942322
E(1)= -0.686448346893
FCI Excitation energies = 2
0.000000000000 0.088880595429

Vacuum coefficients in CI state 0 = -0.599809153324
Vacuum coefficients in CI state 1 = -0.745757200988
Eigenvector 0 in string basis
0: -0.599809153324 seniority 0 ... 1
1
 | 1
1

1: -0.365777244040 seniority 2 ... 1
1
 | 1
2

2: 0.136394504469 seniority 2 ... 1
1
 | 1
3

5: -0.365777244040 seniority 2 ... 1
2
 | 1
1

6: 0.565866736640 seniority 0 ... 1
2
 | 1
2

7: 0.084882108845 seniority 2 ... 1
2
 | 1
3

10: 0.136394504469 seniority 2 ... 1
3
 | 1
1

11: 0.084882108845 seniority 2 ... 1
3
 | 1
2

Eigenvector 1 in string basis
0: -0.745757200988 seniority 0 ... 1
1
 | 1
1

1: 0.409434847613 seniority 2 ... 1
1
 | 1
2

2: -0.108127130799 seniority 2 ... 1
1
 | 1
3

5: 0.409434847657 seniority 2 ... 1
2
 | 1
1

6: -0.223062131565 seniority 0 ... 1
2
 | 1
2

7: 0.063401561365 seniority 2 ... 1
2
 | 1
3

10: -0.108127130799 seniority 2 ... 1
3
 | 1
1

11: 0.063401561372 seniority 2 ... 1
3
 | 1
2

12: 0.126301077643 seniority 0 ... 1
3
 | 1
3

18: 0.076040333400 seniority 0 ... 1
4
 | 1
4

24: 0.074828581499 seniority 0 ... 1
5
 | 1
5

Seniority vectors for all roots (nroots/seniority)
2 2
0.680772260249 0.319227739751
0.633254616991 0.366756071509

Calculating transition densities
Root 0 MO occupations numbers (density matrix diagonal)
5
1.024335730276 0.922427676625 0.053130573767 0.000078070483 0.000027948849
Root 1 MO occupations numbers (density matrix diagonal)
5
1.470979467961 0.442870372531 0.063327447838 0.011624074786 0.011198636884
Transition densities done:
Trandens between roots 0 0
5 5
1.024335730276 0.047981537637 -0.233213813588 0.001965860031 0.000015385055
0.047981537637 0.922427676625 -0.008389906545 -0.003998457311 -0.000030954623
-0.233213813588 -0.008389906545 0.053130573767 -0.000436597363 -0.000003416303
0.001965860031 -0.003998457311 -0.000436597363 0.000078070483 0.000000384999
0.000015385055 -0.000030954623 -0.000003416303 0.000000384999 0.000027948849

Trandens between roots 0 1
5 5
0.565600756040 -0.310682339729 0.117784043433 0.000174550988 0.000000956726
0.990595028575 -0.541238038324 0.172291207839 0.006923297859 0.000053864671
-0.127989267259 0.070346801269 -0.025674058038 0.000179220244 0.000001487605
-0.003892046598 0.002167477340 -0.000250119180 0.000751905419 0.000001410429
-0.000030123242 0.000016778095 -0.000001891847 0.000001424629 0.000559434904

Trandens between roots 1 0
5 5
0.565600756040 0.990595028575 -0.127989267259 -0.003892046598 -0.000030123242
-0.310682339729 -0.541238038324 0.070346801269 0.002167477340 0.000016778095
0.117784043433 0.172291207839 -0.025674058038 -0.000250119180 -0.000001891847
0.000174550988 0.006923297859 0.000179220244 0.000751905419 0.000001424629
0.000000956726 0.000053864671 0.000001487605 0.000001410429 0.000559434904

Trandens between roots 1 1
5 5
1.470979467961 -0.807073336804 0.185873650496 0.007350677951 0.000057064145
-0.807073336804 0.442870372531 -0.100804850507 -0.003532886315 -0.000027410911
0.185873650496 -0.100804850507 0.063327447838 0.001480743455 0.000011426193
0.007350677951 -0.003532886315 0.001480743455 0.011624074786 0.000001953721
0.000057064145 -0.000027410911 0.000011426193 0.000001953721 0.011198636884

State 0 :
Natural orbital occupations
5
1.091437318766 0.908452880554 0.000067424886 0.000027945892 0.000014429902
Natural orbitals (in MO basis)
5 5
-0.937145228054 0.269107855374 -0.100731949939 0.000047914942 0.197971855772
-0.276596010349 -0.960972260281 -0.002702911226 -0.000000774724 -0.004433542520
0.212727269672 -0.063951700948 -0.450445869177 0.000210616821 0.864728722355
-0.000759800383 0.004843106663 -0.887072677770 -0.007787081226 -0.461538072905
-0.000006031778 0.000037545333 -0.006808217629 0.999969656895 -0.003785764994

State 1 :
Natural orbital occupations
5
1.937694007709 0.039512268077 0.011592530902 0.011198627592 0.000002565721
Natural orbitals (in MO basis)
5 5
-0.871199037160 -0.085667683055 -0.015683262896 0.000056087876 0.483143164963
0.477940642941 0.076966342710 -0.032464396117 0.000116206159 0.874411215273
-0.112100820761 0.993136947962 0.021687569127 -0.000070918204 -0.025338762682
-0.004287697965 0.020401194334 -0.999105058407 -0.004349380394 -0.036545479505
-0.000033275076 0.000155026466 -0.004339338796 0.999990530561 -0.000289460355

