Number of strings: 5 5, CI size = 25
String addressing array alpha: 1 5
0 1 2 3 4

Alpha strings 5 1
1
2
3
4
5

Is hamiltonian hermitian? 1
Implicit Hamiltonian constructed
E(core)= 0.000000000000
H(1,1) + E(core) energy = -0.999139716200
Davidson: iter=0 dim=0 root=0 eigenvalue=-0.999139716200
Davidson: iter=1 dim=1 root=0 eigenvalue=-1.033414782007
Davidson: iter=2 dim=2 root=0 eigenvalue=-1.033442397907
Davidson: iter=3 dim=3 root=0 eigenvalue=-1.033442780701
Davidson: iter=4 dim=4 root=0 eigenvalue=-1.033442783329
Davidson: iter=5 dim=5 root=0 eigenvalue=-1.033442783340
Davidson: iter=6 dim=6 root=0 eigenvalue=-1.033442783340
Davidson: iter=6 dim=6 root=1 eigenvalue=-0.553537832893
root no. 0 converged
Davidson: iter=7 dim=7 root=0 eigenvalue=-1.033442783340
Davidson: iter=7 dim=7 root=1 eigenvalue=-0.556042198385
Davidson: iter=8 dim=8 root=0 eigenvalue=-1.033442783340
Davidson: iter=8 dim=8 root=1 eigenvalue=-0.556044221069
Davidson: iter=9 dim=9 root=0 eigenvalue=-1.033442783340
Davidson: iter=9 dim=9 root=1 eigenvalue=-0.556044260342
Davidson: iter=10 dim=10 root=0 eigenvalue=-1.033442783340
Davidson: iter=10 dim=10 root=1 eigenvalue=-0.556044260346
Davidson: iter=11 dim=11 root=0 eigenvalue=-1.033442783340
Davidson: iter=11 dim=11 root=1 eigenvalue=-0.556044260346
root no. 1 converged
Davidson converged in 11 iterations.
E(core)= 0.000000000000
E(0)= -1.033442783340
E(1)= -0.556044260346
FCI Excitation energies = 2
0.000000000000 0.477398522993

Vacuum coefficients in CI state 0 = 0.981597363079
Vacuum coefficients in CI state 1 = 0.001091265925
Eigenvector 0 in string basis
0: 0.981597363079 seniority 0 ... 1
1
 | 1
1

6: -0.146378560339 seniority 0 ... 1
2
 | 1
2

12: -0.069434880938 seniority 0 ... 1
3
 | 1
3

18: -0.071404219819 seniority 0 ... 1
4
 | 1
4

24: -0.071411844076 seniority 0 ... 1
5
 | 1
5

Eigenvector 1 in string basis
1: 0.701220260920 seniority 2 ... 1
1
 | 1
2

2: -0.084153187427 seniority 2 ... 1
1
 | 1
3

5: 0.701220260923 seniority 2 ... 1
2
 | 1
1

10: -0.084153187421 seniority 2 ... 1
3
 | 1
1

Seniority vectors for all roots (nroots/seniority)
2 2
0.999979482905 0.000020517095
0.002373780794 0.997629897206

Calculating transition densities
Root 0 MO occupations numbers (density matrix diagonal)
5
1.927087262336 0.042856246789 0.009660036422 0.010197146096 0.010199308356
Root 1 MO occupations numbers (density matrix diagonal)
5
0.997602544486 0.986229920737 0.015867910611 0.000155801810 0.000143822356
Transition densities done:
Trandens between roots 0 0
5 5
1.927087262336 0.001999561718 0.005413154655 0.000157939687 0.000080373515
0.001999561718 0.042856246789 0.000042907438 0.000000971354 0.000000483964
0.005413154655 0.000042907438 0.009660036422 -0.000014755817 -0.000007506743
0.000157939687 0.000000971354 -0.000014755817 0.010197146096 -0.000000224127
0.000080373515 0.000000483964 -0.000007506743 -0.000000224127 0.010199308356

Trandens between roots 0 1
5 5
0.003321559665 1.376698676363 -0.165390039606 -0.005094832466 -0.002597730172
-0.205270639371 -0.009237689182 0.000913947294 0.000031622024 0.000016287152
0.011576127592 0.004682118383 0.003519604750 0.000067047385 0.000034108941
0.000358799118 0.000139280151 0.000067989781 0.001201144265 0.000001045342
0.000183006560 0.000070979435 0.000034606097 0.000001045858 0.001195380501

Trandens between roots 1 0
5 5
0.003321559665 -0.205270639371 0.011576127592 0.000358799118 0.000183006560
1.376698676363 -0.009237689182 0.004682118383 0.000139280151 0.000070979435
-0.165390039606 0.000913947294 0.003519604750 0.000067989781 0.000034606097
-0.005094832466 0.000031622024 0.000067047385 0.001201144265 0.000001045858
-0.002597730172 0.000016287152 0.000034108941 0.000001045342 0.001195380501

Trandens between roots 1 1
5 5
0.997602544486 0.054469590074 -0.000630042489 -0.000041621989 -0.000022186937
0.054469590074 0.986229920737 -0.118083039329 -0.003638655639 -0.001855306575
-0.000630042489 -0.118083039329 0.015867910611 0.000482133422 0.000245771333
-0.000041621989 -0.003638655639 0.000482133422 0.000155801810 0.000007547610
-0.000022186937 -0.001855306575 0.000245771333 0.000007547610 0.000143822356

State 0 :
Natural orbital occupations
5
1.927104682824 0.042854166451 0.010199413007 0.010197550951 0.009644186768
Natural orbitals (in MO basis)
5 5
-0.999995447584 -0.001064423269 -0.000002508564 -0.000004766514 -0.002823434902
-0.001061258065 0.999998807031 0.000003589567 0.000006709890 -0.001122323369
-0.002823118794 0.001119024773 -0.013664494484 -0.027623138265 0.999520395793
-0.000082371387 0.000024090471 -0.010082614149 0.999571322520 0.027486446136
-0.000041917798 0.000011943292 0.999855800835 0.009702234757 0.013937082827

State 1 :
Natural orbital occupations
5
1.053196964016 0.944849870195 0.001672167482 0.000141017685 0.000139980621
Natural orbitals (in MO basis)
5 5
0.697989576495 0.716083572771 0.005904885895 0.000013433992 -0.000007356130
0.711459325356 -0.692497005261 -0.119471686957 0.000181524108 -0.000095566764
-0.081413487072 0.087539499799 -0.992285000676 -0.029445641176 0.014564056712
-0.002523233824 0.002680412023 -0.029052796416 0.999508857435 0.011154712517
-0.001287199579 0.001365971436 -0.014766881627 0.010722172946 -0.999831711566

