Number of strings: 5 5, CI size = 25
String addressing array alpha: 1 5
0 1 2 3 4

Alpha strings 5 1
1
2
3
4
5

Is hamiltonian hermitian? 1
Implicit Hamiltonian constructed
E(core)= 0.000000000000
H(1,1) + E(core) energy = -1.114380697400
Davidson: iter=0 dim=0 root=0 eigenvalue=-1.114380697400
Davidson: iter=1 dim=1 root=0 eigenvalue=-1.147987777696
Davidson: iter=2 dim=2 root=0 eigenvalue=-1.148005374277
Davidson: iter=3 dim=3 root=0 eigenvalue=-1.148005473686
Davidson: iter=4 dim=4 root=0 eigenvalue=-1.148005474229
Davidson: iter=5 dim=5 root=0 eigenvalue=-1.148005474232
Davidson: iter=6 dim=6 root=0 eigenvalue=-1.148005474232
Davidson: iter=6 dim=6 root=1 eigenvalue=-0.546960028182
root no. 0 converged
Davidson: iter=7 dim=7 root=0 eigenvalue=-1.148005474232
Davidson: iter=7 dim=7 root=1 eigenvalue=-0.553901493855
Davidson: iter=8 dim=8 root=0 eigenvalue=-1.148005474232
Davidson: iter=8 dim=8 root=1 eigenvalue=-0.554145380040
Davidson: iter=9 dim=9 root=0 eigenvalue=-1.148005474232
Davidson: iter=9 dim=9 root=1 eigenvalue=-0.554149022488
Davidson: iter=10 dim=10 root=0 eigenvalue=-1.148005474232
Davidson: iter=10 dim=10 root=1 eigenvalue=-0.554149023655
Davidson: iter=11 dim=11 root=0 eigenvalue=-1.148005474232
Davidson: iter=11 dim=11 root=1 eigenvalue=-0.554149023709
Davidson: iter=12 dim=12 root=0 eigenvalue=-1.148005474232
Davidson: iter=12 dim=12 root=1 eigenvalue=-0.554149023709
root no. 1 converged
Davidson converged in 12 iterations.
E(core)= 0.000000000000
E(0)= -1.148005474232
E(1)= -0.554149023709
FCI Excitation energies = 2
0.000000000000 0.593856450523

Vacuum coefficients in CI state 0 = -0.985602845066
Vacuum coefficients in CI state 1 = 0.000570708117
Eigenvector 0 in string basis
0: -0.985602845066 seniority 0 ... 1
1
 | 1
1

6: 0.114463385562 seniority 0 ... 1
2
 | 1
2

12: 0.076525318167 seniority 0 ... 1
3
 | 1
3

18: 0.076525156593 seniority 0 ... 1
4
 | 1
4

24: 0.061371833247 seniority 0 ... 1
5
 | 1
5

Eigenvector 1 in string basis
1: 0.704333550223 seniority 2 ... 1
1
 | 1
2

5: 0.704333549944 seniority 2 ... 1
2
 | 1
1

Seniority vectors for all roots (nroots/seniority)
2 2
0.999993560665 0.000006439335
0.003816576586 0.996163701914

Calculating transition densities
Root 0 MO occupations numbers (density matrix diagonal)
5
1.942831465805 0.026206044549 0.011712248877 0.011712199548 0.007538041221
Root 1 MO occupations numbers (density matrix diagonal)
5
0.995896249639 0.996438321459 0.000037752294 0.000037761083 0.007589915525
Transition densities done:
Trandens between roots 0 0
5 5
1.942831465805 0.001456763129 -0.000002983493 -0.000003620220 0.002654312132
0.001456763129 0.026206044549 -0.000000126068 -0.000000175164 0.000239535092
-0.000002983493 -0.000000126068 0.011712248877 -0.000000003061 0.000002955635
-0.000003620220 -0.000000175164 -0.000000003061 0.011712199548 0.000003676969
0.002654312132 0.000239535092 0.000002955635 0.000003676969 0.007538041221

Trandens between roots 0 1
5 5
-0.002428350880 -1.388494439657 -0.000121230161 -0.000077652586 -0.084957829622
0.161298043253 0.009072505334 0.000000765174 -0.000000162780 0.002521063559
0.000009826035 0.000003061814 -0.000664877407 -0.000000002316 0.000002767566
0.000006475865 0.000002945907 -0.000000002230 -0.000664986303 0.000003609546
0.006244781863 -0.000542216850 0.000002579199 0.000003446261 -0.005314290745

Trandens between roots 1 0
5 5
-0.002428350880 0.161298043253 0.000009826035 0.000006475865 0.006244781863
-1.388494439657 0.009072505334 0.000003061814 0.000002945907 -0.000542216850
-0.000121230161 0.000000765174 -0.000664877407 -0.000000002230 0.000002579199
-0.000077652586 -0.000000162780 -0.000000002316 -0.000664986303 0.000003446261
-0.084957829622 0.002521063559 0.000002767566 0.000003609546 -0.005314290745

Trandens between roots 1 1
5 5
0.995896249639 0.064790589368 0.000006665976 0.000001416409 0.012698465027
0.064790589368 0.996438321459 0.000087402323 0.000056062842 0.060839255978
0.000006665976 0.000087402323 0.000037752294 0.000000006580 0.000003221343
0.000001416409 0.000056062842 0.000000006580 0.000037761083 0.000000580163
0.012698465027 0.060839255978 0.000003221343 0.000000580163 0.007589915525

State 0 :
Natural orbital occupations
5
1.942836214008 0.026207958403 0.011712250974 0.011712202782 0.007531373833
Natural orbitals (in MO basis)
5 5
0.999998770349 -0.000777619350 -0.000000567420 0.000000670858 -0.001361840124
0.000760235288 0.999918815402 0.000003040545 -0.000002573201 -0.012719458793
-0.000001542900 -0.000005942880 -0.999954624723 0.009499834453 -0.000708239469
-0.000001872125 -0.000008662503 0.009500457221 0.999954481391 -0.000881123979
0.001371618595 0.012718404119 -0.000699856062 0.000887853428 0.999917537988

State 1 :
Natural orbital occupations
5
1.063547424208 0.932593066588 0.003784009973 0.000037755805 0.000037743426
Natural orbitals (in MO basis)
5 5
-0.695665381875 -0.718311854443 0.008817946068 0.000004405263 -0.000005945851
-0.716647746678 0.694797646998 0.060598776385 0.000102514601 -0.000121239974
-0.000063406969 0.000060108094 0.000571226766 -0.005668078404 0.999983769345
-0.000038731632 0.000040700748 0.000755625039 -0.999983646776 -0.005668514252
-0.049655595064 0.035837190518 -0.998122805500 -0.000754014768 0.000560587130

