Number of strings: 5 5, CI size = 25
String addressing array alpha: 1 5
0 1 2 3 4

Alpha strings 5 1
1
2
3
4
5

Is hamiltonian hermitian? 1
Implicit Hamiltonian constructed
E(core)= 0.000000000000
H(1,1) + E(core) energy = -0.768628962500
Davidson: iter=0 dim=0 root=0 eigenvalue=-0.768628962500
Davidson: iter=1 dim=1 root=0 eigenvalue=-0.813373259502
Davidson: iter=2 dim=2 root=0 eigenvalue=-0.816377125056
Davidson: iter=3 dim=3 root=0 eigenvalue=-0.816963779640
Davidson: iter=4 dim=4 root=0 eigenvalue=-0.816984595520
Davidson: iter=5 dim=5 root=0 eigenvalue=-0.816984648251
Davidson: iter=6 dim=6 root=0 eigenvalue=-0.816984648422
Davidson: iter=7 dim=7 root=0 eigenvalue=-0.816984648422
Davidson: iter=7 dim=7 root=1 eigenvalue=-0.662716925795
root no. 0 converged
Davidson: iter=8 dim=8 root=0 eigenvalue=-0.816984648422
Davidson: iter=8 dim=8 root=1 eigenvalue=-0.662716942725
Davidson: iter=9 dim=9 root=0 eigenvalue=-0.816984648422
Davidson: iter=9 dim=9 root=1 eigenvalue=-0.662716942807
Davidson: iter=10 dim=10 root=0 eigenvalue=-0.816984648422
Davidson: iter=10 dim=10 root=1 eigenvalue=-0.662716942807
root no. 1 converged
Davidson converged in 10 iterations.
E(core)= 0.000000000000
E(0)= -0.816984648422
E(1)= -0.662716942807
FCI Excitation energies = 2
0.000000000000 0.154267705615

Vacuum coefficients in CI state 0 = -0.921449322421
Vacuum coefficients in CI state 1 = -0.287390715111
Eigenvector 0 in string basis
0: -0.921449322421 seniority 0 ... 1
1
 | 1
1

1: -0.091272254877 seniority 2 ... 1
1
 | 1
2

5: -0.091272254877 seniority 2 ... 1
2
 | 1
1

6: 0.355046830034 seniority 0 ... 1
2
 | 1
2

Eigenvector 1 in string basis
0: -0.287390715111 seniority 0 ... 1
1
 | 1
1

1: 0.573045460237 seniority 2 ... 1
1
 | 1
2

2: 0.107555579075 seniority 2 ... 1
1
 | 1
3

5: 0.573045460237 seniority 2 ... 1
2
 | 1
1

6: -0.467391690631 seniority 0 ... 1
2
 | 1
2

10: 0.107555579075 seniority 2 ... 1
3
 | 1
1

12: 0.077609829355 seniority 0 ... 1
3
 | 1
3

18: 0.066952136195 seniority 0 ... 1
4
 | 1
4

24: 0.066950213476 seniority 0 ... 1
5
 | 1
5

Seniority vectors for all roots (nroots/seniority)
2 2
0.982036972555 0.017963027445
0.316036857141 0.683963379159

Calculating transition densities
Root 0 MO occupations numbers (density matrix diagonal)
5
1.715955188525 0.268923294444 0.005725967870 0.004697507165 0.004698041996
Root 1 MO occupations numbers (density matrix diagonal)
5
0.845088284329 1.097734102470 0.039244319531 0.008965951438 0.008967342233
Transition densities done:
Trandens between roots 0 0
5 5
1.715955188525 0.103803885672 0.043603438153 -0.000232942774 0.000434287070
0.103803885672 0.268923294444 -0.002470706865 0.000012822373 -0.000024179513
0.043603438153 -0.002470706865 0.005725967870 -0.000002658047 0.000005397219
-0.000232942774 0.000012822373 -0.000002658047 0.004697507165 -0.000000014444
0.000434287070 -0.000024179513 0.000005397219 -0.000000014444 0.004698041996

Trandens between roots 0 1
5 5
0.419853198422 -0.968577770329 -0.193719983982 0.001008464323 -0.001882130672
0.457542405125 -0.435729296011 -0.052956576859 0.000295232335 -0.000545482928
0.014160350525 -0.023820052377 0.002897523588 0.000020988044 -0.000038659660
-0.000071368448 0.000127721532 0.000022198179 0.006489380014 0.000000234103
0.000133256614 -0.000237390404 -0.000040701764 0.000000232894 0.006489193987

Trandens between roots 1 0
5 5
0.419853198422 0.457542405125 0.014160350525 -0.000071368448 0.000133256614
-0.968577770329 -0.435729296011 -0.023820052377 0.000127721532 -0.000237390404
-0.193719983982 -0.052956576859 0.002897523588 0.000022198179 -0.000040701764
0.001008464323 0.000295232335 0.000020988044 0.006489380014 0.000000232894
-0.001882130672 -0.000545482928 -0.000038659660 0.000000234103 0.006489193987

Trandens between roots 1 1
5 5
0.845088284329 -0.874744085338 -0.096772077544 0.000537119863 -0.000992626412
-0.874744085338 1.097734102470 0.158397718129 -0.000849683929 0.001578426961
-0.096772077544 0.158397718129 0.039244319531 -0.000158698377 0.000296209298
0.000537119863 -0.000849683929 -0.000158698377 0.008965951438 -0.000001534674
-0.000992626412 0.001578426961 0.000296209298 -0.000001534674 0.008967342233

State 0 :
Natural orbital occupations
5
1.724455569371 0.261635357748 0.004698175136 0.004697539130 0.004513358615
Natural orbitals (in MO basis)
5 5
-0.997152966500 0.070532635236 -0.000747521104 -0.000308007909 -0.026654363822
-0.071070972877 -0.997274553571 0.000557392496 0.000230099734 0.019799444002
-0.025195181277 0.021646098810 0.038609094731 0.015436819685 0.998582841656
0.000134574309 -0.000113938187 0.139145447429 0.990056003716 -0.020679044308
-0.000250888953 0.000213522331 -0.989518576273 0.139823697166 0.036086179961

State 1 :
Natural orbital occupations
5
1.873512594382 0.099365958024 0.009191894229 0.008965117849 0.008964435517
Natural orbitals (in MO basis)
5 5
0.650101877560 0.729393648356 0.212958147934 0.000441213019 -0.001042636643
-0.753323037955 0.582040924831 0.306154531471 0.000553723884 -0.001363289074
-0.099351192879 0.359442683300 -0.927739353719 -0.006404051223 0.013746911840
0.000539025141 -0.001767998613 0.006640747562 -0.999441606344 0.032694947827
-0.000999602053 0.003331540682 -0.013184161771 -0.032786618576 -0.999369359723

