Number of strings: 5 5, CI size = 25
String addressing array alpha: 1 5
0 1 2 3 4

Alpha strings 5 1
1
2
3
4
5

Is hamiltonian hermitian? 1
Implicit Hamiltonian constructed
E(core)= 0.000000000000
H(1,1) + E(core) energy = -1.075212244900
Davidson: iter=0 dim=0 root=0 eigenvalue=-1.075212244900
Davidson: iter=1 dim=1 root=0 eigenvalue=-1.108561076449
Davidson: iter=2 dim=2 root=0 eigenvalue=-1.108579179676
Davidson: iter=3 dim=3 root=0 eigenvalue=-1.108579331433
Davidson: iter=4 dim=4 root=0 eigenvalue=-1.108579332247
Davidson: iter=5 dim=5 root=0 eigenvalue=-1.108579332249
Davidson: iter=6 dim=6 root=0 eigenvalue=-1.108579332249
Davidson: iter=6 dim=6 root=1 eigenvalue=-0.542671427927
root no. 0 converged
Davidson: iter=7 dim=7 root=0 eigenvalue=-1.108579332249
Davidson: iter=7 dim=7 root=1 eigenvalue=-0.542687481648
Davidson: iter=8 dim=8 root=0 eigenvalue=-1.108579332249
Davidson: iter=8 dim=8 root=1 eigenvalue=-0.542798056317
Davidson: iter=9 dim=9 root=0 eigenvalue=-1.108579332249
Davidson: iter=9 dim=9 root=1 eigenvalue=-0.542798350263
Davidson: iter=10 dim=10 root=0 eigenvalue=-1.108579332249
Davidson: iter=10 dim=10 root=1 eigenvalue=-0.542798350263
root no. 1 converged
Davidson converged in 10 iterations.
E(core)= 0.000000000000
E(0)= -1.108579332249
E(1)= -0.542798350263
FCI Excitation energies = 2
0.000000000000 0.565780981986

Vacuum coefficients in CI state 0 = -0.984859419243
Vacuum coefficients in CI state 1 = -0.002093305195
Eigenvector 0 in string basis
0: -0.984859419243 seniority 0 ... 1
1
 | 1
1

6: 0.120052166222 seniority 0 ... 1
2
 | 1
2

12: 0.074794736458 seniority 0 ... 1
3
 | 1
3

18: 0.074793727567 seniority 0 ... 1
4
 | 1
4

24: 0.066637234190 seniority 0 ... 1
5
 | 1
5

Eigenvector 1 in string basis
1: 0.705095378236 seniority 2 ... 1
1
 | 1
2

5: 0.705095378233 seniority 2 ... 1
2
 | 1
1

Seniority vectors for all roots (nroots/seniority)
2 2
0.999989473551 0.000010526449
0.001857050137 0.998182491763

Calculating transition densities
Root 0 MO occupations numbers (density matrix diagonal)
5
1.939905128489 0.028830408822 0.011188505237 0.011188204095 0.008887753358
Root 1 MO occupations numbers (density matrix diagonal)
5
0.997395234655 0.996118550747 0.000008419815 0.000008484452 0.006469310330
Transition densities done:
Trandens between roots 0 0
5 5
1.939905128489 0.002385982455 -0.000001784418 -0.000008382636 -0.002947937224
0.002385982455 0.028830408822 -0.000000162486 -0.000000787387 -0.000332988111
-0.000001784418 -0.000000162486 0.011188505237 -0.000000003150 -0.000001112246
-0.000008382636 -0.000000787387 -0.000000003150 0.011188204095 -0.000005188442
-0.002947937224 -0.000332988111 -0.000001112246 -0.000005188442 0.008887753358

Trandens between roots 0 1
5 5
0.002049739778 -1.388965627241 0.000062821260 0.000201287961 0.077078996255
0.169371159650 0.003465903579 -0.000003051118 -0.000012258879 -0.004618368516
-0.000005071129 -0.000000464164 -0.000306873893 -0.000000024877 -0.000002386296
-0.000016794709 -0.000000812011 -0.000000024953 -0.000307380756 -0.000010986861
-0.006467016097 -0.000432676265 -0.000002390134 -0.000010886845 -0.004901388708

Trandens between roots 1 0
5 5
0.002049739778 0.169371159650 -0.000005071129 -0.000016794709 -0.006467016097
-1.388965627241 0.003465903579 -0.000000464164 -0.000000812011 -0.000432676265
0.000062821260 -0.000003051118 -0.000306873893 -0.000000024953 -0.000002390134
0.000201287961 -0.000012258879 -0.000000024877 -0.000307380756 -0.000010886845
0.077078996255 -0.004618368516 -0.000002386296 -0.000010986861 -0.004901388708

Trandens between roots 1 1
5 5
0.997395234655 0.030199527109 -0.000016996224 -0.000067387614 -0.025142024233
0.030199527109 0.996118550747 -0.000044833763 -0.000143142599 -0.054680679473
-0.000016996224 -0.000044833763 0.000008419815 0.000000012127 0.000004358278
-0.000067387614 -0.000143142599 0.000000012127 0.000008484452 0.000016259816
-0.025142024233 -0.054680679473 0.000004358278 0.000016259816 0.006469310330

State 0 :
Natural orbital occupations
5
1.939912609065 0.028832865797 0.011188505776 0.011188215794 0.008877803569
Natural orbitals (in MO basis)
5 5
0.999998054680 0.001273793042 0.000000183864 0.000000894848 0.001506016842
0.001248761687 -0.999862976713 0.000000051607 0.000001913760 0.016506616552
-0.000000924404 0.000008038476 0.999997431560 0.002214256875 0.000483605171
-0.000004342601 0.000039160182 -0.002215343050 0.999994999522 0.002256465024
-0.001526830315 0.016504655482 -0.000478673247 -0.002257873698 0.999859959202

State 1 :
Natural orbital occupations
5
1.030072990142 0.967006074875 0.002904074805 0.000008443473 0.000008416706
Natural orbitals (in MO basis)
5 5
0.700259120943 0.713498896309 0.023590007175 -0.000007300760 -0.000003008164
0.711749766609 -0.700335780851 0.054240790653 -0.000013448590 -0.000015511566
-0.000042767079 0.000020025141 0.000524200318 -0.039505023331 -0.999219233259
-0.000145591265 0.000054303631 0.002375151101 -0.999216491647 0.039506168286
-0.055221465406 0.021192349462 0.998246228173 0.002399107871 0.000431627218

