Number of strings: 5 5, CI size = 25
String addressing array alpha: 1 5
0 1 2 3 4

Alpha strings 5 1
1
2
3
4
5

Is hamiltonian hermitian? 1
Implicit Hamiltonian constructed
E(core)= 0.000000000000
H(1,1) + E(core) energy = -0.856977003200
Davidson: iter=0 dim=0 root=0 eigenvalue=-0.856977003200
Davidson: iter=1 dim=1 root=0 eigenvalue=-0.890383760268
Davidson: iter=2 dim=2 root=0 eigenvalue=-0.890399122391
Davidson: iter=3 dim=3 root=0 eigenvalue=-0.890399268895
Davidson: iter=4 dim=4 root=0 eigenvalue=-0.890399269816
Davidson: iter=5 dim=5 root=0 eigenvalue=-0.890399269817
Davidson: iter=6 dim=6 root=0 eigenvalue=-0.890399269817
Davidson: iter=6 dim=6 root=1 eigenvalue=-0.340373868467
root no. 0 converged
Davidson: iter=7 dim=7 root=0 eigenvalue=-0.890399269817
Davidson: iter=7 dim=7 root=1 eigenvalue=-0.340890212181
Davidson: iter=8 dim=8 root=0 eigenvalue=-0.890399269817
Davidson: iter=8 dim=8 root=1 eigenvalue=-0.341422621778
Davidson: iter=9 dim=9 root=0 eigenvalue=-0.890399269817
Davidson: iter=9 dim=9 root=1 eigenvalue=-0.341450505164
Davidson: iter=10 dim=10 root=0 eigenvalue=-0.890399269817
Davidson: iter=10 dim=10 root=1 eigenvalue=-0.341450765391
Davidson: iter=11 dim=11 root=0 eigenvalue=-0.890399269817
Davidson: iter=11 dim=11 root=1 eigenvalue=-0.341450769112
Davidson: iter=12 dim=12 root=0 eigenvalue=-0.890399269817
Davidson: iter=12 dim=12 root=1 eigenvalue=-0.341450769122
Davidson: iter=13 dim=13 root=0 eigenvalue=-0.890399269817
Davidson: iter=13 dim=13 root=1 eigenvalue=-0.341450769122
root no. 1 converged
Davidson converged in 13 iterations.
E(core)= 0.000000000000
E(0)= -0.890399269817
E(1)= -0.341450769122
FCI Excitation energies = 2
0.000000000000 0.548948500695

Vacuum coefficients in CI state 0 = 0.984316456719
Vacuum coefficients in CI state 1 = -0.003134997802
Eigenvector 0 in string basis
0: 0.984316456719 seniority 0 ... 1
1
 | 1
1

6: -0.124558037681 seniority 0 ... 1
2
 | 1
2

12: -0.073901902550 seniority 0 ... 1
3
 | 1
3

18: -0.073897989700 seniority 0 ... 1
4
 | 1
4

24: -0.068341626278 seniority 0 ... 1
5
 | 1
5

Eigenvector 1 in string basis
1: 0.706406866556 seniority 2 ... 1
1
 | 1
2

5: 0.706406866566 seniority 2 ... 1
2
 | 1
1

Seniority vectors for all roots (nroots/seniority)
2 2
0.999986573683 0.000013426317
0.001366837735 0.998796461965

Calculating transition densities
Root 0 MO occupations numbers (density matrix diagonal)
5
1.937770030413 0.031035860782 0.010922987231 0.010921835353 0.009349286221
Root 1 MO occupations numbers (density matrix diagonal)
5
0.998223735212 0.998974424631 0.000007581424 0.000007850125 0.002786408608
Transition densities done:
Trandens between roots 0 0
5 5
1.937770030413 0.002794653245 0.000032238032 -0.000046355237 -0.003415214467
0.002794653245 0.031035860782 0.000002975346 -0.000003891161 -0.000299545608
0.000032238032 0.000002975346 0.010922987231 0.000000171861 0.000012795787
-0.000046355237 -0.000003891161 0.000000171861 0.010921835353 -0.000018005822
-0.003415214467 -0.000299545608 0.000012795787 -0.000018005822 0.009349286221

Trandens between roots 0 1
5 5
-0.003837475925 1.390763731855 0.000389793495 -0.000103920590 -0.018751829394
-0.176002050926 -0.001075085143 -0.000042805597 0.000052955277 0.004205985596
-0.000039176847 0.000000227077 0.000282508144 -0.000000494184 -0.000035337015
0.000020701888 -0.000005864033 -0.000000502179 0.000285913291 0.000049829447
0.002392679940 -0.000264093566 -0.000035558997 0.000049307015 0.004344139633

Trandens between roots 1 0
5 5
-0.003837475925 -0.176002050926 -0.000039176847 0.000020701888 0.002392679940
1.390763731855 -0.001075085143 0.000000227077 -0.000005864033 -0.000264093566
0.000389793495 -0.000042805597 0.000282508144 -0.000000502179 -0.000035558997
-0.000103920590 0.000052955277 -0.000000494184 0.000285913291 0.000049307015
-0.018751829394 0.004205985596 -0.000035337015 0.000049829447 0.004344139633

Trandens between roots 1 1
5 5
0.998223735212 0.014883985338 0.000241879135 -0.000297171033 -0.023637254786
0.014883985338 0.998974424631 0.000275250757 -0.000067573881 -0.012873216331
0.000241879135 0.000275250757 0.000007581424 -0.000000312203 -0.000027199448
-0.000297171033 -0.000067573881 -0.000000312203 0.000007850125 0.000032899102
-0.023637254786 -0.012873216331 -0.000027199448 0.000032899102 0.002786408608

State 0 :
Natural orbital occupations
5
1.937780177934 0.031035764977 0.010923091862 0.010922040843 0.009338924385
Natural orbitals (in MO basis)
5 5
0.999997356493 0.001489862308 -0.000002173253 0.000003764729 0.001751370188
0.001465941989 -0.999906701175 -0.000025829633 0.000022887399 0.013580823518
0.000016721343 -0.000136892419 0.999674802296 -0.024166768971 -0.008138667815
-0.000024043762 0.000177849757 0.024259240017 0.999640015134 0.011458499368
-0.001771203689 0.013576409119 0.007859914588 -0.011653620988 0.999807460871

State 1 :
Natural orbital occupations
5
1.014143365298 0.983773169334 0.002068721810 0.000007452956 0.000007290602
Natural orbitals (in MO basis)
5 5
0.702651619418 -0.711144698000 -0.023535485081 0.000011839052 -0.000032223624
0.711077784771 0.703001153457 -0.012558980496 -0.000085768322 -0.000163999225
0.000361267604 0.000021626427 0.008752872354 -0.020888034419 0.999743440219
-0.000254104261 0.000166795181 -0.012151999607 0.999705706679 0.020993726449
-0.025473332162 0.007910022537 -0.999531924994 -0.012336229409 0.008502308744

