Number of strings: 5 5, CI size = 25
String addressing array alpha: 1 5
0 1 2 3 4

Alpha strings 5 1
1
2
3
4
5

Is hamiltonian hermitian? 1
Implicit Hamiltonian constructed
E(core)= 0.000000000000
H(1,1) + E(core) energy = -0.876430099800
Davidson: iter=0 dim=0 root=0 eigenvalue=-0.876430099800
Davidson: iter=1 dim=1 root=0 eigenvalue=-0.909757701257
Davidson: iter=2 dim=2 root=0 eigenvalue=-0.909776143729
Davidson: iter=3 dim=3 root=0 eigenvalue=-0.909776299927
Davidson: iter=4 dim=4 root=0 eigenvalue=-0.909776300755
Davidson: iter=5 dim=5 root=0 eigenvalue=-0.909776300757
Davidson: iter=6 dim=6 root=0 eigenvalue=-0.909776300757
Davidson: iter=6 dim=6 root=1 eigenvalue=-0.342283043049
root no. 0 converged
Davidson: iter=7 dim=7 root=0 eigenvalue=-0.909776300757
Davidson: iter=7 dim=7 root=1 eigenvalue=-0.342291366296
Davidson: iter=8 dim=8 root=0 eigenvalue=-0.909776300757
Davidson: iter=8 dim=8 root=1 eigenvalue=-0.342349509224
Davidson: iter=9 dim=9 root=0 eigenvalue=-0.909776300757
Davidson: iter=9 dim=9 root=1 eigenvalue=-0.342349668774
Davidson: iter=10 dim=10 root=0 eigenvalue=-0.909776300757
Davidson: iter=10 dim=10 root=1 eigenvalue=-0.342349668883
Davidson: iter=11 dim=11 root=0 eigenvalue=-0.909776300757
Davidson: iter=11 dim=11 root=1 eigenvalue=-0.342349668920
Davidson: iter=12 dim=12 root=0 eigenvalue=-0.909776300757
Davidson: iter=12 dim=12 root=1 eigenvalue=-0.342349668920
root no. 1 converged
Davidson converged in 12 iterations.
E(core)= 0.000000000000
E(0)= -0.909776300757
E(1)= -0.342349668920
FCI Excitation energies = 2
0.000000000000 0.567426631837

Vacuum coefficients in CI state 0 = 0.984900581192
Vacuum coefficients in CI state 1 = 0.002348093952
Eigenvector 0 in string basis
0: 0.984900581192 seniority 0 ... 1
1
 | 1
1

6: -0.119694151650 seniority 0 ... 1
2
 | 1
2

12: -0.074734234120 seniority 0 ... 1
3
 | 1
3

18: -0.074749137238 seniority 0 ... 1
4
 | 1
4

24: -0.066787921354 seniority 0 ... 1
5
 | 1
5

Eigenvector 1 in string basis
1: -0.705014442602 seniority 2 ... 1
1
 | 1
2

5: -0.705014442517 seniority 2 ... 1
2
 | 1
1

Seniority vectors for all roots (nroots/seniority)
2 2
0.999989110478 0.000010889522
0.001721644267 0.998247449733

Calculating transition densities
Root 0 MO occupations numbers (density matrix diagonal)
5
1.940067643423 0.028659100993 0.011170411514 0.011174867472 0.008927976598
Root 1 MO occupations numbers (density matrix diagonal)
5
0.997446812704 0.995802599827 0.000009791917 0.000009137274 0.006731658277
Transition densities done:
Trandens between roots 0 0
5 5
1.940067643423 0.002494531543 -0.000001101420 0.000006619159 -0.002949144151
0.002494531543 0.028659100993 0.000000042924 0.000000663758 -0.000333540458
-0.000001101420 0.000000042924 0.011170411514 0.000000004994 -0.000000758507
0.000006619159 0.000000663758 0.000000004994 0.011174867472 0.000004008438
-0.002949144151 -0.000333540458 -0.000000758507 0.000004008438 0.008927976598

Trandens between roots 0 1
5 5
0.002458816074 -1.388864272344 -0.000255133806 -0.000148174546 0.080500339861
0.168851118388 0.003079348729 0.000003094392 0.000009381090 -0.004641177940
0.000019715357 0.000003113418 -0.000330148636 0.000000011991 -0.000001368087
0.000012567611 0.000000473840 0.000000011058 -0.000319146974 0.000008622818
-0.006713745599 -0.000461731049 -0.000000944590 0.000008524150 -0.004888869194

Trandens between roots 1 0
5 5
0.002458816074 0.168851118388 0.000019715357 0.000012567611 -0.006713745599
-1.388864272344 0.003079348729 0.000003113418 0.000000473840 -0.000461731049
-0.000255133806 0.000003094392 -0.000330148636 0.000000011058 -0.000000944590
-0.000148174546 0.000009381090 0.000000011991 -0.000319146974 0.000008524150
0.080500339861 -0.004641177940 -0.000001368087 0.000008622818 -0.004888869194

Trandens between roots 1 1
5 5
0.997446812704 0.028251660216 0.000019970607 0.000051406644 -0.025278294840
0.028251660216 0.995802599827 0.000183530108 0.000105149878 -0.057074045702
0.000019970607 0.000183530108 0.000009791917 0.000000018678 -0.000010403178
0.000051406644 0.000105149878 0.000000018678 0.000009137274 -0.000012581866
-0.025278294840 -0.057074045702 -0.000010403178 -0.000012581866 0.006731658277

State 0 :
Natural orbital occupations
5
1.940075404087 0.028661352448 0.011174874625 0.011170411766 0.008917957074
Natural orbitals (in MO basis)
5 5
0.999997981617 0.001330661938 -0.000000696754 0.000000067797 0.001505357262
0.001305333613 -0.999859640782 -0.000003810320 -0.000008888452 0.016703135783
-0.000000570377 -0.000003261786 0.000815579192 0.999999610585 0.000337120705
0.000003428839 -0.000033620892 0.999998073956 -0.000814976236 -0.001785148676
-0.001527368405 0.016701105716 0.001785188998 -0.000338475226 0.999857709251

State 1 :
Natural orbital occupations
5
1.028199646439 0.968893549674 0.002887932383 0.000009757798 0.000009113706
Natural orbitals (in MO basis)
5 5
0.700463927981 0.713292255146 -0.023758029831 0.000018641947 -0.000004195079
0.711401233526 -0.700495349241 -0.056696678617 0.000193029869 0.000001578309
0.000141166621 -0.000118233410 -0.000172503784 -0.999999608029 0.000848691910
0.000108472576 -0.000038473181 0.001867126646 0.000848388228 0.999997890412
-0.057083612722 0.022812474236 -0.998106971588 0.000163009297 0.001870527448

