Number of strings: 5 5, CI size = 25
String addressing array alpha: 1 5
0 1 2 3 4

Alpha strings 5 1
1
2
3
4
5

Is hamiltonian hermitian? 1
Implicit Hamiltonian constructed
E(core)= 0.000000000000
H(1,1) + E(core) energy = -0.528731633800
Davidson: iter=0 dim=0 root=0 eigenvalue=-0.528731633800
Davidson: iter=1 dim=1 root=0 eigenvalue=-0.573780210359
Davidson: iter=2 dim=2 root=0 eigenvalue=-0.583719714165
Davidson: iter=3 dim=3 root=0 eigenvalue=-0.591393979984
Davidson: iter=4 dim=4 root=0 eigenvalue=-0.593160019936
Davidson: iter=5 dim=5 root=0 eigenvalue=-0.593167149672
Davidson: iter=6 dim=6 root=0 eigenvalue=-0.593167164735
Davidson: iter=7 dim=7 root=0 eigenvalue=-0.593167164866
Davidson: iter=8 dim=8 root=0 eigenvalue=-0.593167164867
Davidson: iter=8 dim=8 root=1 eigenvalue=-0.523279183525
root no. 0 converged
Davidson: iter=9 dim=9 root=0 eigenvalue=-0.593167164867
Davidson: iter=9 dim=9 root=1 eigenvalue=-0.523359244896
Davidson: iter=10 dim=10 root=0 eigenvalue=-0.593167164867
Davidson: iter=10 dim=10 root=1 eigenvalue=-0.523360136293
Davidson: iter=11 dim=11 root=0 eigenvalue=-0.593167164867
Davidson: iter=11 dim=11 root=1 eigenvalue=-0.523360136293
root no. 1 converged
Davidson converged in 11 iterations.
E(core)= 0.000000000000
E(0)= -0.593167164867
E(1)= -0.523360136293
FCI Excitation energies = 2
0.000000000000 0.069807028573

Vacuum coefficients in CI state 0 = -0.754322308070
Vacuum coefficients in CI state 1 = -0.602282943941
Eigenvector 0 in string basis
0: -0.754322308070 seniority 0 ... 1
1
 | 1
1

1: 0.278886718521 seniority 2 ... 1
1
 | 1
2

2: 0.125053690041 seniority 2 ... 1
1
 | 1
3

5: 0.278886718521 seniority 2 ... 1
2
 | 1
1

6: 0.486356236713 seniority 0 ... 1
2
 | 1
2

10: 0.125053690041 seniority 2 ... 1
3
 | 1
1

Eigenvector 1 in string basis
0: -0.602282943941 seniority 0 ... 1
1
 | 1
1

1: -0.471392918620 seniority 2 ... 1
1
 | 1
2

2: -0.161490204584 seniority 2 ... 1
1
 | 1
3

3: -0.053961463633 seniority 2 ... 1
1
 | 1
4

5: -0.471392918619 seniority 2 ... 1
2
 | 1
1

6: -0.318079454549 seniority 0 ... 1
2
 | 1
2

7: -0.066776555216 seniority 2 ... 1
2
 | 1
3

10: -0.161490204584 seniority 2 ... 1
3
 | 1
1

11: -0.066776555216 seniority 2 ... 1
3
 | 1
2

12: 0.104943055680 seniority 0 ... 1
3
 | 1
3

15: -0.053961463633 seniority 2 ... 1
4
 | 1
1

18: 0.075472836732 seniority 0 ... 1
4
 | 1
4

24: 0.076032083634 seniority 0 ... 1
5
 | 1
5

Seniority vectors for all roots (nroots/seniority)
2 2
0.806609714339 0.193390285661
0.486410444530 0.513590644270

Calculating transition densities
Root 0 MO occupations numbers (density matrix diagonal)
5
1.328149041683 0.631682233685 0.034556456503 0.004595409282 0.001016858848
Root 1 MO occupations numbers (density matrix diagonal)
5
1.227893909822 0.657940193274 0.083120155438 0.019483983622 0.011561757844
Transition densities done:
Trandens between roots 0 0
5 5
1.328149041683 -0.159613577031 -0.212865058400 -0.065769396528 0.000038138623
-0.159613577031 0.631682233685 0.033087661733 0.016793110903 -0.000008207245
-0.212865058400 0.033087661733 0.034556456503 0.010390129682 -0.000006007533
-0.065769396528 0.016793110903 0.010390129682 0.004595409282 -0.000002002248
0.000038138623 -0.000008207245 -0.000006007533 -0.000002002248 0.001016858848

Trandens between roots 0 1
5 5
0.600918568395 0.514316650313 0.232874142861 0.069585416851 -0.000039644938
-0.781342332014 -0.566755611670 -0.163136819873 -0.063946457802 0.000034004351
-0.110798242842 -0.091730604381 -0.036944049000 -0.012486614888 0.000007075853
-0.041973830429 -0.034336138660 -0.014252319577 -0.000647705060 0.000002375476
0.000022459975 0.000018507651 0.000007909093 0.000002311298 0.003428797335

Trandens between roots 1 0
5 5
0.600918568395 -0.781342332014 -0.110798242842 -0.041973830429 0.000022459975
0.514316650313 -0.566755611670 -0.091730604381 -0.034336138660 0.000018507651
0.232874142861 -0.163136819873 -0.036944049000 -0.014252319577 0.000007909093
0.069585416851 -0.063946457802 -0.012486614888 -0.000647705060 0.000002311298
-0.000039644938 0.000034004351 0.000007075853 0.000002375476 0.003428797335

Trandens between roots 1 1
5 5
1.227893909822 0.892892264859 0.223266184364 0.087519008499 -0.000046600356
0.892892264859 0.657940193274 0.180516262277 0.066752799822 -0.000036009012
0.223266184364 0.180516262277 0.083120155438 0.022981056715 -0.000012732649
0.087519008499 0.066752799822 0.022981056715 0.019483983622 -0.000004247208
-0.000046600356 -0.000036009012 -0.000012732649 -0.000004247208 0.011561757844

State 0 :
Natural orbital occupations
5
1.400302926018 0.597130124991 0.001281658206 0.001016857716 0.000268433069
Natural orbitals (in MO basis)
5 5
-0.964394004665 0.207789571536 0.003306127345 0.000001766689 0.163574959107
0.208044865752 0.977938154831 -0.010703018630 -0.000000772793 -0.015483686615
0.155724169636 -0.021026489128 -0.268935271875 0.000065444706 0.950253484605
0.049107227523 0.004283227884 0.963093035640 0.000405594503 0.264616277579
-0.000028244387 0.000000027463 -0.000373038995 0.999999915603 -0.000169816934

State 1 :
Natural orbital occupations
5
1.931431095310 0.044746980957 0.011703160411 0.011561755498 0.000557007824
Natural orbitals (in MO basis)
5 5
0.795767681485 0.323206718908 0.013459062987 -0.000004958840 0.511966861776
0.582812764961 -0.182405011171 -0.067990396996 0.000034700091 -0.788945497237
0.153774127798 -0.909091625942 -0.185627843885 0.000146246737 0.339776714107
0.058622476382 -0.189257049236 0.980172658140 -0.000125726306 0.002592104552
-0.000031396148 0.000117089297 0.000152806971 0.999999980788 -0.000019450098

