Number of strings: 5 5, CI size = 25
String addressing array alpha: 1 5
0 1 2 3 4

Alpha strings 5 1
1
2
3
4
5

Is hamiltonian hermitian? 1
Implicit Hamiltonian constructed
E(core)= 0.000000000000
H(1,1) + E(core) energy = -0.488361567000
Davidson: iter=0 dim=0 root=0 eigenvalue=-0.488361567000
Davidson: iter=1 dim=1 root=0 eigenvalue=-0.534772249480
Davidson: iter=2 dim=2 root=0 eigenvalue=-0.549072721741
Davidson: iter=3 dim=3 root=0 eigenvalue=-0.565547124544
Davidson: iter=4 dim=4 root=0 eigenvalue=-0.567527759641
Davidson: iter=5 dim=5 root=0 eigenvalue=-0.567543252830
Davidson: iter=6 dim=6 root=0 eigenvalue=-0.567543265477
Davidson: iter=7 dim=7 root=0 eigenvalue=-0.567543265488
Davidson: iter=8 dim=8 root=0 eigenvalue=-0.567543265488
Davidson: iter=8 dim=8 root=1 eigenvalue=-0.500577839167
root no. 0 converged
Davidson: iter=9 dim=9 root=0 eigenvalue=-0.567543265488
Davidson: iter=9 dim=9 root=1 eigenvalue=-0.500590845923
Davidson: iter=10 dim=10 root=0 eigenvalue=-0.567543265488
Davidson: iter=10 dim=10 root=1 eigenvalue=-0.500590846645
Davidson: iter=11 dim=11 root=0 eigenvalue=-0.567543265488
Davidson: iter=11 dim=11 root=1 eigenvalue=-0.500590846645
root no. 1 converged
Davidson converged in 11 iterations.
E(core)= 0.000000000000
E(0)= -0.567543265488
E(1)= -0.500590846645
FCI Excitation energies = 2
0.000000000000 0.066952418843

Vacuum coefficients in CI state 0 = -0.602418284107
Vacuum coefficients in CI state 1 = -0.752491102721
Eigenvector 0 in string basis
0: -0.602418284107 seniority 0 ... 1
1
 | 1
1

1: -0.388869926826 seniority 2 ... 1
1
 | 1
2

2: 0.147662853862 seniority 2 ... 1
1
 | 1
3

5: -0.388869926826 seniority 2 ... 1
2
 | 1
1

6: 0.525910261748 seniority 0 ... 1
2
 | 1
2

7: 0.081907056723 seniority 2 ... 1
2
 | 1
3

10: 0.147662853862 seniority 2 ... 1
3
 | 1
1

11: 0.081907056723 seniority 2 ... 1
3
 | 1
2

Eigenvector 1 in string basis
0: -0.752491102721 seniority 0 ... 1
1
 | 1
1

1: 0.404368718914 seniority 2 ... 1
1
 | 1
2

2: -0.118508221019 seniority 2 ... 1
1
 | 1
3

5: 0.404368718904 seniority 2 ... 1
2
 | 1
1

6: -0.210015582055 seniority 0 ... 1
2
 | 1
2

7: 0.054013726205 seniority 2 ... 1
2
 | 1
3

10: -0.118508221019 seniority 2 ... 1
3
 | 1
1

11: 0.054013726204 seniority 2 ... 1
3
 | 1
2

12: 0.130473735744 seniority 0 ... 1
3
 | 1
3

18: 0.077317038983 seniority 0 ... 1
4
 | 1
4

24: 0.075168520252 seniority 0 ... 1
5
 | 1
5

Seniority vectors for all roots (nroots/seniority)
2 2
0.640518427253 0.359481572747
0.639002702053 0.360998968947

Calculating transition densities
Root 0 MO occupations numbers (density matrix diagonal)
5
1.071878937411 0.869020601345 0.058672195633 0.000274001228 0.000154264382
Root 1 MO occupations numbers (density matrix diagonal)
5
1.487615861958 0.421109969555 0.067970221430 0.012003334155 0.011300612902
Transition densities done:
Trandens between roots 0 0
5 5
1.071878937411 0.083690765043 -0.250085804437 -0.003128191213 -0.000002588060
0.083690765043 0.869020601345 -0.033390322273 -0.002572779550 -0.000001983429
-0.250085804437 -0.033390322273 0.058672195633 0.000772939609 0.000000636801
-0.003128191213 -0.002572779550 0.000772939609 0.000274001228 0.000000078743
-0.000002588060 -0.000001983429 0.000000636801 0.000000078743 0.000154264382

Trandens between roots 0 1
5 5
0.557122270540 -0.307886513330 0.139307670810 0.000426711430 0.000000694203
0.991154060255 -0.526546900119 0.170354628675 0.006332027140 0.000004793280
-0.149187534039 0.081914341583 -0.033635562738 -0.000182062980 -0.000000221884
-0.004348522753 0.002402726890 -0.000807726603 0.001739858320 0.000000251605
-0.000003432307 0.000001890003 -0.000000640203 0.000000255117 0.001320333998

Trandens between roots 1 0
5 5
0.557122270540 0.991154060255 -0.149187534039 -0.004348522753 -0.000003432307
-0.307886513330 -0.526546900119 0.081914341583 0.002402726890 0.000001890003
0.139307670810 0.170354628675 -0.033635562738 -0.000807726603 -0.000000640203
0.000426711430 0.006332027140 -0.000182062980 0.001739858320 0.000000255117
0.000000694203 0.000004793280 -0.000000221884 0.000000251605 0.001320333998

Trandens between roots 1 1
5 5
1.487615861958 -0.791238788284 0.191110304244 0.006805084903 0.000005209927
-0.791238788284 0.421109969555 -0.104433223747 -0.003181821601 -0.000002485244
0.191110304244 -0.104433223747 0.067970221430 0.001139209932 0.000000948121
0.006805084903 -0.003181821601 0.001139209932 0.012003334155 0.000000289956
0.000005209927 -0.000002485244 0.000000948121 0.000000289956 0.011300612902

State 0 :
Natural orbital occupations
5
1.157761465029 0.841730370658 0.000258755920 0.000154264330 0.000095144063
Natural orbitals (in MO basis)
5 5
0.929699132329 0.290786387866 -0.010087153151 -0.000003186697 0.225834119013
0.295000064308 -0.955365170651 -0.003210113785 -0.000000529950 0.015557889775
-0.220507352830 -0.052129219603 -0.031796361388 -0.000011451945 0.973472158350
-0.003315531076 0.001792149738 -0.999438107741 0.000636922194 -0.033299528189
-0.000002705502 0.000001318089 -0.000636166465 -0.999999797094 -0.000033085275

State 1 :
Natural orbital occupations
5
1.933965870132 0.042696052230 0.011985123706 0.011300612779 0.000052341154
Natural orbitals (in MO basis)
5 5
-0.876829892481 -0.128981968436 -0.013169710156 0.000003825063 0.462989794908
0.466601063875 0.004032842937 -0.031642789040 0.000009126807 0.883892480558
-0.115919014081 0.991608143192 0.006266442044 -0.000004757301 0.056892918822
-0.003945758129 0.007789626651 -0.999392747788 -0.000400622947 -0.033730222041
-0.000003036871 0.000008294639 -0.000400010716 0.999999919690 -0.000023080527

