Number of strings: 5 5, CI size = 25
String addressing array alpha: 1 5
0 1 2 3 4

Alpha strings 5 1
1
2
3
4
5

Is hamiltonian hermitian? 1
Implicit Hamiltonian constructed
E(core)= 0.000000000000
H(1,1) + E(core) energy = -0.934165428600
Davidson: iter=0 dim=0 root=0 eigenvalue=-0.934165428600
Davidson: iter=1 dim=1 root=0 eigenvalue=-0.968153228781
Davidson: iter=2 dim=2 root=0 eigenvalue=-0.968165752215
Davidson: iter=3 dim=3 root=0 eigenvalue=-0.968165822672
Davidson: iter=4 dim=4 root=0 eigenvalue=-0.968165823045
Davidson: iter=5 dim=5 root=0 eigenvalue=-0.968165823047
Davidson: iter=6 dim=6 root=0 eigenvalue=-0.968165823047
Davidson: iter=6 dim=6 root=1 eigenvalue=-0.362165266312
root no. 0 converged
Davidson: iter=7 dim=7 root=0 eigenvalue=-0.968165823047
Davidson: iter=7 dim=7 root=1 eigenvalue=-0.362265876522
Davidson: iter=8 dim=8 root=0 eigenvalue=-0.968165823047
Davidson: iter=8 dim=8 root=1 eigenvalue=-0.362326946126
Davidson: iter=9 dim=9 root=0 eigenvalue=-0.968165823047
Davidson: iter=9 dim=9 root=1 eigenvalue=-0.362327465075
Davidson: iter=10 dim=10 root=0 eigenvalue=-0.968165823047
Davidson: iter=10 dim=10 root=1 eigenvalue=-0.362327465098
Davidson: iter=11 dim=11 root=0 eigenvalue=-0.968165823047
Davidson: iter=11 dim=11 root=1 eigenvalue=-0.362327465103
Davidson: iter=12 dim=12 root=0 eigenvalue=-0.968165823047
Davidson: iter=12 dim=12 root=1 eigenvalue=-0.362327465103
root no. 1 converged
Davidson converged in 12 iterations.
E(core)= 0.000000000000
E(0)= -0.968165823047
E(1)= -0.362327465103
FCI Excitation energies = 2
0.000000000000 0.605838357943

Vacuum coefficients in CI state 0 = -0.985772703734
Vacuum coefficients in CI state 1 = -0.001787956443
Eigenvector 0 in string basis
0: -0.985772703734 seniority 0 ... 1
1
 | 1
1

6: 0.113737100223 seniority 0 ... 1
2
 | 1
2

12: 0.077353828677 seniority 0 ... 1
3
 | 1
3

18: 0.077355219077 seniority 0 ... 1
4
 | 1
4

24: 0.057818822412 seniority 0 ... 1
5
 | 1
5

Eigenvector 1 in string basis
1: -0.705051722685 seniority 2 ... 1
1
 | 1
2

5: -0.705051722676 seniority 2 ... 1
2
 | 1
1

6: -0.052631369413 seniority 0 ... 1
2
 | 1
2

Seniority vectors for all roots (nroots/seniority)
2 2
0.999994412348 0.000005587652
0.004619495963 0.995399019437

Calculating transition densities
Root 0 MO occupations numbers (density matrix diagonal)
5
1.943500909658 0.025873246989 0.011967230022 0.011967660397 0.006690952935
Root 1 MO occupations numbers (density matrix diagonal)
5
0.995382050263 0.999759346618 0.000069911078 0.000069799728 0.004718892312
Transition densities done:
Trandens between roots 0 0
5 5
1.943500909658 0.001006085281 0.000003456385 -0.000004063648 -0.002812823660
0.001006085281 0.025873246989 0.000000055626 -0.000000012431 -0.000139830405
0.000003456385 0.000000055626 0.011967230022 0.000000004906 0.000003781234
-0.000004063648 -0.000000012431 0.000000004906 0.011967660397 -0.000004478877
-0.002812823660 -0.000139830405 0.000003781234 -0.000004478877 0.006690952935

Trandens between roots 0 1
5 5
0.004413087214 1.390112642512 -0.000185470904 0.000269113287 -0.047760200389
-0.160398559482 -0.011160610391 0.000002750914 -0.000003951854 0.000715619987
0.000014995065 0.000004661173 0.000914558394 -0.000000002517 -0.000001735353
-0.000021837251 -0.000006004991 -0.000000002588 0.000913714016 0.000001940561
0.003370575632 -0.001699945692 -0.000001667125 0.000001815345 0.004919250767

Trandens between roots 1 0
5 5
0.004413087214 -0.160398559482 0.000014995065 -0.000021837251 0.003370575632
1.390112642512 -0.011160610391 0.000004661173 -0.000006004991 -0.001699945692
-0.000185470904 0.000002750914 0.000914558394 -0.000000002588 -0.000001667125
0.000269113287 -0.000003951854 -0.000000002517 0.000913714016 0.000001815345
-0.047760200389 0.000715619987 -0.000001735353 0.000001940561 0.004919250767

Trandens between roots 1 1
5 5
0.995382050263 0.076902895161 -0.000017732646 0.000025254731 -0.002869462294
0.076902895161 0.999759346618 -0.000133880494 0.000194222034 -0.034320663991
-0.000017732646 -0.000133880494 0.000069911078 -0.000000027451 0.000002908808
0.000025254731 0.000194222034 -0.000000027451 0.000069799728 -0.000004756390
-0.002869462294 -0.034320663991 0.000002908808 -0.000004756390 0.004718892312

State 0 :
Natural orbital occupations
5
1.943505522774 0.025873716806 0.011967664203 0.011967232724 0.006685863493
Natural orbitals (in MO basis)
5 5
-0.999998807681 0.000535214265 0.000000868456 0.000000750490 0.001448510228
-0.000524755019 -0.999973859282 -0.000007694098 -0.000003293515 0.007211471100
-0.000001786617 -0.000001906250 0.003934544590 -0.999992002626 -0.000716962406
0.000002100474 -0.000001584932 0.999991901561 0.003933935420 0.000849092206
0.001452329877 0.007210706821 -0.000846233596 -0.000720294213 0.999972330372

State 1 :
Natural orbital occupations
5
1.075168227958 0.921155647793 0.003536471148 0.000069892272 0.000069760830
Natural orbitals (in MO basis)
5 5
0.694226586773 0.719756484010 0.000223100779 -0.000007660674 0.000010527111
0.719324832166 -0.693820917292 0.034412976170 -0.000150740552 0.000211908561
-0.000101094514 0.000087065651 -0.000491586274 -0.999994491812 -0.003279769491
0.000146367797 -0.000126688435 0.000558413086 0.003279469010 -0.999994447877
-0.024923892221 0.023730040515 0.999407396318 -0.000488515220 0.000549828773

