Number of strings: 5 5, CI size = 25
String addressing array alpha: 1 5
0 1 2 3 4

Alpha strings 5 1
1
2
3
4
5

Is hamiltonian hermitian? 1
Implicit Hamiltonian constructed
E(core)= 0.000000000000
H(1,1) + E(core) energy = -0.801055964800
Davidson: iter=0 dim=0 root=0 eigenvalue=-0.801055964800
Davidson: iter=1 dim=1 root=0 eigenvalue=-0.835275867377
Davidson: iter=2 dim=2 root=0 eigenvalue=-0.835304797304
Davidson: iter=3 dim=3 root=0 eigenvalue=-0.835305218735
Davidson: iter=4 dim=4 root=0 eigenvalue=-0.835305221356
Davidson: iter=5 dim=5 root=0 eigenvalue=-0.835305221367
Davidson: iter=6 dim=6 root=0 eigenvalue=-0.835305221367
Davidson: iter=6 dim=6 root=1 eigenvalue=-0.353438009487
root no. 0 converged
Davidson: iter=7 dim=7 root=0 eigenvalue=-0.835305221367
Davidson: iter=7 dim=7 root=1 eigenvalue=-0.355486509795
Davidson: iter=8 dim=8 root=0 eigenvalue=-0.835305221367
Davidson: iter=8 dim=8 root=1 eigenvalue=-0.355488108026
Davidson: iter=9 dim=9 root=0 eigenvalue=-0.835305221367
Davidson: iter=9 dim=9 root=1 eigenvalue=-0.355488141755
Davidson: iter=10 dim=10 root=0 eigenvalue=-0.835305221367
Davidson: iter=10 dim=10 root=1 eigenvalue=-0.355488141760
Davidson: iter=11 dim=11 root=0 eigenvalue=-0.835305221367
Davidson: iter=11 dim=11 root=1 eigenvalue=-0.355488141760
root no. 1 converged
Davidson converged in 11 iterations.
E(core)= 0.000000000000
E(0)= -0.835305221367
E(1)= -0.355488141760
FCI Excitation energies = 2
0.000000000000 0.479817079608

Vacuum coefficients in CI state 0 = -0.981709427589
Vacuum coefficients in CI state 1 = -0.000525693206
Eigenvector 0 in string basis
0: -0.981709427589 seniority 0 ... 1
1
 | 1
1

6: 0.145497721489 seniority 0 ... 1
2
 | 1
2

12: 0.069733730439 seniority 0 ... 1
3
 | 1
3

18: 0.071387389530 seniority 0 ... 1
4
 | 1
4

24: 0.071388941201 seniority 0 ... 1
5
 | 1
5

Eigenvector 1 in string basis
1: 0.700713788959 seniority 2 ... 1
1
 | 1
2

2: 0.088850616779 seniority 2 ... 1
1
 | 1
3

5: 0.700713788959 seniority 2 ... 1
2
 | 1
1

10: 0.088850616770 seniority 2 ... 1
3
 | 1
1

Seniority vectors for all roots (nroots/seniority)
2 2
0.999978320646 0.000021679354
0.002154688696 0.997848830204

Calculating transition densities
Root 0 MO occupations numbers (density matrix diagonal)
5
1.927528472060 0.042342824817 0.009743599199 0.010192337393 0.010192766531
Root 1 MO occupations numbers (density matrix diagonal)
5
0.997806231015 0.984442899744 0.017461812039 0.000150195390 0.000138861812
Transition densities done:
Trandens between roots 0 0
5 5
1.927528472060 -0.002258576698 0.005472549266 0.000155440705 -0.000077892618
-0.002258576698 0.042342824817 -0.000023625966 -0.000000497352 0.000000242403
0.005472549266 -0.000023625966 0.009743599199 -0.000012261126 0.000006148884
0.000155440705 -0.000000497352 -0.000012261126 0.010192337393 0.000000176590
-0.000077892618 0.000000242403 0.000006148884 0.000000176590 0.010192766531

Trandens between roots 0 1
5 5
0.002391200373 -1.375860645094 -0.174634822088 -0.005150551229 0.002581850549
0.203896687980 -0.008189297587 -0.001099603757 -0.000033173952 0.000016640779
0.012344096415 -0.004843426820 0.003448440467 0.000064778986 -0.000032460529
0.000365323948 -0.000138706307 0.000065443679 0.001175741673 -0.000000960054
-0.000183150482 0.000069516891 -0.000032795702 -0.000000960114 0.001173915073

Trandens between roots 1 0
5 5
0.002391200373 0.203896687980 0.012344096415 0.000365323948 -0.000183150482
-1.375860645094 -0.008189297587 -0.004843426820 -0.000138706307 0.000069516891
-0.174634822088 -0.001099603757 0.003448440467 0.000065443679 -0.000032795702
-0.005150551229 -0.000033173952 0.000064778986 0.001175741673 -0.000000960114
0.002581850549 0.000016640779 -0.000032460529 -0.000000960054 0.001173915073

Trandens between roots 1 1
5 5
0.997806231015 -0.050111098512 -0.001458396522 -0.000049646082 0.000024965101
-0.050111098512 0.984442899744 0.124573590864 0.003674480469 -0.001841934799
-0.001458396522 0.124573590864 0.017461812039 0.000509808921 -0.000255547925
-0.000049646082 0.003674480469 0.000509808921 0.000150195390 -0.000007525708
0.000024965101 -0.001841934799 -0.000255547925 -0.000007525708 0.000138861812

State 0 :
Natural orbital occupations
5
1.927546810077 0.042340127835 0.010192851116 0.010192671718 0.009727539254
Natural orbitals (in MO basis)
5 5
0.999995206798 0.001199583547 0.000001358177 -0.000003109595 0.002854359596
-0.001198084323 0.999999143470 0.000002398007 -0.000004955945 -0.000526898558
0.002853551431 -0.000523399950 0.012349421116 -0.027963457199 -0.999528448898
0.000081052076 -0.000009470932 0.048968793402 0.998426394682 -0.027327367509
-0.000040615855 0.000004533618 0.998723960393 -0.048608429605 0.013699264137

State 1 :
Natural orbital occupations
5
1.048950944526 0.949129768556 0.001649000263 0.000135194479 0.000135092176
Natural orbitals (in MO basis)
5 5
-0.698472202964 -0.715620492442 -0.004887992938 0.000002803973 0.000001249696
0.710350496501 -0.692467451669 -0.126059460508 -0.000104227798 -0.000045317825
0.086778613878 -0.091471662016 0.991500562057 -0.029492587406 -0.012618635011
0.002563971870 -0.002692970084 0.028437799579 0.997764252995 -0.060365229741
-0.001285313300 0.001349865430 -0.014249453903 -0.059972259112 -0.998096592036

