Number of strings: 5 5, CI size = 25
String addressing array alpha: 1 5
0 1 2 3 4

Alpha strings 5 1
1
2
3
4
5

Is hamiltonian hermitian? 1
Implicit Hamiltonian constructed
E(core)= 0.000000000000
H(1,1) + E(core) energy = -0.934165429200
Davidson: iter=0 dim=0 root=0 eigenvalue=-0.934165429200
Davidson: iter=1 dim=1 root=0 eigenvalue=-0.968153188718
Davidson: iter=2 dim=2 root=0 eigenvalue=-0.968165713337
Davidson: iter=3 dim=3 root=0 eigenvalue=-0.968165783792
Davidson: iter=4 dim=4 root=0 eigenvalue=-0.968165784165
Davidson: iter=5 dim=5 root=0 eigenvalue=-0.968165784167
Davidson: iter=6 dim=6 root=0 eigenvalue=-0.968165784167
Davidson: iter=6 dim=6 root=1 eigenvalue=-0.362130894805
root no. 0 converged
Davidson: iter=7 dim=7 root=0 eigenvalue=-0.968165784167
Davidson: iter=7 dim=7 root=1 eigenvalue=-0.362251317083
Davidson: iter=8 dim=8 root=0 eigenvalue=-0.968165784167
Davidson: iter=8 dim=8 root=1 eigenvalue=-0.362323982978
Davidson: iter=9 dim=9 root=0 eigenvalue=-0.968165784167
Davidson: iter=9 dim=9 root=1 eigenvalue=-0.362324616109
Davidson: iter=10 dim=10 root=0 eigenvalue=-0.968165784167
Davidson: iter=10 dim=10 root=1 eigenvalue=-0.362324616187
Davidson: iter=11 dim=11 root=0 eigenvalue=-0.968165784167
Davidson: iter=11 dim=11 root=1 eigenvalue=-0.362324616197
Davidson: iter=12 dim=12 root=0 eigenvalue=-0.968165784167
Davidson: iter=12 dim=12 root=1 eigenvalue=-0.362324616197
root no. 1 converged
Davidson converged in 12 iterations.
E(core)= 0.000000000000
E(0)= -0.968165784167
E(1)= -0.362324616197
FCI Excitation energies = 2
0.000000000000 0.605841167970

Vacuum coefficients in CI state 0 = -0.985772728767
Vacuum coefficients in CI state 1 = -0.001787962233
Eigenvector 0 in string basis
0: -0.985772728767 seniority 0 ... 1
1
 | 1
1

6: 0.113736866859 seniority 0 ... 1
2
 | 1
2

12: 0.077353380196 seniority 0 ... 1
3
 | 1
3

18: 0.077355637035 seniority 0 ... 1
4
 | 1
4

24: 0.057818879238 seniority 0 ... 1
5
 | 1
5

Eigenvector 1 in string basis
1: 0.705051845661 seniority 2 ... 1
1
 | 1
2

5: 0.705051845724 seniority 2 ... 1
2
 | 1
1

6: -0.052628582882 seniority 0 ... 1
2
 | 1
2

Seniority vectors for all roots (nroots/seniority)
2 2
0.999994410468 0.000005589532
0.004621839454 0.995399342846

Calculating transition densities
Root 0 MO occupations numbers (density matrix diagonal)
5
1.943501008899 0.025873141903 0.011967091278 0.011967789923 0.006690967997
Root 1 MO occupations numbers (density matrix diagonal)
5
0.995382372964 0.999759107912 0.000069959070 0.000069812413 0.004718747641
Transition densities done:
Trandens between roots 0 0
5 5
1.943501008899 -0.001006049199 0.000003598024 -0.000004899404 0.002812998611
-0.001006049199 0.025873141903 -0.000000068484 0.000000124853 -0.000140070442
0.000003598024 -0.000000068484 0.011967091278 0.000000005699 -0.000003885164
-0.000004899404 0.000000124853 0.000000005699 0.011967789923 0.000005215271
0.002812998611 -0.000140070442 -0.000003885164 0.000005215271 0.006690967997

Trandens between roots 0 1
5 5
0.004413069075 -1.390112915111 -0.000353144954 0.000531060061 0.047756569764
0.160398290757 -0.011159984098 -0.000005325019 0.000008062504 0.000715530652
0.000028122393 -0.000006587794 0.000914558348 -0.000000000381 0.000001319752
-0.000042104072 0.000009532960 -0.000000000448 0.000913081976 -0.000001588480
-0.003371360959 -0.001700022894 0.000001125106 -0.000001288491 0.004919274699

Trandens between roots 1 0
5 5
0.004413069075 0.160398290757 0.000028122393 -0.000042104072 -0.003371360959
-1.390112915111 -0.011159984098 -0.000006587794 0.000009532960 -0.001700022894
-0.000353144954 -0.000005325019 0.000914558348 -0.000000000448 0.000001125106
0.000531060061 0.000008062504 -0.000000000381 0.000913081976 -0.000001288491
0.047756569764 0.000715530652 0.000001319752 -0.000001588480 0.004919274699

Trandens between roots 1 1
5 5
0.995382372964 -0.076898989241 -0.000033485367 0.000050533424 0.002869409758
-0.076898989241 0.999759107912 0.000254881815 -0.000383300706 -0.034318056239
-0.000033485367 0.000254881815 0.000069959070 -0.000000099194 -0.000007358621
0.000050533424 -0.000383300706 -0.000000099194 0.000069812413 0.000011425363
0.002869409758 -0.034318056239 -0.000007358621 0.000011425363 0.004718747641

State 0 :
Natural orbital occupations
5
1.943505622490 0.025873615229 0.011967795080 0.011967094132 0.006685873068
Natural orbitals (in MO basis)
5 5
0.999998807558 0.000535214432 -0.000001094807 -0.000000794092 -0.001448594570
-0.000524736335 0.999973768694 -0.000001055043 -0.000002555993 0.007224027081
0.000001859871 -0.000002767986 -0.002655477755 0.999996202830 0.000736717940
-0.000002532639 0.000006080630 -0.999995987193 -0.002654748640 -0.000988869890
0.001452420204 -0.007223255776 -0.000986931087 -0.000739343659 0.999972096805

State 1 :
Natural orbital occupations
5
1.075164359289 0.921159577971 0.003536505279 0.000069893331 0.000069664129
Natural orbitals (in MO basis)
5 5
-0.694227296430 -0.719755799099 -0.000223379901 0.000014165264 0.000021361310
0.719324144824 -0.693821648689 0.034410226219 -0.000268490727 -0.000398406807
0.000192329642 -0.000166016272 0.000410728844 0.999997745552 -0.002067762207
-0.000289354922 0.000249532380 -0.000514091836 -0.002067453795 -0.999997657673
-0.024922175836 0.023728035023 0.999407551224 -0.000402787420 -0.000499823422

