Number of strings: 5 5, CI size = 25
String addressing array alpha: 1 5
0 1 2 3 4

Alpha strings 5 1
1
2
3
4
5

Is hamiltonian hermitian? 1
Implicit Hamiltonian constructed
E(core)= 0.000000000000
H(1,1) + E(core) energy = -0.837817109000
Davidson: iter=0 dim=0 root=0 eigenvalue=-0.837817109000
Davidson: iter=1 dim=1 root=0 eigenvalue=-0.871410337741
Davidson: iter=2 dim=2 root=0 eigenvalue=-0.871425667998
Davidson: iter=3 dim=3 root=0 eigenvalue=-0.871425849489
Davidson: iter=4 dim=4 root=0 eigenvalue=-0.871425850637
Davidson: iter=5 dim=5 root=0 eigenvalue=-0.871425850637
Davidson: iter=5 dim=5 root=1 eigenvalue=-0.340369718498
root no. 0 converged
Davidson: iter=6 dim=6 root=0 eigenvalue=-0.871425850637
Davidson: iter=6 dim=6 root=1 eigenvalue=-0.344052508883
Davidson: iter=7 dim=7 root=0 eigenvalue=-0.871425850637
Davidson: iter=7 dim=7 root=1 eigenvalue=-0.344139829977
Davidson: iter=8 dim=8 root=0 eigenvalue=-0.871425850637
Davidson: iter=8 dim=8 root=1 eigenvalue=-0.344154960423
Davidson: iter=9 dim=9 root=0 eigenvalue=-0.871425850637
Davidson: iter=9 dim=9 root=1 eigenvalue=-0.344154962939
Davidson: iter=10 dim=10 root=0 eigenvalue=-0.871425850637
Davidson: iter=10 dim=10 root=1 eigenvalue=-0.344154963259
Davidson: iter=11 dim=11 root=0 eigenvalue=-0.871425850637
Davidson: iter=11 dim=11 root=1 eigenvalue=-0.344154963259
Davidson: iter=12 dim=12 root=0 eigenvalue=-0.871425850637
Davidson: iter=12 dim=12 root=1 eigenvalue=-0.344154963259
root no. 1 converged
Davidson converged in 12 iterations.
E(core)= 0.000000000000
E(0)= -0.871425850637
E(1)= -0.344154963259
FCI Excitation energies = 2
0.000000000000 0.527270887378

Vacuum coefficients in CI state 0 = 0.983587721962
Vacuum coefficients in CI state 1 = -0.003026335894
Eigenvector 0 in string basis
0: 0.983587721962 seniority 0 ... 1
1
 | 1
1

6: -0.130636726091 seniority 0 ... 1
2
 | 1
2

12: -0.073066956438 seniority 0 ... 1
3
 | 1
3

18: -0.073058028261 seniority 0 ... 1
4
 | 1
4

24: -0.069259956564 seniority 0 ... 1
5
 | 1
5

Eigenvector 1 in string basis
1: 0.706044033802 seniority 2 ... 1
1
 | 1
2

5: 0.706044033802 seniority 2 ... 1
2
 | 1
1

Seniority vectors for all roots (nroots/seniority)
2 2
0.999983958198 0.000016041802
0.000665632242 0.998970007258

Calculating transition densities
Root 0 MO occupations numbers (density matrix diagonal)
5
1.934905019955 0.034138227883 0.010677571190 0.010674991438 0.009604189534
Root 1 MO occupations numbers (density matrix diagonal)
5
0.998758587704 0.997561328649 0.000018025330 0.000022308447 0.003639749870
Transition densities done:
Trandens between roots 0 0
5 5
1.934905019955 0.002882336187 -0.000073739131 0.000141790042 -0.004019516229
0.002882336187 0.034138227883 -0.000004028748 0.000007762446 -0.000226290137
-0.000073739131 -0.000004028748 0.010677571190 0.000000617584 -0.000017226927
0.000141790042 0.000007762446 0.000000617584 0.010674991438 0.000033131613
-0.004019516229 -0.000226290137 -0.000017226927 0.000033131613 0.009604189534

Trandens between roots 0 1
5 5
-0.003695405815 1.389003375228 0.001348715267 -0.002553518595 0.058108139694
-0.184448445470 -0.001016051782 0.000046243861 -0.000089881233 0.002854951345
-0.000082487078 -0.000033173170 0.000421183445 -0.000002196255 0.000059724553
0.000155577532 0.000063213729 -0.000002194584 0.000428392287 -0.000114825645
-0.003298582493 -0.001613634746 0.000058867108 -0.000113267637 0.003861881865

Trandens between roots 1 0
5 5
-0.003695405815 -0.184448445470 -0.000082487078 0.000155577532 -0.003298582493
1.389003375228 -0.001016051782 -0.000033173170 0.000063213729 -0.001613634746
0.001348715267 0.000046243861 0.000421183445 -0.000002194584 0.000058867108
-0.002553518595 -0.000089881233 -0.000002196255 0.000428392287 -0.000113267637
0.058108139694 0.002854951345 0.000059724553 -0.000114825645 0.003861881865

Trandens between roots 1 1
5 5
0.998758587704 0.013430189524 -0.000275103893 0.000534389284 -0.016948299108
0.013430189524 0.997561328649 0.000973148963 -0.001842553122 0.041986334334
-0.000275103893 0.000973148963 0.000018025330 -0.000002862477 0.000072698922
0.000534389284 -0.001842553122 -0.000002862477 0.000022308447 -0.000138726458
-0.016948299108 0.041986334334 0.000072698922 -0.000138726458 0.003639749870

State 0 :
Natural orbital occupations
5
1.934917797042 0.034135835710 0.010677851578 0.010676011455 0.009592504216
Natural orbitals (in MO basis)
5 5
0.999996666806 0.001535344270 0.000004305504 -0.000009187384 0.002075810974
0.001516640762 -0.999958512102 0.000014672383 -0.000031906889 0.008981795043
-0.000038305499 0.000160310950 0.998798462633 -0.046300562827 0.016058074504
0.000073656060 -0.000308900824 0.046780667256 0.998426085587 -0.030932506296
-0.002087889950 0.008971938106 -0.014601369081 0.031648197406 0.999349957054

State 1 :
Natural orbital occupations
5
1.011902839857 0.986499444744 0.001564294327 0.000016888985 0.000016532087
Natural orbitals (in MO basis)
5 5
-0.703231096743 -0.710744455062 -0.017559712807 -0.000022450454 -0.000012397435
-0.710738305204 0.702177588462 0.042396114240 -0.000462659663 -0.000226317407
-0.000493620983 0.000894014332 -0.017188450804 0.051629024044 0.998517880717
0.000925248888 -0.001702500480 0.033095052735 -0.998087357423 0.052178442318
-0.017776004653 0.042252290940 -0.998250219447 -0.033997886257 -0.015472578069

