Number of strings: 5 5, CI size = 25
String addressing array alpha: 1 5
0 1 2 3 4

Alpha strings 5 1
1
2
3
4
5

Is hamiltonian hermitian? 1
Implicit Hamiltonian constructed
E(core)= 0.000000000000
H(1,1) + E(core) energy = -0.915321274700
Davidson: iter=0 dim=0 root=0 eigenvalue=-0.915321274700
Davidson: iter=1 dim=1 root=0 eigenvalue=-0.948913801588
Davidson: iter=2 dim=2 root=0 eigenvalue=-0.948931783609
Davidson: iter=3 dim=3 root=0 eigenvalue=-0.948931886181
Davidson: iter=4 dim=4 root=0 eigenvalue=-0.948931886743
Davidson: iter=5 dim=5 root=0 eigenvalue=-0.948931886746
Davidson: iter=6 dim=6 root=0 eigenvalue=-0.948931886746
Davidson: iter=6 dim=6 root=1 eigenvalue=-0.348017024021
root no. 0 converged
Davidson: iter=7 dim=7 root=0 eigenvalue=-0.948931886746
Davidson: iter=7 dim=7 root=1 eigenvalue=-0.353387105510
Davidson: iter=8 dim=8 root=0 eigenvalue=-0.948931886746
Davidson: iter=8 dim=8 root=1 eigenvalue=-0.353981592610
Davidson: iter=9 dim=9 root=0 eigenvalue=-0.948931886746
Davidson: iter=9 dim=9 root=1 eigenvalue=-0.354012831791
Davidson: iter=10 dim=10 root=0 eigenvalue=-0.948931886746
Davidson: iter=10 dim=10 root=1 eigenvalue=-0.354012833089
Davidson: iter=11 dim=11 root=0 eigenvalue=-0.948931886746
Davidson: iter=11 dim=11 root=1 eigenvalue=-0.354012834539
Davidson: iter=12 dim=12 root=0 eigenvalue=-0.948931886746
Davidson: iter=12 dim=12 root=1 eigenvalue=-0.354012834541
Davidson: iter=13 dim=13 root=0 eigenvalue=-0.948931886746
Davidson: iter=13 dim=13 root=1 eigenvalue=-0.354012834541
root no. 1 converged
Davidson converged in 13 iterations.
E(core)= 0.000000000000
E(0)= -0.948931886746
E(1)= -0.354012834541
FCI Excitation energies = 2
0.000000000000 0.594919052205

Vacuum coefficients in CI state 0 = 0.985628360197
Vacuum coefficients in CI state 1 = 0.000415872739
Eigenvector 0 in string basis
0: 0.985628360197 seniority 0 ... 1
1
 | 1
1

6: -0.114267266221 seniority 0 ... 1
2
 | 1
2

12: -0.076476096290 seniority 0 ... 1
3
 | 1
3

18: -0.076474970257 seniority 0 ... 1
4
 | 1
4

24: -0.061450572041 seniority 0 ... 1
5
 | 1
5

Eigenvector 1 in string basis
1: 0.704245837654 seniority 2 ... 1
1
 | 1
2

5: 0.704245837973 seniority 2 ... 1
2
 | 1
1

Seniority vectors for all roots (nroots/seniority)
2 2
0.999993459738 0.000006540262
0.003742153889 0.996224522011

Calculating transition densities
Root 0 MO occupations numbers (density matrix diagonal)
5
1.942932132241 0.026116484507 0.011697186697 0.011696843181 0.007557353373
Root 1 MO occupations numbers (density matrix diagonal)
5
0.995949896552 0.996093542434 0.000040568099 0.000040661366 0.007875331549
Transition densities done:
Trandens between roots 0 0
5 5
1.942932132241 0.001523538119 0.000001793789 0.000005987669 -0.002635835661
0.001523538119 0.026116484507 0.000000111318 0.000000346252 -0.000242887593
0.000001793789 0.000000111318 0.011697186697 -0.000000003441 0.000001825927
0.000005987669 0.000000346252 -0.000000003441 0.011696843181 0.000006177929
-0.002635835661 -0.000242887593 0.000001825927 0.000006177929 0.007557353373

Trandens between roots 0 1
5 5
0.002180720998 1.388360048408 -0.000046326128 -0.000047478029 -0.088333857245
-0.161005138002 -0.008867393636 0.000000063683 -0.000001538865 0.002543256615
0.000003748097 0.000001558133 0.000688850028 0.000000003112 -0.000001762890
0.000004316053 0.000003975422 0.000000003034 0.000689586739 -0.000006227995
0.006475811831 -0.000508063749 -0.000001676319 -0.000006031972 0.005308235871

Trandens between roots 1 0
5 5
0.002180720998 -0.161005138002 0.000003748097 0.000004316053 0.006475811831
1.388360048408 -0.008867393636 0.000001558133 0.000003975422 -0.000508063749
-0.000046326128 0.000000063683 0.000688850028 0.000000003034 -0.000001676319
-0.000047478029 -0.000001538865 0.000000003112 0.000689586739 -0.000006031972
-0.088333857245 0.002543256615 -0.000001762890 -0.000006227995 0.005308235871

Trandens between roots 1 1
5 5
0.995949896552 0.063788643031 -0.000001628860 0.000005300678 -0.012758795956
0.063788643031 0.996093542434 -0.000033436404 -0.000034464714 -0.063230645188
-0.000001628860 -0.000033436404 0.000040568099 0.000000003095 0.000000742327
0.000005300678 -0.000034464714 0.000000003095 0.000040661366 -0.000002814285
-0.012758795956 -0.063230645188 0.000000742327 -0.000002814285 0.007875331549

State 0 :
Natural orbital occupations
5
1.942936933537 0.026118396754 0.011697187504 0.011696852398 0.007550629807
Natural orbitals (in MO basis)
5 5
0.999998756435 -0.000812595769 0.000000324069 -0.000001064349 0.001351597627
0.000794997280 0.999915563781 0.000000254953 0.000001248404 0.012970477517
0.000000927585 0.000005975196 -0.999997617762 0.002137694613 -0.000441244014
0.000003096209 0.000018114063 0.002138351292 0.999996599141 -0.001492924171
-0.001362019877 -0.012969372908 -0.000438092095 0.001493976434 0.999913754470

State 1 :
Natural orbital occupations
5
1.062575484425 0.933573500316 0.003769795180 0.000040653609 0.000040566470
Natural orbitals (in MO basis)
5 5
0.695763109833 -0.718217644267 -0.008781254742 0.000004010693 0.000002704226
0.716432166301 0.694804039250 -0.063026034161 0.000118113024 0.000056557196
-0.000023647550 -0.000023662534 0.000370277733 0.001377392469 0.999998982282
-0.000019631403 -0.000029616053 0.001323150948 0.999998174723 -0.001377882456
-0.051367744165 -0.037560099407 -0.997972304600 0.001318853369 0.000365607228

