Number of strings: 5 5, CI size = 25
String addressing array alpha: 1 5
0 1 2 3 4

Alpha strings 5 1
1
2
3
4
5

Is hamiltonian hermitian? 1
Implicit Hamiltonian constructed
E(core)= 0.000000000000
H(1,1) + E(core) energy = -0.660161846300
Davidson: iter=0 dim=0 root=0 eigenvalue=-0.660161846300
Davidson: iter=1 dim=1 root=0 eigenvalue=-0.699901101562
Davidson: iter=2 dim=2 root=0 eigenvalue=-0.700234971513
Davidson: iter=3 dim=3 root=0 eigenvalue=-0.700248451618
Davidson: iter=4 dim=4 root=0 eigenvalue=-0.700248789140
Davidson: iter=5 dim=5 root=0 eigenvalue=-0.700248790334
Davidson: iter=6 dim=6 root=0 eigenvalue=-0.700248790336
Davidson: iter=7 dim=7 root=0 eigenvalue=-0.700248790336
Davidson: iter=7 dim=7 root=1 eigenvalue=-0.405022692307
root no. 0 converged
Davidson: iter=8 dim=8 root=0 eigenvalue=-0.700248790336
Davidson: iter=8 dim=8 root=1 eigenvalue=-0.405023329052
Davidson: iter=9 dim=9 root=0 eigenvalue=-0.700248790336
Davidson: iter=9 dim=9 root=1 eigenvalue=-0.405023329264
Davidson: iter=10 dim=10 root=0 eigenvalue=-0.700248790336
Davidson: iter=10 dim=10 root=1 eigenvalue=-0.405023329265
Davidson: iter=11 dim=11 root=0 eigenvalue=-0.700248790336
Davidson: iter=11 dim=11 root=1 eigenvalue=-0.405023329265
root no. 1 converged
Davidson converged in 11 iterations.
E(core)= 0.000000000000
E(0)= -0.700248790336
E(1)= -0.405023329265
FCI Excitation energies = 2
0.000000000000 0.295225461071

Vacuum coefficients in CI state 0 = -0.964915050239
Vacuum coefficients in CI state 1 = -0.091691732144
Eigenvector 0 in string basis
0: -0.964915050239 seniority 0 ... 1
1
 | 1
1

6: 0.237857853270 seniority 0 ... 1
2
 | 1
2

12: 0.063379967092 seniority 0 ... 1
3
 | 1
3

18: 0.062322071081 seniority 0 ... 1
4
 | 1
4

24: 0.062321112496 seniority 0 ... 1
5
 | 1
5

Eigenvector 1 in string basis
0: -0.091691732144 seniority 0 ... 1
1
 | 1
1

1: 0.650945599999 seniority 2 ... 1
1
 | 1
2

2: 0.120849221353 seniority 2 ... 1
1
 | 1
3

5: 0.650945599999 seniority 2 ... 1
2
 | 1
1

6: -0.321845959515 seniority 0 ... 1
2
 | 1
2

10: 0.120849221353 seniority 2 ... 1
3
 | 1
1

12: 0.056196997652 seniority 0 ... 1
3
 | 1
3

Seniority vectors for all roots (nroots/seniority)
2 2
0.999422394376 0.000577605624
0.119630207269 0.880370321231

Calculating transition densities
Root 0 MO occupations numbers (density matrix diagonal)
5
1.862699643890 0.113596287540 0.008168128118 0.007768092887 0.007767847566
Root 1 MO occupations numbers (density matrix diagonal)
5
0.893487775162 1.058327257332 0.039222134671 0.004482018989 0.004480813846
Transition densities done:
Trandens between roots 0 0
5 5
1.862699643890 0.021650568340 0.014754158952 0.000138346740 -0.000093948345
0.021650568340 0.113596287540 0.000356544206 0.000003150552 -0.000002363815
0.014754158952 0.000356544206 0.008168128118 0.000002232407 -0.000001432889
0.000138346740 0.000003150552 0.000002232407 0.007768092887 -0.000000015197
-0.000093948345 -0.000002363815 -0.000001432889 -0.000000015197 0.007767847566

Trandens between roots 0 1
5 5
0.155583865272 -1.245925050891 -0.232858083221 -0.002129653126 0.001473753117
0.312441098258 -0.172510104841 -0.024030714417 -0.000213952526 0.000149532151
0.017063644292 -0.016227419521 0.005128920513 -0.000005446272 0.000004058829
0.000154589714 -0.000148595332 -0.000006015531 0.005898585909 0.000000040905
-0.000107179974 0.000102131694 0.000004243899 0.000000039024 0.005898733147

Trandens between roots 1 0
5 5
0.155583865272 0.312441098258 0.017063644292 0.000154589714 -0.000107179974
-1.245925050891 -0.172510104841 -0.016227419521 -0.000148595332 0.000102131694
-0.232858083221 -0.024030714417 0.005128920513 -0.000006015531 0.000004243899
-0.002129653126 -0.000213952526 -0.000005446272 0.005898585909 0.000000039024
0.001473753117 0.000149532151 0.000004058829 0.000000040905 0.005898733147

Trandens between roots 1 1
5 5
0.893487775162 -0.548773724580 -0.064551193631 -0.000570306450 0.000399260393
-0.548773724580 1.058327257332 0.180174634091 0.001639100316 -0.001136335402
-0.064551193631 0.180174634091 0.039222134671 0.000320072950 -0.000221385321
-0.000570306450 0.001639100316 0.000320072950 0.004482018989 -0.000002018086
0.000399260393 -0.001136335402 -0.000221385321 -0.000002018086 0.004480813846

State 0 :
Natural orbital occupations
5
1.863085018726 0.113328623152 0.008050438952 0.007768078155 0.007767841015
Natural orbitals (in MO basis)
5 5
0.999891765933 0.012389169386 0.007934866024 0.000043390453 0.000030334166
0.012375650956 -0.999921886488 0.001750447789 0.000007740229 0.000007605365
0.007955598889 -0.001651995149 -0.999956067279 0.004053792102 0.002325863034
0.000074590230 -0.000013641395 -0.003998878897 -0.999728668191 0.022947618943
-0.000050653781 0.000011387337 0.002417914847 0.022938064965 0.999733962696

State 1 :
Natural orbital occupations
5
1.551995672619 0.432147178264 0.006898681076 0.004479403462 0.004479064580
Natural orbitals (in MO basis)
5 5
-0.642532085039 -0.764744270599 -0.048153074996 0.000020930903 0.000034818571
0.757179779135 -0.624019084668 -0.193077419443 0.000123444082 0.000242695577
0.117599430454 -0.160508882636 0.979923544892 -0.006308724363 -0.010831376416
0.001063109001 -0.001491980113 0.010199928371 -0.070419473761 0.997463634912
-0.000738593706 0.001027203067 -0.006942556963 -0.997497509789 -0.070348547962

