Number of strings: 5 5, CI size = 25
String addressing array alpha: 1 5
0 1 2 3 4

Alpha strings 5 1
1
2
3
4
5

Is hamiltonian hermitian? 1
Implicit Hamiltonian constructed
E(core)= 0.000000000000
H(1,1) + E(core) energy = -0.876430100500
Davidson: iter=0 dim=0 root=0 eigenvalue=-0.876430100500
Davidson: iter=1 dim=1 root=0 eigenvalue=-0.909757430640
Davidson: iter=2 dim=2 root=0 eigenvalue=-0.909775869100
Davidson: iter=3 dim=3 root=0 eigenvalue=-0.909776025086
Davidson: iter=4 dim=4 root=0 eigenvalue=-0.909776025913
Davidson: iter=5 dim=5 root=0 eigenvalue=-0.909776025915
Davidson: iter=6 dim=6 root=0 eigenvalue=-0.909776025915
Davidson: iter=6 dim=6 root=1 eigenvalue=-0.342210391567
root no. 0 converged
Davidson: iter=7 dim=7 root=0 eigenvalue=-0.909776025915
Davidson: iter=7 dim=7 root=1 eigenvalue=-0.342230053214
Davidson: iter=8 dim=8 root=0 eigenvalue=-0.909776025915
Davidson: iter=8 dim=8 root=1 eigenvalue=-0.342350829063
Davidson: iter=9 dim=9 root=0 eigenvalue=-0.909776025915
Davidson: iter=9 dim=9 root=1 eigenvalue=-0.342351188471
Davidson: iter=10 dim=10 root=0 eigenvalue=-0.909776025915
Davidson: iter=10 dim=10 root=1 eigenvalue=-0.342351188473
Davidson: iter=11 dim=11 root=0 eigenvalue=-0.909776025915
Davidson: iter=11 dim=11 root=1 eigenvalue=-0.342351188477
Davidson: iter=12 dim=12 root=0 eigenvalue=-0.909776025915
Davidson: iter=12 dim=12 root=1 eigenvalue=-0.342351188477
root no. 1 converged
Davidson converged in 12 iterations.
E(core)= 0.000000000000
E(0)= -0.909776025915
E(1)= -0.342351188477
FCI Excitation energies = 2
0.000000000000 0.567424837438

Vacuum coefficients in CI state 0 = 0.984899368889
Vacuum coefficients in CI state 1 = 0.002338839611
Eigenvector 0 in string basis
0: 0.984899368889 seniority 0 ... 1
1
 | 1
1

6: -0.119693508296 seniority 0 ... 1
2
 | 1
2

12: -0.074749421183 seniority 0 ... 1
3
 | 1
3

18: -0.074749059808 seniority 0 ... 1
4
 | 1
4

24: -0.066790237302 seniority 0 ... 1
5
 | 1
5

Eigenvector 1 in string basis
1: -0.705012187389 seniority 2 ... 1
1
 | 1
2

5: -0.705012187410 seniority 2 ... 1
2
 | 1
1

Seniority vectors for all roots (nroots/seniority)
2 2
0.999989136474 0.000010863526
0.001797220612 0.998248012788

Calculating transition densities
Root 0 MO occupations numbers (density matrix diagonal)
5
1.940062846860 0.028658765625 0.011174951962 0.011174844816 0.008928590737
Root 1 MO occupations numbers (density matrix diagonal)
5
0.997446748628 0.995796480907 0.000009168003 0.000009237324 0.006738365139
Transition densities done:
Trandens between roots 0 0
5 5
1.940062846860 0.002488096839 0.000001719601 0.000009614150 0.002949386302
0.002488096839 0.028658765625 0.000000156424 0.000000924108 0.000332907270
0.000001719601 0.000000156424 0.011174951962 -0.000000003141 -0.000001000250
0.000009614150 0.000000924108 -0.000000003141 0.011174844816 -0.000005864895
0.002949386302 0.000332907270 -0.000001000250 -0.000005864895 0.008928590737

Trandens between roots 0 1
5 5
0.002445696549 -1.388857979749 0.000032021954 -0.000244506967 -0.080577082835
0.168849559408 0.003083699485 0.000001181836 0.000014266296 0.004643031928
-0.000002133326 -0.000000722804 -0.000320062886 -0.000000006823 -0.000002093498
0.000020318401 0.000001104949 -0.000000006465 -0.000320317239 -0.000012643652
0.006716757565 0.000462440706 -0.000001968166 -0.000012535687 -0.004889015910

Trandens between roots 1 0
5 5
0.002445696549 0.168849559408 -0.000002133326 0.000020318401 0.006716757565
-1.388857979749 0.003083699485 -0.000000722804 0.000001104949 0.000462440706
0.000032021954 0.000001181836 -0.000320062886 -0.000000006465 -0.000001968166
-0.000244506967 0.000014266296 -0.000000006823 -0.000320317239 -0.000012535687
-0.080577082835 0.004643031928 -0.000002093498 -0.000012643652 -0.004889015910

Trandens between roots 1 1
5 5
0.997446748628 0.028261916201 0.000005747528 0.000078482687 0.025285307188
0.028261916201 0.995796480907 -0.000023325241 0.000173760585 0.057128690744
0.000005747528 -0.000023325241 0.000009168003 -0.000000000185 0.000000030280
0.000078482687 0.000173760585 -0.000000000185 0.000009237324 0.000019681246
0.025285307188 0.057128690744 0.000000030280 0.000019681246 0.006738365139

State 0 :
Natural orbital occupations
5
1.940070591531 0.028661013318 0.011174952410 0.011174860124 0.008918582617
Natural orbitals (in MO basis)
5 5
0.999997985799 0.001327254446 0.000000203902 0.000000986704 -0.001505587172
0.001301969734 -0.999860158480 0.000000415016 0.000002969399 -0.016672382838
0.000000890807 -0.000007860283 -0.999983396874 -0.005745207035 0.000445543696
0.000004980246 -0.000046519518 0.005746352222 -0.999980076483 0.002612256631
0.001527497079 -0.016670322537 0.000430594428 0.002615190963 0.999856360916

State 1 :
Natural orbital occupations
5
1.028211761265 0.968881778482 0.002888113733 0.000009179616 0.000009166904
Natural orbitals (in MO basis)
5 5
-0.700466392490 -0.713289672302 -0.023762918531 -0.000008330008 0.000003600750
-0.711395412141 0.700496840081 -0.056751582434 -0.000015889957 0.000047542983
0.000012221122 -0.000021094846 0.000422859174 0.004633056027 0.999989177635
-0.000174781984 0.000068313961 0.002750280414 0.999985462369 -0.004634198230
-0.057125912498 0.022847654419 0.998101617443 -0.002758536044 -0.000408100279

