Number of strings: 5 5, CI size = 25
String addressing array alpha: 1 5
0 1 2 3 4

Alpha strings 5 1
1
2
3
4
5

Is hamiltonian hermitian? 1
Implicit Hamiltonian constructed
E(core)= 0.000000000000
H(1,1) + E(core) energy = -0.613182929200
Davidson: iter=0 dim=0 root=0 eigenvalue=-0.613182929200
Davidson: iter=1 dim=1 root=0 eigenvalue=-0.655413593123
Davidson: iter=2 dim=2 root=0 eigenvalue=-0.656275202147
Davidson: iter=3 dim=3 root=0 eigenvalue=-0.656356514926
Davidson: iter=4 dim=4 root=0 eigenvalue=-0.656358493108
Davidson: iter=5 dim=5 root=0 eigenvalue=-0.656358499909
Davidson: iter=6 dim=6 root=0 eigenvalue=-0.656358499924
Davidson: iter=7 dim=7 root=0 eigenvalue=-0.656358499924
Davidson: iter=7 dim=7 root=1 eigenvalue=-0.426166416312
root no. 0 converged
Davidson: iter=8 dim=8 root=0 eigenvalue=-0.656358499924
Davidson: iter=8 dim=8 root=1 eigenvalue=-0.426166421367
Davidson: iter=9 dim=9 root=0 eigenvalue=-0.656358499924
Davidson: iter=9 dim=9 root=1 eigenvalue=-0.426166421384
Davidson: iter=10 dim=10 root=0 eigenvalue=-0.656358499924
Davidson: iter=10 dim=10 root=1 eigenvalue=-0.426166421384
root no. 1 converged
Davidson converged in 10 iterations.
E(core)= 0.000000000000
E(0)= -0.656358499924
E(1)= -0.426166421384
FCI Excitation energies = 2
0.000000000000 0.230192078540

Vacuum coefficients in CI state 0 = -0.952280236839
Vacuum coefficients in CI state 1 = -0.163675914260
Eigenvector 0 in string basis
0: -0.952280236839 seniority 0 ... 1
1
 | 1
1

6: 0.283293917343 seniority 0 ... 1
2
 | 1
2

12: 0.058767226818 seniority 0 ... 1
3
 | 1
3

18: 0.057500265785 seniority 0 ... 1
4
 | 1
4

24: 0.057500081400 seniority 0 ... 1
5
 | 1
5

Eigenvector 1 in string basis
0: -0.163675914260 seniority 0 ... 1
1
 | 1
1

1: 0.613568766784 seniority 2 ... 1
1
 | 1
2

2: 0.111655523850 seniority 2 ... 1
1
 | 1
3

5: 0.613568766784 seniority 2 ... 1
2
 | 1
1

6: -0.424036076547 seniority 0 ... 1
2
 | 1
2

10: 0.111655523850 seniority 2 ... 1
3
 | 1
1

12: 0.066149670665 seniority 0 ... 1
3
 | 1
3

18: 0.058304477310 seniority 0 ... 1
4
 | 1
4

24: 0.058304614049 seniority 0 ... 1
5
 | 1
5

Seniority vectors for all roots (nroots/seniority)
2 2
0.997159219952 0.002840780048
0.217770799245 0.782228981855

Calculating transition densities
Root 0 MO occupations numbers (density matrix diagonal)
5
1.816511827933 0.163059238224 0.007203848692 0.006612565988 0.006612519164
Root 1 MO occupations numbers (density matrix diagonal)
5
0.831447217411 1.116907822885 0.038046770453 0.006799288512 0.006798900739
Transition densities done:
Trandens between roots 0 0
5 5
1.816511827933 0.047755135556 0.021712376578 -0.000087900766 -0.000026542645
0.047755135556 0.163059238224 -0.000134857563 0.000000679352 0.000000123754
0.021712376578 -0.000134857563 0.007203848692 -0.000001444437 -0.000000355290
-0.000087900766 0.000000679352 -0.000001444437 0.006612565988 0.000000001269
-0.000026542645 0.000000123754 -0.000000355290 0.000000001269 0.006612519164

Trandens between roots 0 1
5 5
0.265263540509 -1.137202308770 -0.210923437602 0.000839706658 0.000259184563
0.358990294569 -0.283884372789 -0.034615638579 0.000136113106 0.000043082757
0.015292597259 -0.019090462105 0.005210791269 0.000005749908 0.000001905529
-0.000059834687 0.000075939564 0.000005962857 0.006705004754 -0.000000007822
-0.000018489071 0.000023359283 0.000001919624 -0.000000007627 0.006705036257

Trandens between roots 1 0
5 5
0.265263540509 0.358990294569 0.015292597259 -0.000059834687 -0.000018489071
-1.137202308770 -0.283884372789 -0.019090462105 0.000075939564 0.000023359283
-0.210923437602 -0.034615638579 0.005210791269 0.000005962857 0.000001919624
0.000839706658 0.000136113106 0.000005749908 0.006705004754 -0.000000007627
0.000259184563 0.000043082757 0.000001905529 -0.000000007822 0.006705036257

Trandens between roots 1 1
5 5
0.831447217411 -0.731631670601 -0.079082805855 0.000309770418 0.000098158196
-0.731631670601 1.116907822885 0.170441411350 -0.000675493666 -0.000210095677
-0.079082805855 0.170441411350 0.038046770453 -0.000125478139 -0.000038735256
0.000309770418 -0.000675493666 -0.000125478139 0.006799288512 0.000000154121
0.000098158196 -0.000210095677 -0.000038735256 0.000000154121 0.006798900739

State 0 :
Natural orbital occupations
5
1.818149962381 0.161684862779 0.006940094845 0.006612561229 0.006612518767
Natural orbitals (in MO basis)
5 5
-0.999512273594 0.028781253872 -0.012118289450 -0.000035135449 0.000013642324
-0.028838436216 -0.999573636121 0.004570595858 0.000014076107 -0.000004874082
-0.011981525960 0.004917818047 0.999915460745 -0.001148406347 0.000103084191
0.000048497817 -0.000020739099 -0.001147998488 -0.999997803589 0.001752750589
0.000014645233 -0.000005735254 -0.000100875878 0.001752868372 0.999998458513

State 1 :
Natural orbital occupations
5
1.739056753811 0.238795750622 0.008549859081 0.006798852717 0.006798783769
Natural orbitals (in MO basis)
5 5
-0.629631185423 -0.770987370266 -0.095619254088 -0.000015499554 0.000056936570
0.769575709741 -0.602103908769 -0.212659559418 -0.000031212650 0.000144344698
0.106384224970 -0.207481553074 0.972424911364 0.001277081508 -0.004686430795
-0.000420395676 0.000835886604 -0.004563145731 -0.023213827481 -0.999719670946
-0.000131394339 0.000253700337 -0.001356280268 0.999729706502 -0.023207602493

