Number of strings: 5 5, CI size = 25
String addressing array alpha: 1 5
0 1 2 3 4

Alpha strings 5 1
1
2
3
4
5

Is hamiltonian hermitian? 1
Implicit Hamiltonian constructed
E(core)= 0.000000000000
H(1,1) + E(core) energy = -0.721663375400
Davidson: iter=0 dim=0 root=0 eigenvalue=-0.721663375400
Davidson: iter=1 dim=1 root=0 eigenvalue=-0.758414710051
Davidson: iter=2 dim=2 root=0 eigenvalue=-0.758538007698
Davidson: iter=3 dim=3 root=0 eigenvalue=-0.758538622465
Davidson: iter=4 dim=4 root=0 eigenvalue=-0.758538625130
Davidson: iter=5 dim=5 root=0 eigenvalue=-0.758538625151
Davidson: iter=6 dim=6 root=0 eigenvalue=-0.758538625151
Davidson: iter=6 dim=6 root=1 eigenvalue=-0.383457941100
root no. 0 converged
Davidson: iter=7 dim=7 root=0 eigenvalue=-0.758538625151
Davidson: iter=7 dim=7 root=1 eigenvalue=-0.383479717607
Davidson: iter=8 dim=8 root=0 eigenvalue=-0.758538625151
Davidson: iter=8 dim=8 root=1 eigenvalue=-0.383480942155
Davidson: iter=9 dim=9 root=0 eigenvalue=-0.758538625151
Davidson: iter=9 dim=9 root=1 eigenvalue=-0.383480945817
Davidson: iter=10 dim=10 root=0 eigenvalue=-0.758538625151
Davidson: iter=10 dim=10 root=1 eigenvalue=-0.383480945817
root no. 1 converged
Davidson converged in 10 iterations.
E(core)= 0.000000000000
E(0)= -0.758538625151
E(1)= -0.383480945817
FCI Excitation energies = 2
0.000000000000 0.375057679334

Vacuum coefficients in CI state 0 = -0.974741189146
Vacuum coefficients in CI state 1 = -0.031424850066
Eigenvector 0 in string basis
0: -0.974741189146 seniority 0 ... 1
1
 | 1
1

6: 0.190499355975 seniority 0 ... 1
2
 | 1
2

12: 0.067355180211 seniority 0 ... 1
3
 | 1
3

18: 0.066984034039 seniority 0 ... 1
4
 | 1
4

24: 0.066983834096 seniority 0 ... 1
5
 | 1
5

Eigenvector 1 in string basis
1: 0.683510922013 seniority 2 ... 1
1
 | 1
2

2: -0.126505273316 seniority 2 ... 1
1
 | 1
3

5: 0.683510922013 seniority 2 ... 1
2
 | 1
1

6: -0.165427610699 seniority 0 ... 1
2
 | 1
2

10: -0.126505273316 seniority 2 ... 1
3
 | 1
1

Seniority vectors for all roots (nroots/seniority)
2 2
0.999920805592 0.000079194408
0.031755178066 0.968244761334

Calculating transition densities
Root 0 MO occupations numbers (density matrix diagonal)
5
1.900319173008 0.072601458756 0.009131968352 0.008973731820 0.008973668064
Root 1 MO occupations numbers (density matrix diagonal)
5
0.968362065264 0.990964618411 0.037326439718 0.001676466377 0.001670410230
Transition densities done:
Trandens between roots 0 0
5 5
1.900319173008 0.005033958192 -0.009746436696 -0.000128551975 0.000002561036
0.005033958192 0.072601458756 -0.000359242954 -0.000004938782 0.000000115981
-0.009746436696 -0.000359242954 0.009131968352 0.000000706197 -0.000000015632
-0.000128551975 -0.000004938782 0.000000706197 0.008973731820 -0.000000003295
0.000002561036 0.000000115981 -0.000000015632 -0.000000003295 0.008973668064

Trandens between roots 0 1
5 5
0.055509294898 -1.331101687248 0.246871019559 0.003233883617 -0.000066296683
0.260778097941 -0.067459364756 0.012371407896 0.000156625640 -0.000003255171
-0.018239977684 0.011658321339 0.004206764099 0.000006865281 -0.000000119283
-0.000238275161 0.000151289345 0.000006557524 0.003871654426 0.000000006973
0.000004923838 -0.000003071785 -0.000000121976 0.000000006855 0.003871651334

Trandens between roots 1 0
5 5
0.055509294898 0.260778097941 -0.018239977684 -0.000238275161 0.000004923838
-1.331101687248 -0.067459364756 0.011658321339 0.000151289345 -0.000003071785
0.246871019559 0.012371407896 0.004206764099 0.000006557524 -0.000000121976
0.003233883617 0.000156625640 0.000006865281 0.003871654426 0.000000006855
-0.000066296683 -0.000003255171 -0.000000119283 0.000000006973 0.003871651334

Trandens between roots 1 1
5 5
0.968362065264 -0.276813222361 0.039082982584 0.000487497454 -0.000010198808
-0.276813222361 0.990964618411 -0.180482199874 -0.002358888200 0.000048404709
0.039082982584 -0.180482199874 0.037326439718 0.000469050940 -0.000009601140
0.000487497454 -0.002358888200 0.000469050940 0.001676466377 -0.000000117807
-0.000010198808 0.000048404709 -0.000009601140 -0.000000117807 0.001670410230

State 0 :
Natural orbital occupations
5
1.900383283760 0.072589334223 0.009079991210 0.008973722923 0.008973667884
Natural orbitals (in MO basis)
5 5
-0.999982921073 -0.002782079458 -0.005139370546 -0.000066789406 0.000002528330
-0.002755101279 0.999982431084 -0.005248033534 -0.000071265934 0.000002416990
0.005153868212 -0.005233771168 -0.999973005008 0.000185710810 0.000007016175
0.000067974187 -0.000072069570 -0.000184292531 -0.998393996860 0.056651418826
-0.000001354224 0.000001712402 0.000017510218 0.056651416621 0.998394018754

State 1 :
Natural orbital occupations
5
1.276928196178 0.715564143641 0.004166959686 0.001670408275 0.001670292220
Natural orbitals (in MO basis)
5 5
0.671219525547 0.741148061607 0.012802309995 0.000000786954 -0.000012631161
-0.730212615486 0.658148113451 0.183386371270 -0.000011553816 0.000188800230
0.127479987541 -0.132429332472 0.982858960560 -0.000760745184 0.014107075961
0.001654185048 -0.001755606901 0.013918566966 0.073732168736 -0.997178029393
-0.000034044502 0.000035818104 -0.000277186731 0.997277788997 0.073735556548

