Number of strings: 5 5, CI size = 25
String addressing array alpha: 1 5
0 1 2 3 4

Alpha strings 5 1
1
2
3
4
5

Is hamiltonian hermitian? 1
Implicit Hamiltonian constructed
E(core)= 0.000000000000
H(1,1) + E(core) energy = -0.819132010600
Davidson: iter=0 dim=0 root=0 eigenvalue=-0.819132010600
Davidson: iter=1 dim=1 root=0 eigenvalue=-0.853000571895
Davidson: iter=2 dim=2 root=0 eigenvalue=-0.853020393394
Davidson: iter=3 dim=3 root=0 eigenvalue=-0.853020685263
Davidson: iter=4 dim=4 root=0 eigenvalue=-0.853020686878
Davidson: iter=5 dim=5 root=0 eigenvalue=-0.853020686881
Davidson: iter=6 dim=6 root=0 eigenvalue=-0.853020686881
Davidson: iter=6 dim=6 root=1 eigenvalue=-0.347310513372
root no. 0 converged
Davidson: iter=7 dim=7 root=0 eigenvalue=-0.853020686881
Davidson: iter=7 dim=7 root=1 eigenvalue=-0.348632119423
Davidson: iter=8 dim=8 root=0 eigenvalue=-0.853020686881
Davidson: iter=8 dim=8 root=1 eigenvalue=-0.349266607305
Davidson: iter=9 dim=9 root=0 eigenvalue=-0.853020686881
Davidson: iter=9 dim=9 root=1 eigenvalue=-0.349276635173
Davidson: iter=10 dim=10 root=0 eigenvalue=-0.853020686881
Davidson: iter=10 dim=10 root=1 eigenvalue=-0.349276635639
Davidson: iter=11 dim=11 root=0 eigenvalue=-0.853020686881
Davidson: iter=11 dim=11 root=1 eigenvalue=-0.349276639223
Davidson: iter=12 dim=12 root=0 eigenvalue=-0.853020686881
Davidson: iter=12 dim=12 root=1 eigenvalue=-0.349276639226
Davidson: iter=13 dim=13 root=0 eigenvalue=-0.853020686881
Davidson: iter=13 dim=13 root=1 eigenvalue=-0.349276639226
root no. 1 converged
Davidson converged in 13 iterations.
E(core)= 0.000000000000
E(0)= -0.853020686881
E(1)= -0.349276639226
FCI Excitation energies = 2
0.000000000000 0.503744047655

Vacuum coefficients in CI state 0 = 0.982716428400
Vacuum coefficients in CI state 1 = 0.001819015509
Eigenvector 0 in string basis
0: 0.982716428400 seniority 0 ... 1
1
 | 1
1

6: -0.137689216215 seniority 0 ... 1
2
 | 1
2

12: -0.069677422232 seniority 0 ... 1
3
 | 1
3

18: -0.072238938410 seniority 0 ... 1
4
 | 1
4

24: -0.072235783889 seniority 0 ... 1
5
 | 1
5

Eigenvector 1 in string basis
1: -0.703759090497 seniority 2 ... 1
1
 | 1
2

2: 0.063880986744 seniority 2 ... 1
1
 | 1
3

5: -0.703759090475 seniority 2 ... 1
2
 | 1
1

10: 0.063880986745 seniority 2 ... 1
3
 | 1
1

Seniority vectors for all roots (nroots/seniority)
2 2
0.999981314774 0.000018685226
0.001259190475 0.998745562825

Calculating transition densities
Root 0 MO occupations numbers (density matrix diagonal)
5
1.931481659737 0.037921946780 0.009723417024 0.010436935134 0.010436041325
Root 1 MO occupations numbers (density matrix diagonal)
5
0.998734165462 0.991406898216 0.009742698325 0.000053978192 0.000062259805
Transition densities done:
Trandens between roots 0 0
5 5
1.931481659737 0.002707149268 0.004716609213 -0.000078118705 -0.000149237142
0.002707149268 0.037921946780 0.000128749581 -0.000002090389 -0.000003941909
0.004716609213 0.000128749581 0.009723417024 0.000010727518 0.000020474025
-0.000078118705 -0.000002090389 0.000010727518 0.010436935134 -0.000000346938
-0.000149237142 -0.000003941909 0.000020474025 -0.000000346938 0.010436041325

Trandens between roots 0 1
5 5
0.001649841941 -1.383271745897 0.125689116204 -0.002245107995 -0.004325451537
0.193768744220 0.003377491043 0.000984780160 -0.000013275483 -0.000024480975
-0.008483463298 -0.003221388038 -0.003564000472 0.000045429606 0.000086673156
0.000153158215 0.000055086438 0.000045986135 -0.000730131065 -0.000001513142
0.000295443699 0.000105734822 0.000087832170 -0.000001514726 -0.000733201447

Trandens between roots 1 0
5 5
0.001649841941 0.193768744220 -0.008483463298 0.000153158215 0.000295443699
-1.383271745897 0.003377491043 -0.003221388038 0.000055086438 0.000105734822
0.125689116204 0.000984780160 -0.003564000472 0.000045986135 0.000087832170
-0.002245107995 -0.000013275483 0.000045429606 -0.000730131065 -0.000001514726
-0.004325451537 -0.000024480975 0.000086673156 -0.000001513142 -0.000733201447

Trandens between roots 1 1
5 5
0.998734165462 0.025854424408 0.007878070425 -0.000113680039 -0.000212628896
0.025854424408 0.991406898216 -0.089957177195 0.001607244909 0.003096643251
0.007878070425 -0.089957177195 0.009742698325 -0.000170533589 -0.000328132318
-0.000113680039 0.001607244909 -0.000170533589 0.000053978192 0.000005797264
-0.000212628896 0.003096643251 -0.000328132318 0.000005797264 0.000062259805

State 0 :
Natural orbital occupations
5
1.931497121651 0.037918604825 0.010437099623 0.010436625734 0.009710548167
Natural orbitals (in MO basis)
5 5
0.999995961968 0.001440430934 -0.000003086099 0.000007349055 0.002449723170
0.001429811061 -0.999989597461 -0.000004470696 0.000008415942 0.004331341412
0.002454384831 -0.004325235510 -0.012617867019 0.029888562675 -0.999461220651
-0.000040652043 0.000070279471 -0.996468564787 0.082606839455 0.015050012423
-0.000077661201 0.000132386593 0.083013184451 0.996133918593 0.028740283193

State 1 :
Natural orbital occupations
5
1.024252304413 0.974180638455 0.001464950559 0.000051134414 0.000050972158
Natural orbitals (in MO basis)
5 5
-0.701711258014 -0.712388069912 -0.010224850430 0.000024381126 0.000007955440
-0.710132122472 0.698185526336 0.090825220872 0.000323257219 0.000119193036
0.057519604825 -0.070942918710 0.995206776858 -0.032369565016 -0.013201511330
-0.001046092716 0.001247529242 -0.016126536643 -0.094445307673 -0.995398095254
-0.002019841797 0.002398878550 -0.030816193765 -0.995003613074 0.094912263660

