Number of strings: 5 5, CI size = 25
String addressing array alpha: 1 5
0 1 2 3 4

Alpha strings 5 1
1
2
3
4
5

Is hamiltonian hermitian? 1
Implicit Hamiltonian constructed
E(core)= 0.000000000000
H(1,1) + E(core) energy = -0.721663375900
Davidson: iter=0 dim=0 root=0 eigenvalue=-0.721663375900
Davidson: iter=1 dim=1 root=0 eigenvalue=-0.758414871165
Davidson: iter=2 dim=2 root=0 eigenvalue=-0.758538147787
Davidson: iter=3 dim=3 root=0 eigenvalue=-0.758538761891
Davidson: iter=4 dim=4 root=0 eigenvalue=-0.758538764532
Davidson: iter=5 dim=5 root=0 eigenvalue=-0.758538764551
Davidson: iter=6 dim=6 root=0 eigenvalue=-0.758538764551
Davidson: iter=6 dim=6 root=1 eigenvalue=-0.383423756448
root no. 0 converged
Davidson: iter=7 dim=7 root=0 eigenvalue=-0.758538764551
Davidson: iter=7 dim=7 root=1 eigenvalue=-0.383438587843
Davidson: iter=8 dim=8 root=0 eigenvalue=-0.758538764551
Davidson: iter=8 dim=8 root=1 eigenvalue=-0.383439400910
Davidson: iter=9 dim=9 root=0 eigenvalue=-0.758538764551
Davidson: iter=9 dim=9 root=1 eigenvalue=-0.383439403431
Davidson: iter=10 dim=10 root=0 eigenvalue=-0.758538764551
Davidson: iter=10 dim=10 root=1 eigenvalue=-0.383439403431
root no. 1 converged
Davidson converged in 10 iterations.
E(core)= 0.000000000000
E(0)= -0.758538764551
E(1)= -0.383439403431
FCI Excitation energies = 2
0.000000000000 0.375099361120

Vacuum coefficients in CI state 0 = -0.974742771162
Vacuum coefficients in CI state 1 = -0.031396500171
Eigenvector 0 in string basis
0: -0.974742771162 seniority 0 ... 1
1
 | 1
1

6: 0.190491092298 seniority 0 ... 1
2
 | 1
2

12: 0.067355712056 seniority 0 ... 1
3
 | 1
3

18: 0.066984321507 seniority 0 ... 1
4
 | 1
4

24: 0.066984108840 seniority 0 ... 1
5
 | 1
5

Eigenvector 1 in string basis
1: 0.683521774872 seniority 2 ... 1
1
 | 1
2

2: -0.126523645534 seniority 2 ... 1
1
 | 1
3

5: 0.683521774872 seniority 2 ... 1
2
 | 1
1

6: -0.165324871950 seniority 0 ... 1
2
 | 1
2

10: -0.126523645534 seniority 2 ... 1
3
 | 1
1

Seniority vectors for all roots (nroots/seniority)
2 2
0.999920888289 0.000079111711
0.031718128088 0.968282316012

Calculating transition densities
Root 0 MO occupations numbers (density matrix diagonal)
5
1.900325246583 0.072595091980 0.009132114114 0.008973804089 0.008973743234
Root 1 MO occupations numbers (density matrix diagonal)
5
0.968395723560 0.990926684895 0.037334262958 0.001672784807 0.001670543780
Transition densities done:
Trandens between roots 0 0
5 5
1.900325246583 0.005023959879 -0.009745620257 -0.000093894695 0.000050313137
0.005023959879 0.072595091980 -0.000361611331 -0.000003575866 0.000001895389
-0.009745620257 -0.000361611331 0.009132114114 0.000000515157 -0.000000276557
-0.000093894695 -0.000003575866 0.000000515157 0.008973804089 -0.000000002692
0.000050313137 0.000001895389 -0.000000276557 -0.000000002692 0.008973743234

Trandens between roots 0 1
5 5
0.055462771576 -1.331127782798 0.246907433335 0.002356069691 -0.001256744435
0.260771568792 -0.067409125193 0.012370437999 0.000113985051 -0.000060683676
-0.018248762074 0.011659803784 0.004204887848 0.000005059841 -0.000002748489
-0.000173541686 0.000110349224 0.000004804008 0.003870702688 -0.000000026182
0.000092541516 -0.000058983833 -0.000002580917 -0.000000025888 0.003870763082

Trandens between roots 1 0
5 5
0.055462771576 0.260771568792 -0.018248762074 -0.000173541686 0.000092541516
-1.331127782798 -0.067409125193 0.011659803784 0.000110349224 -0.000058983833
0.246907433335 0.012370437999 0.004204887848 0.000004804008 -0.000002580917
0.002356069691 0.000113985051 0.000005059841 0.003870702688 -0.000000025888
-0.001256744435 -0.000060683676 -0.000002748489 -0.000000026182 0.003870763082

Trandens between roots 1 1
5 5
0.968395723560 -0.276639940066 0.039084247856 0.000354628150 -0.000188645819
-0.276639940066 0.990926684895 -0.180505458640 -0.001718439842 0.000916512147
0.039084247856 -0.180505458640 0.037334262958 0.000341814030 -0.000182356870
0.000354628150 -0.001718439842 0.000341814030 0.001672784807 -0.000001740053
-0.000188645819 0.000916512147 -0.000182356870 -0.000001740053 0.001670543780

State 0 :
Natural orbital occupations
5
1.900389290956 0.072583048098 0.009080119848 0.008973799252 0.008973741846
Natural orbitals (in MO basis)
5 5
0.999982939181 0.002776792311 0.005138842582 0.000048885129 -0.000026055015
0.002749619149 -0.999982243323 0.005286702526 0.000051660012 -0.000027208401
-0.005153423043 0.005272473705 0.999972810017 -0.000129786233 0.000075055084
-0.000049648309 0.000052158975 0.000129126210 0.999998431623 0.001764905789
0.000026603840 -0.000027623393 -0.000075003321 -0.001764893356 0.999998439026

State 1 :
Natural orbital occupations
5
1.276756832943 0.715738493493 0.004165555763 0.001669611525 0.001669506275
Natural orbitals (in MO basis)
5 5
0.671238851103 0.741131069447 0.012772726917 -0.000004544154 -0.000009842573
-0.730190216243 0.658169032610 0.183400507012 0.000067282215 0.000148716525
0.127509953704 -0.132424166025 0.982887666808 0.004646199571 0.010737747719
0.001204951127 -0.001279243021 0.010165832503 0.082922800571 -0.996502572312
-0.000642394970 0.000682791208 -0.005440750134 0.996545140687 0.082869185681

