Number of strings: 5 5, CI size = 25
String addressing array alpha: 1 5
0 1 2 3 4

Alpha strings 5 1
1
2
3
4
5

Is hamiltonian hermitian? 1
Implicit Hamiltonian constructed
E(core)= 0.000000000000
H(1,1) + E(core) energy = -0.501155313700
Davidson: iter=0 dim=0 root=0 eigenvalue=-0.501155313700
Davidson: iter=1 dim=1 root=0 eigenvalue=-0.547419603345
Davidson: iter=2 dim=2 root=0 eigenvalue=-0.560464218631
Davidson: iter=3 dim=3 root=0 eigenvalue=-0.574398018284
Davidson: iter=4 dim=4 root=0 eigenvalue=-0.576425105791
Davidson: iter=5 dim=5 root=0 eigenvalue=-0.576438262852
Davidson: iter=6 dim=6 root=0 eigenvalue=-0.576438271026
Davidson: iter=7 dim=7 root=0 eigenvalue=-0.576438271058
Davidson: iter=8 dim=8 root=0 eigenvalue=-0.576438271058
Davidson: iter=8 dim=8 root=1 eigenvalue=-0.509486040488
root no. 0 converged
Davidson: iter=9 dim=9 root=0 eigenvalue=-0.576438271058
Davidson: iter=9 dim=9 root=1 eigenvalue=-0.509690125773
Davidson: iter=10 dim=10 root=0 eigenvalue=-0.576438271058
Davidson: iter=10 dim=10 root=1 eigenvalue=-0.509690253893
Davidson: iter=11 dim=11 root=0 eigenvalue=-0.576438271058
Davidson: iter=11 dim=11 root=1 eigenvalue=-0.509690253894
Davidson: iter=12 dim=12 root=0 eigenvalue=-0.576438271058
Davidson: iter=12 dim=12 root=1 eigenvalue=-0.509690253894
root no. 1 converged
Davidson converged in 12 iterations.
E(core)= 0.000000000000
E(0)= -0.576438271058
E(1)= -0.509690253894
FCI Excitation energies = 2
0.000000000000 0.066748017164

Vacuum coefficients in CI state 0 = -0.642221702273
Vacuum coefficients in CI state 1 = -0.718996569066
Eigenvector 0 in string basis
0: -0.642221702273 seniority 0 ... 1
1
 | 1
1

1: -0.362376033975 seniority 2 ... 1
1
 | 1
2

2: 0.144958940463 seniority 2 ... 1
1
 | 1
3

5: -0.362376033975 seniority 2 ... 1
2
 | 1
1

6: 0.521370533988 seniority 0 ... 1
2
 | 1
2

7: 0.070542022154 seniority 2 ... 1
2
 | 1
3

10: 0.144958940463 seniority 2 ... 1
3
 | 1
1

11: 0.070542022154 seniority 2 ... 1
3
 | 1
2

Eigenvector 1 in string basis
0: -0.718996569066 seniority 0 ... 1
1
 | 1
1

1: 0.423135001622 seniority 2 ... 1
1
 | 1
2

2: -0.130596265288 seniority 2 ... 1
1
 | 1
3

5: 0.423135001648 seniority 2 ... 1
2
 | 1
1

6: -0.238039028344 seniority 0 ... 1
2
 | 1
2

7: 0.057649942167 seniority 2 ... 1
2
 | 1
3

10: -0.130596265289 seniority 2 ... 1
3
 | 1
1

11: 0.057649942171 seniority 2 ... 1
3
 | 1
2

12: 0.124036029509 seniority 0 ... 1
3
 | 1
3

18: 0.077285719443 seniority 0 ... 1
4
 | 1
4

24: 0.075673385179 seniority 0 ... 1
5
 | 1
5

Seniority vectors for all roots (nroots/seniority)
2 2
0.685205711188 0.314794288812
0.600692453214 0.399296874386

Calculating transition densities
Root 0 MO occupations numbers (density matrix diagonal)
5
1.129733768698 0.816239637950 0.053179209576 0.000574682290 0.000272701486
Root 1 MO occupations numbers (density matrix diagonal)
5
1.426293984190 0.478326428452 0.071527885531 0.012398770817 0.011452931010
Transition densities done:
Trandens between roots 0 0
5 5
1.129733768698 0.108035974567 -0.244435450669 0.012217362562 -0.000052065834
0.108035974567 0.816239637950 -0.034950563942 0.007205481078 -0.000031348471
-0.244435450669 -0.034950563942 0.053179209576 -0.002745930627 0.000011716777
0.012217362562 0.007205481078 -0.002745930627 0.000574682290 -0.000001284084
-0.000052065834 -0.000031348471 0.000011716777 -0.000001284084 0.000272701486

Trandens between roots 0 1
5 5
0.578799280707 -0.354041998995 0.161927986217 -0.005504538100 0.000022683077
0.943892049324 -0.546750688161 0.172263292095 -0.019053736593 0.000082679582
-0.142335498316 0.086233815557 -0.035793890731 0.001426599464 -0.000005921795
0.013490031966 -0.008165662837 0.002879806641 0.001978047114 -0.000000786110
-0.000058266621 0.000035269487 -0.000012379387 -0.000000788713 0.001767251071

Trandens between roots 1 0
5 5
0.578799280707 0.943892049324 -0.142335498316 0.013490031966 -0.000058266621
-0.354041998995 -0.546750688161 0.086233815557 -0.008165662837 0.000035269487
0.161927986217 0.172263292095 -0.035793890731 0.002879806641 -0.000012379387
-0.005504538100 -0.019053736593 0.001426599464 0.001978047114 -0.000000788713
0.000022683077 0.000082679582 -0.000005921795 -0.000000786110 0.001767251071

Trandens between roots 1 1
5 5
1.426293984190 -0.825190599779 0.204180415077 -0.022038065544 0.000095572583
-0.825190599779 0.478326428452 -0.123656706660 0.011813434677 -0.000051127777
0.204180415077 -0.123656706660 0.071527885531 -0.003974591234 0.000016995487
-0.022038065544 0.011813434677 -0.003974591234 0.012398770817 -0.000003132500
0.000095572583 -0.000051127777 0.000016995487 -0.000003132500 0.011452931010

State 0 :
Natural orbital occupations
5
1.214842866688 0.784367254667 0.000398036130 0.000272696025 0.000119146490
Natural orbitals (in MO basis)
5 5
0.939652607907 0.269778224622 -0.021078041062 0.000008972280 0.209352339558
0.272947714106 -0.961897467076 -0.008216643537 0.000001787691 0.013612309252
-0.205959592243 -0.044191358748 -0.051111671254 0.000039409480 0.976225058930
0.011539746473 -0.004482830484 0.998427860986 0.004204792295 0.054505638341
-0.000049324685 0.000019890155 -0.004196000782 0.999991159003 -0.000269562495

State 1 :
Natural orbital occupations
5
1.934847050133 0.041509787271 0.012119352798 0.011452920260 0.000070889538
Natural orbitals (in MO basis)
5 5
-0.858226236775 -0.166523461287 0.029112601649 0.000046051370 0.484634003818
0.497121524321 -0.035083400642 0.072693967694 0.000114087396 0.863918352103
-0.127062338126 0.985152168314 -0.015436677443 -0.000012132157 0.114420611511
0.013155818036 -0.022677942590 -0.996805598667 0.002908901026 0.075384163674
-0.000057003561 0.000089591498 0.002889799657 0.999995761497 -0.000338778593

