Number of strings: 5 5, CI size = 25
String addressing array alpha: 1 5
0 1 2 3 4

Alpha strings 5 1
1
2
3
4
5

Is hamiltonian hermitian? 1
Implicit Hamiltonian constructed
E(core)= 0.000000000000
H(1,1) + E(core) energy = -0.613182928900
Davidson: iter=0 dim=0 root=0 eigenvalue=-0.613182928900
Davidson: iter=1 dim=1 root=0 eigenvalue=-0.655414078600
Davidson: iter=2 dim=2 root=0 eigenvalue=-0.656275383049
Davidson: iter=3 dim=3 root=0 eigenvalue=-0.656356659329
Davidson: iter=4 dim=4 root=0 eigenvalue=-0.656358635407
Davidson: iter=5 dim=5 root=0 eigenvalue=-0.656358642201
Davidson: iter=6 dim=6 root=0 eigenvalue=-0.656358642216
Davidson: iter=7 dim=7 root=0 eigenvalue=-0.656358642216
Davidson: iter=7 dim=7 root=1 eigenvalue=-0.426151439255
root no. 0 converged
Davidson: iter=8 dim=8 root=0 eigenvalue=-0.656358642216
Davidson: iter=8 dim=8 root=1 eigenvalue=-0.426151449699
Davidson: iter=9 dim=9 root=0 eigenvalue=-0.656358642216
Davidson: iter=9 dim=9 root=1 eigenvalue=-0.426151449738
Davidson: iter=10 dim=10 root=0 eigenvalue=-0.656358642216
Davidson: iter=10 dim=10 root=1 eigenvalue=-0.426151449738
root no. 1 converged
Davidson converged in 10 iterations.
E(core)= 0.000000000000
E(0)= -0.656358642216
E(1)= -0.426151449738
FCI Excitation energies = 2
0.000000000000 0.230207192478

Vacuum coefficients in CI state 0 = -0.952281538294
Vacuum coefficients in CI state 1 = -0.163663590788
Eigenvector 0 in string basis
0: -0.952281538294 seniority 0 ... 1
1
 | 1
1

6: 0.283290274733 seniority 0 ... 1
2
 | 1
2

12: 0.058771200062 seniority 0 ... 1
3
 | 1
3

18: 0.057499127947 seniority 0 ... 1
4
 | 1
4

24: 0.057501419622 seniority 0 ... 1
5
 | 1
5

Eigenvector 1 in string basis
0: -0.163663590788 seniority 0 ... 1
1
 | 1
1

1: 0.613577327005 seniority 2 ... 1
1
 | 1
2

2: -0.111638601918 seniority 2 ... 1
1
 | 1
3

5: 0.613577327005 seniority 2 ... 1
2
 | 1
1

6: -0.424025500742 seniority 0 ... 1
2
 | 1
2

10: -0.111638601918 seniority 2 ... 1
3
 | 1
1

12: 0.066144567099 seniority 0 ... 1
3
 | 1
3

18: 0.058308033909 seniority 0 ... 1
4
 | 1
4

24: 0.058305863359 seniority 0 ... 1
5
 | 1
5

Seniority vectors for all roots (nroots/seniority)
2 2
0.997160124865 0.002839875135
0.217757859806 0.782242099494

Calculating transition densities
Root 0 MO occupations numbers (density matrix diagonal)
5
1.816515887225 0.163054363784 0.007204609339 0.006612311533 0.006612828118
Root 1 MO occupations numbers (density matrix diagonal)
5
0.831453305451 1.116909851520 0.038036700827 0.006800829478 0.006799312725
Transition densities done:
Trandens between roots 0 0
5 5
1.816515887225 0.047748510291 -0.021706061364 -0.000138823238 0.000050542182
0.047748510291 0.163054363784 0.000134417545 0.000000914179 -0.000000163120
-0.021706061364 0.000134417545 0.007204609339 0.000002151580 -0.000000608184
-0.000138823238 0.000000914179 0.000002151580 0.006612311533 -0.000000023150
0.000050542182 -0.000000163120 -0.000000608184 -0.000000023150 0.006612828118

Trandens between roots 0 1
5 5
0.265247351778 -1.137225803023 0.210891856586 0.001334418822 -0.000497629078
0.358988402974 -0.283869662076 0.034609223152 0.000217731475 -0.000083344180
-0.015291502696 0.019087119754 0.005211765776 -0.000009328666 0.000003741386
-0.000095173593 0.000120584148 -0.000009599726 0.006705218802 0.000000034251
0.000035527495 -0.000044780296 0.000003734843 0.000000033604 0.006705325720

Trandens between roots 1 0
5 5
0.265247351778 0.358988402974 -0.015291502696 -0.000095173593 0.000035527495
-1.137225803023 -0.283869662076 0.019087119754 0.000120584148 -0.000044780296
0.210891856586 0.034609223152 0.005211765776 -0.000009599726 0.000003734843
0.001334418822 0.000217731475 -0.000009328666 0.006705218802 0.000000033604
-0.000497629078 -0.000083344180 0.000003741386 0.000000034251 0.006705325720

Trandens between roots 1 1
5 5
0.831453305451 -0.731610951734 0.079070971831 0.000495712212 -0.000189960588
-0.731610951734 1.116909851520 -0.170417551909 -0.001075631329 0.000404327581
0.079070971831 -0.170417551909 0.038036700827 0.000199363265 -0.000074369090
0.000495712212 -0.001075631329 0.000199363265 0.006800829478 -0.000000430243
-0.000189960588 0.000404327581 -0.000074369090 -0.000000430243 0.006799312725

State 0 :
Natural orbital occupations
5
1.818153488316 0.161680371043 0.006941013859 0.006612827394 0.006612299388
Natural orbitals (in MO basis)
5 5
-0.999512432860 0.028777182347 0.012114697380 -0.000030535341 -0.000059243176
-0.028834296899 -0.999573774797 -0.004566337145 0.000010542973 0.000022666526
0.011978031406 -0.004913389678 0.999915185192 0.000037172376 0.001416476760
0.000076594983 -0.000031723510 0.001415935672 -0.036455546664 -0.999334269086
-0.000027887932 0.000010450292 0.000014877445 0.999335274416 -0.036455564728

State 1 :
Natural orbital occupations
5
1.739035237745 0.238817015984 0.008549055431 0.006799560049 0.006799130792
Natural orbitals (in MO basis)
5 5
-0.629631568027 -0.770990611311 0.095590569166 0.000084752653 0.000041438734
0.769577157640 -0.602115600667 0.212621147196 0.000206496113 0.000083649139
-0.106369984293 0.207432632846 0.972417872995 0.007008667089 0.003389415535
-0.000670292501 0.001322406003 0.007178109162 -0.994440954904 -0.105040296598
0.000253243438 -0.000484537421 -0.002577960524 -0.105061962537 0.994462185927

