Number of strings: 5 5, CI size = 25
String addressing array alpha: 1 5
0 1 2 3 4

Alpha strings 5 1
1
2
3
4
5

Is hamiltonian hermitian? 1
Implicit Hamiltonian constructed
E(core)= 0.000000000000
H(1,1) + E(core) energy = -0.577269372300
Davidson: iter=0 dim=0 root=0 eigenvalue=-0.577269372300
Davidson: iter=1 dim=1 root=0 eigenvalue=-0.620823390899
Davidson: iter=2 dim=2 root=0 eigenvalue=-0.622878276244
Davidson: iter=3 dim=3 root=0 eigenvalue=-0.623211402423
Davidson: iter=4 dim=4 root=0 eigenvalue=-0.623222817362
Davidson: iter=5 dim=5 root=0 eigenvalue=-0.623222856359
Davidson: iter=6 dim=6 root=0 eigenvalue=-0.623222856494
Davidson: iter=7 dim=7 root=0 eigenvalue=-0.623222856494
Davidson: iter=7 dim=7 root=1 eigenvalue=-0.449521440174
root no. 0 converged
Davidson: iter=8 dim=8 root=0 eigenvalue=-0.623222856494
Davidson: iter=8 dim=8 root=1 eigenvalue=-0.449521444070
Davidson: iter=9 dim=9 root=0 eigenvalue=-0.623222856494
Davidson: iter=9 dim=9 root=1 eigenvalue=-0.449521444096
Davidson: iter=10 dim=10 root=0 eigenvalue=-0.623222856494
Davidson: iter=10 dim=10 root=1 eigenvalue=-0.449521444096
root no. 1 converged
Davidson converged in 10 iterations.
E(core)= 0.000000000000
E(0)= -0.623222856494
E(1)= -0.449521444096
FCI Excitation energies = 2
0.000000000000 0.173701412399

Vacuum coefficients in CI state 0 = -0.934973370216
Vacuum coefficients in CI state 1 = -0.241364652242
Eigenvector 0 in string basis
0: -0.934973370216 seniority 0 ... 1
1
 | 1
1

1: -0.068979667837 seniority 2 ... 1
1
 | 1
2

5: -0.068979667837 seniority 2 ... 1
2
 | 1
1

6: 0.327473250238 seniority 0 ... 1
2
 | 1
2

12: 0.052482193791 seniority 0 ... 1
3
 | 1
3

18: 0.052199031298 seniority 0 ... 1
4
 | 1
4

24: 0.052201463154 seniority 0 ... 1
5
 | 1
5

Eigenvector 1 in string basis
0: -0.241364652242 seniority 0 ... 1
1
 | 1
1

1: 0.584172978417 seniority 2 ... 1
1
 | 1
2

2: -0.114837661619 seniority 2 ... 1
1
 | 1
3

5: 0.584172978417 seniority 2 ... 1
2
 | 1
1

6: -0.462951620873 seniority 0 ... 1
2
 | 1
2

10: -0.114837661619 seniority 2 ... 1
3
 | 1
1

12: 0.074266787015 seniority 0 ... 1
3
 | 1
3

18: 0.064238752419 seniority 0 ... 1
4
 | 1
4

24: 0.064237293912 seniority 0 ... 1
5
 | 1
5

Seniority vectors for all roots (nroots/seniority)
2 2
0.989618044924 0.010381955076
0.286349648116 0.713650298484

Calculating transition densities
Root 0 MO occupations numbers (density matrix diagonal)
5
1.758672628607 0.224053580409 0.006374273974 0.005449524484 0.005449992527
Root 1 MO occupations numbers (density matrix diagonal)
5
0.825406879517 1.115921741075 0.042163391378 0.008254894800 0.008253093231
Transition densities done:
Trandens between roots 0 0
5 5
1.758672628607 0.084029707719 -0.036180949381 -0.000265173779 0.000102795005
0.084029707719 0.224053580409 0.001383622895 0.000010084535 -0.000004541011
-0.036180949381 0.001383622895 0.006374273974 0.000003093709 -0.000002212989
-0.000265173779 0.000010084535 0.000003093709 0.005449524484 -0.000000012551
0.000102795005 -0.000004541011 -0.000002212989 -0.000000012551 0.005449992527

Trandens between roots 0 1
5 5
0.366136567656 -1.026545924187 0.210993545744 0.001520801162 -0.000582309313
0.414645346476 -0.383267596309 0.048595928295 0.000363322846 -0.000128026161
-0.015358475929 0.023510382062 0.003718313516 -0.000023713564 0.000007869160
-0.000106904281 0.000171448784 -0.000024615166 0.006706185639 0.000000065945
0.000041102768 -0.000064321177 0.000008074210 0.000000064644 0.006706529498

Trandens between roots 1 0
5 5
0.366136567656 0.414645346476 -0.015358475929 -0.000106904281 0.000041102768
-1.026545924187 -0.383267596309 0.023510382062 0.000171448784 -0.000064321177
0.210993545744 0.048595928295 0.003718313516 -0.000024615166 0.000008074210
0.001520801162 0.000363322846 -0.000023713564 0.006706185639 0.000000064644
-0.000582309313 -0.000128026161 0.000007869160 0.000000065945 0.006706529498

Trandens between roots 1 1
5 5
0.825406879517 -0.834086870492 0.095357537827 0.000710782925 -0.000250262381
-0.834086870492 1.115921741075 -0.172081835423 -0.001257519151 0.000465625447
0.095357537827 -0.172081835423 0.042163391378 0.000246388729 -0.000094286772
0.000710782925 -0.001257519151 0.000246388729 0.008254894800 -0.000000673788
-0.000250262381 0.000465625447 -0.000094286772 -0.000000673788 0.008253093231

State 0 :
Natural orbital occupations
5
1.763999579865 0.219518725856 0.005582281516 0.005449986110 0.005449426653
Natural orbitals (in MO basis)
5 5
0.998305559502 -0.054139547999 0.021320530114 -0.000062910817 -0.000591817696
0.054455771918 0.998410389239 -0.014529253245 0.000045599463 0.000402847633
-0.020507384102 0.015671269637 0.999458897396 -0.000166276732 -0.020389783558
-0.000150259437 0.000114324602 -0.020399187407 0.008832260000 -0.999752883811
0.000058240567 -0.000047338765 0.000348375098 0.999960977988 0.008826975904

State 1 :
Natural orbital occupations
5
1.838073636894 0.136288951781 0.009131479323 0.008253102886 0.008252829117
Natural orbitals (in MO basis)
5 5
-0.638099208387 -0.750303220563 0.172842045836 0.000269890279 0.000178377085
0.762490698986 -0.584605553420 0.277207578544 0.000370109841 0.000319823554
-0.106942198045 0.308667987505 0.945093375514 0.008254842971 0.004220058621
-0.000786278002 0.002170538674 0.008124967068 -0.998988058395 -0.044175950741
0.000286810128 -0.000886777531 -0.003752606997 -0.044209805818 0.999014785864

