Number of strings: 5 5, CI size = 25
String addressing array alpha: 1 5
0 1 2 3 4

Alpha strings 5 1
1
2
3
4
5

Is hamiltonian hermitian? 1
Implicit Hamiltonian constructed
E(core)= 0.000000000000
H(1,1) + E(core) energy = -0.801055964300
Davidson: iter=0 dim=0 root=0 eigenvalue=-0.801055964300
Davidson: iter=1 dim=1 root=0 eigenvalue=-0.835275884800
Davidson: iter=2 dim=2 root=0 eigenvalue=-0.835304785424
Davidson: iter=3 dim=3 root=0 eigenvalue=-0.835305206619
Davidson: iter=4 dim=4 root=0 eigenvalue=-0.835305209239
Davidson: iter=5 dim=5 root=0 eigenvalue=-0.835305209249
Davidson: iter=6 dim=6 root=0 eigenvalue=-0.835305209249
Davidson: iter=6 dim=6 root=1 eigenvalue=-0.353692120055
root no. 0 converged
Davidson: iter=7 dim=7 root=0 eigenvalue=-0.835305209249
Davidson: iter=7 dim=7 root=1 eigenvalue=-0.355483455109
Davidson: iter=8 dim=8 root=0 eigenvalue=-0.835305209249
Davidson: iter=8 dim=8 root=1 eigenvalue=-0.355484981239
Davidson: iter=9 dim=9 root=0 eigenvalue=-0.835305209249
Davidson: iter=9 dim=9 root=1 eigenvalue=-0.355485012888
Davidson: iter=10 dim=10 root=0 eigenvalue=-0.835305209249
Davidson: iter=10 dim=10 root=1 eigenvalue=-0.355485012891
Davidson: iter=11 dim=11 root=0 eigenvalue=-0.835305209249
Davidson: iter=11 dim=11 root=1 eigenvalue=-0.355485012891
root no. 1 converged
Davidson converged in 11 iterations.
E(core)= 0.000000000000
E(0)= -0.835305209249
E(1)= -0.355485012891
FCI Excitation energies = 2
0.000000000000 0.479820196358

Vacuum coefficients in CI state 0 = -0.981709310067
Vacuum coefficients in CI state 1 = -0.000528435577
Eigenvector 0 in string basis
0: -0.981709310067 seniority 0 ... 1
1
 | 1
1

6: 0.145496630354 seniority 0 ... 1
2
 | 1
2

12: 0.069736410172 seniority 0 ... 1
3
 | 1
3

18: 0.071388209704 seniority 0 ... 1
4
 | 1
4

24: 0.071389291256 seniority 0 ... 1
5
 | 1
5

Eigenvector 1 in string basis
1: 0.700710646810 seniority 2 ... 1
1
 | 1
2

2: 0.088887814154 seniority 2 ... 1
1
 | 1
3

5: 0.700710646809 seniority 2 ... 1
2
 | 1
1

10: 0.088887814153 seniority 2 ... 1
3
 | 1
1

Seniority vectors for all roots (nroots/seniority)
2 2
0.999978313211 0.000021686789
0.002153923537 0.997848508363

Calculating transition densities
Root 0 MO occupations numbers (density matrix diagonal)
5
1.927528018514 0.042342186367 0.009744363526 0.010192565952 0.010192865642
Root 1 MO occupations numbers (density matrix diagonal)
5
0.997805845711 0.984435157775 0.017475354683 0.000145552324 0.000138089506
Transition densities done:
Trandens between roots 0 0
5 5
1.927528018514 -0.002257200251 0.005475149969 -0.000129752225 0.000070475008
-0.002257200251 0.042342186367 -0.000026155212 0.000000475270 -0.000000241832
0.005475149969 -0.000026155212 0.009744363526 0.000010243037 -0.000005562369
-0.000129752225 0.000000475270 0.000010243037 0.010192565952 0.000000135876
0.000070475008 -0.000000241832 -0.000005562369 0.000000135876 0.010192865642

Trandens between roots 0 1
5 5
0.002395126142 -1.375854161288 -0.174707934943 0.004299300520 -0.002329336671
0.203893190778 -0.008191896210 -0.001105004320 0.000027761778 -0.000014859838
0.012341624808 -0.004847466688 0.003448476764 -0.000054115497 0.000029415637
-0.000304745511 0.000115800926 -0.000054668395 0.001174772870 -0.000000733170
0.000165153289 -0.000062788936 0.000029698264 -0.000000732750 0.001173520433

Trandens between roots 1 0
5 5
0.002395126142 0.203893190778 0.012341624808 -0.000304745511 0.000165153289
-1.375854161288 -0.008191896210 -0.004847466688 0.000115800926 -0.000062788936
-0.174707934943 -0.001105004320 0.003448476764 -0.000054668395 0.000029698264
0.004299300520 0.000027761778 -0.000054115497 0.001174772870 -0.000000732750
-0.002329336671 -0.000014859838 0.000029415637 -0.000000733170 0.001173520433

Trandens between roots 1 1
5 5
0.997805845711 -0.050125566036 -0.001481703070 0.000041682391 -0.000021594132
-0.050125566036 0.984435157775 0.124625460385 -0.003067164552 0.001661730592
-0.001481703070 0.124625460385 0.017475354683 -0.000425736610 0.000230705560
0.000041682391 -0.003067164552 -0.000425736610 0.000145552324 -0.000005670741
-0.000021594132 0.001661730592 0.000230705560 -0.000005670741 0.000138089506

State 0 :
Natural orbital occupations
5
1.927546363713 0.042339495528 0.010192935194 0.010192799333 0.009728406233
Natural orbitals (in MO basis)
5 5
-0.999995204933 -0.001199079245 -0.000001145872 -0.000002447697 -0.002855225508
0.001197357913 -0.999999100440 -0.000002404145 -0.000004153848 0.000604508279
-0.002854911057 0.000601007625 -0.010894107895 -0.023623961508 0.999657298842
0.000067657270 -0.000009753004 0.065367813816 -0.997599287532 -0.022862759230
-0.000036748086 0.000004789987 0.997801767549 0.065096619995 0.012412146024

State 1 :
Natural orbital occupations
5
1.048968117287 0.949112745962 0.001649017780 0.000135099533 0.000135019438
Natural orbitals (in MO basis)
5 5
0.698470587837 0.715622201244 0.004868573529 0.000002075469 -0.000000102619
-0.710347546533 0.692464513230 0.126092238516 -0.000085143495 0.000034481208
-0.086829009255 0.091494403311 -0.991638380791 -0.024886783036 0.011111574491
0.002140342584 -0.002247741761 0.023749918507 -0.996699866997 -0.077560834763
-0.001158942016 0.001218533320 -0.012896026199 0.077265878005 -0.996925698653

