Number of strings: 5 5, CI size = 25
String addressing array alpha: 1 5
0 1 2 3 4

Alpha strings 5 1
1
2
3
4
5

Is hamiltonian hermitian? 1
Implicit Hamiltonian constructed
E(core)= 0.000000000000
H(1,1) + E(core) energy = -0.501155313600
Davidson: iter=0 dim=0 root=0 eigenvalue=-0.501155313600
Davidson: iter=1 dim=1 root=0 eigenvalue=-0.547419394990
Davidson: iter=2 dim=2 root=0 eigenvalue=-0.560464676069
Davidson: iter=3 dim=3 root=0 eigenvalue=-0.574400990033
Davidson: iter=4 dim=4 root=0 eigenvalue=-0.576427863954
Davidson: iter=5 dim=5 root=0 eigenvalue=-0.576441022917
Davidson: iter=6 dim=6 root=0 eigenvalue=-0.576441031110
Davidson: iter=7 dim=7 root=0 eigenvalue=-0.576441031142
Davidson: iter=8 dim=8 root=0 eigenvalue=-0.576441031142
Davidson: iter=8 dim=8 root=1 eigenvalue=-0.509490842880
root no. 0 converged
Davidson: iter=9 dim=9 root=0 eigenvalue=-0.576441031142
Davidson: iter=9 dim=9 root=1 eigenvalue=-0.509695002682
Davidson: iter=10 dim=10 root=0 eigenvalue=-0.576441031142
Davidson: iter=10 dim=10 root=1 eigenvalue=-0.509695129349
Davidson: iter=11 dim=11 root=0 eigenvalue=-0.576441031142
Davidson: iter=11 dim=11 root=1 eigenvalue=-0.509695129349
root no. 1 converged
Davidson converged in 11 iterations.
E(core)= 0.000000000000
E(0)= -0.576441031142
E(1)= -0.509695129349
FCI Excitation energies = 2
0.000000000000 0.066745901792

Vacuum coefficients in CI state 0 = -0.642183207029
Vacuum coefficients in CI state 1 = 0.719030220278
Eigenvector 0 in string basis
0: -0.642183207029 seniority 0 ... 1
1
 | 1
1

1: -0.362409628058 seniority 2 ... 1
1
 | 1
2

2: 0.144956201227 seniority 2 ... 1
1
 | 1
3

5: -0.362409628058 seniority 2 ... 1
2
 | 1
1

6: 0.521365165838 seniority 0 ... 1
2
 | 1
2

7: 0.070575320278 seniority 2 ... 1
2
 | 1
3

10: 0.144956201227 seniority 2 ... 1
3
 | 1
1

11: 0.070575320278 seniority 2 ... 1
3
 | 1
2

Eigenvector 1 in string basis
0: 0.719030220278 seniority 0 ... 1
1
 | 1
1

1: -0.423119958260 seniority 2 ... 1
1
 | 1
2

2: 0.130577770923 seniority 2 ... 1
1
 | 1
3

5: -0.423119958257 seniority 2 ... 1
2
 | 1
1

6: 0.238012389162 seniority 0 ... 1
2
 | 1
2

7: -0.057638210652 seniority 2 ... 1
2
 | 1
3

10: 0.130577770923 seniority 2 ... 1
3
 | 1
1

11: -0.057638210652 seniority 2 ... 1
3
 | 1
2

12: -0.124049897888 seniority 0 ... 1
3
 | 1
3

18: -0.077290226716 seniority 0 ... 1
4
 | 1
4

24: -0.075672416746 seniority 0 ... 1
5
 | 1
5

Seniority vectors for all roots (nroots/seniority)
2 2
0.685150812074 0.314849187926
0.600737045035 0.399257173965

Calculating transition densities
Root 0 MO occupations numbers (density matrix diagonal)
5
1.129680446481 0.816286551743 0.053187251309 0.000573160560 0.000272589906
Root 1 MO occupations numbers (density matrix diagonal)
5
1.426354371506 0.478272312380 0.071522387862 0.012398296406 0.011452631845
Transition densities done:
Trandens between roots 0 0
5 5
1.129680446481 0.108028915866 -0.244450075149 -0.012144462764 0.000028808313
0.108028915866 0.816286551743 -0.034926353640 -0.007200293176 0.000016891844
-0.244450075149 -0.034926353640 0.053187251309 0.002730387118 -0.000006474890
-0.012144462764 -0.007200293176 0.002730387118 0.000573160560 -0.000000698998
0.000028808313 0.000016891844 -0.000006474890 -0.000000698998 0.000272589906

Trandens between roots 0 1
5 5
-0.578777108538 0.353998321033 -0.161901927973 -0.005460333671 0.000012462329
-0.943938878570 0.546736243376 -0.172256015499 -0.019011978043 0.000045011714
0.142315670640 -0.086215563956 0.035787051643 0.001415659840 -0.000003251597
0.013453984944 -0.008143034173 0.002868930807 -0.001979309181 0.000000422544
-0.000031710144 0.000019200120 -0.000006769461 0.000000428928 -0.001766877299

Trandens between roots 1 0
5 5
-0.578777108538 -0.943938878570 0.142315670640 0.013453984944 -0.000031710144
0.353998321033 0.546736243376 -0.086215563956 -0.008143034173 0.000019200120
-0.161901927973 -0.172256015499 0.035787051643 0.002868930807 -0.000006769461
-0.005460333671 -0.019011978043 0.001415659840 -0.001979309181 0.000000428928
0.000012462329 0.000045011714 -0.000003251597 0.000000422544 -0.001766877299

Trandens between roots 1 1
5 5
1.426354371506 -0.825161532130 0.204152132404 0.021987791889 -0.000052013546
-0.825161532130 0.478272312380 -0.123630030037 -0.011781529904 0.000027836573
0.204152132404 -0.123630030037 0.071522387862 0.003959697860 -0.000009254127
0.021987791889 -0.011781529904 0.003959697860 0.012398296406 -0.000001698725
-0.000052013546 0.000027836573 -0.000009254127 -0.000001698725 0.011452631845

State 0 :
Natural orbital occupations
5
1.214797255292 0.784413005205 0.000398067106 0.000272588279 0.000119084117
Natural orbitals (in MO basis)
5 5
-0.939641250621 -0.269800788186 -0.021101088065 0.000004055286 0.209371915242
-0.272978838531 0.961889077655 -0.008222323164 0.000000712276 0.013577533056
0.205973497228 0.044234292284 -0.051511871022 0.000014122485 0.976199146061
0.011480049944 -0.004501584126 -0.998412999971 -0.002272925822 -0.054902272190
-0.000027189464 0.000010447503 0.002268505646 -0.999997416793 0.000139434244

State 1 :
Natural orbital occupations
5
1.934842122696 0.041513498341 0.012120891081 0.011452628676 0.000070859207
Natural orbitals (in MO basis)
5 5
-0.858245624026 -0.166489149487 -0.029124592901 -0.000024942150 0.484610740089
0.497094017638 -0.035077046930 -0.072717629514 -0.000062077932 0.863932451591
-0.127042281720 0.985163537718 0.015199052241 0.000007463209 0.114376795555
-0.013124182337 0.022444719553 -0.996810140284 0.001571609476 -0.075439145488
0.000031026348 -0.000048956984 0.001561244170 0.999998762755 0.000183425859

