Number of strings: 5 5, CI size = 25
String addressing array alpha: 1 5
0 1 2 3 4

Alpha strings 5 1
1
2
3
4
5

Is hamiltonian hermitian? 1
Implicit Hamiltonian constructed
E(core)= 0.000000000000
H(1,1) + E(core) energy = -0.895960905600
Davidson: iter=0 dim=0 root=0 eigenvalue=-0.895960905600
Davidson: iter=1 dim=1 root=0 eigenvalue=-0.929341144135
Davidson: iter=2 dim=2 root=0 eigenvalue=-0.929361627952
Davidson: iter=3 dim=3 root=0 eigenvalue=-0.929361770374
Davidson: iter=4 dim=4 root=0 eigenvalue=-0.929361771122
Davidson: iter=5 dim=5 root=0 eigenvalue=-0.929361771125
Davidson: iter=6 dim=6 root=0 eigenvalue=-0.929361771125
Davidson: iter=6 dim=6 root=1 eigenvalue=-0.346910882923
root no. 0 converged
Davidson: iter=7 dim=7 root=0 eigenvalue=-0.929361771125
Davidson: iter=7 dim=7 root=1 eigenvalue=-0.346912892260
Davidson: iter=8 dim=8 root=0 eigenvalue=-0.929361771125
Davidson: iter=8 dim=8 root=1 eigenvalue=-0.346918318495
Davidson: iter=9 dim=9 root=0 eigenvalue=-0.929361771125
Davidson: iter=9 dim=9 root=1 eigenvalue=-0.346918361075
Davidson: iter=10 dim=10 root=0 eigenvalue=-0.929361771125
Davidson: iter=10 dim=10 root=1 eigenvalue=-0.346918361075
root no. 1 converged
Davidson converged in 10 iterations.
E(core)= 0.000000000000
E(0)= -0.929361771125
E(1)= -0.346918361075
FCI Excitation energies = 2
0.000000000000 0.582443410050

Vacuum coefficients in CI state 0 = -0.985337701699
Vacuum coefficients in CI state 1 = 0.001035886086
Eigenvector 0 in string basis
0: -0.985337701699 seniority 0 ... 1
1
 | 1
1

6: 0.116238128171 seniority 0 ... 1
2
 | 1
2

12: 0.075600252608 seniority 0 ... 1
3
 | 1
3

18: 0.075600332104 seniority 0 ... 1
4
 | 1
4

24: 0.064490541632 seniority 0 ... 1
5
 | 1
5

Eigenvector 1 in string basis
1: -0.703927993672 seniority 2 ... 1
1
 | 1
2

4: -0.052990928775 seniority 2 ... 1
1
 | 1
5

5: -0.703927993682 seniority 2 ... 1
2
 | 1
1

20: -0.052990928775 seniority 2 ... 1
5
 | 1
1

Seniority vectors for all roots (nroots/seniority)
2 2
0.999991527198 0.000008472802
0.002697274256 0.997298352444

Calculating transition densities
Root 0 MO occupations numbers (density matrix diagonal)
5
1.941787778423 0.027026844324 0.011430796400 0.011430820440 0.008323760413
Root 1 MO occupations numbers (density matrix diagonal)
5
0.996647465995 0.993844818368 0.000020449864 0.000020445837 0.009466819936
Transition densities done:
Trandens between roots 0 0
5 5
1.941787778423 0.002043977565 -0.000000771326 -0.000000731829 0.002677422854
0.002043977565 0.027026844324 -0.000000071558 -0.000000059187 0.000313008596
-0.000000771326 -0.000000071558 0.011430796400 -0.000000000044 0.000000653952
-0.000000731829 -0.000000059187 -0.000000000044 0.011430820440 0.000000665982
0.002677422854 0.000313008596 0.000000653952 0.000000665982 0.008323760413

Trandens between roots 0 1
5 5
-0.000229664548 1.387343590432 -0.000049484308 -0.000043716903 0.104354120246
-0.163739755797 -0.006017862725 0.000001391892 0.000001312209 -0.004007517095
0.000003824146 0.000000289944 0.000483468054 0.000000003661 -0.000001082954
0.000003332229 0.000000260678 0.000000003662 0.000483424304 -0.000001090838
-0.008043648908 -0.000338725732 -0.000001098712 -0.000001101180 0.005280634915

Trandens between roots 1 0
5 5
-0.000229664548 -0.163739755797 0.000003824146 0.000003332229 -0.008043648908
1.387343590432 -0.006017862725 0.000000289944 0.000000260678 -0.000338725732
-0.000049484308 0.000001391892 0.000483468054 0.000000003662 -0.000001098712
-0.000043716903 0.000001312209 0.000000003661 0.000483424304 -0.000001101180
0.104354120246 -0.004007517095 -0.000001082954 -0.000001090838 0.005280634915

Trandens between roots 1 1
5 5
0.996647465995 0.046750811474 -0.000007802845 -0.000007294248 0.021092070541
0.046750811474 0.993844818368 -0.000035439841 -0.000031295194 0.074346898077
-0.000007802845 -0.000035439841 0.000020449864 0.000000001635 -0.000003593815
-0.000007294248 -0.000031295194 0.000000001635 0.000020445837 -0.000003277334
0.021092070541 0.074346898077 -0.000003593815 -0.000003277334 0.009466819936

State 0 :
Natural orbital occupations
5
1.941793668888 0.027029803743 0.011430820583 0.011430796537 0.008314910248
Natural orbitals (in MO basis)
5 5
-0.999998470962 -0.001090515293 0.000000082769 0.000000106772 -0.001367059004
-0.001067705955 0.999862036777 -0.000000516612 0.000000349542 -0.016576109799
0.000000399146 -0.000003837946 0.004011025891 0.999991933627 -0.000210566630
0.000000378669 -0.000003034968 0.999991932646 -0.004011071033 -0.000214342410
-0.001384946799 0.016574624126 0.000215206598 0.000209740151 0.999861627153

State 1 :
Natural orbital occupations
5
1.046400446653 0.949985583256 0.003573077100 0.000020448390 0.000020444601
Natural orbitals (in MO basis)
5 5
-0.697884338778 -0.715991911144 -0.017692734589 -0.000002166594 0.000001568051
-0.713224413742 0.697016030420 -0.074024242356 -0.000019118270 0.000012539374
0.000029584699 -0.000020269872 -0.000231358550 -0.997068632608 -0.076512005961
0.000026400692 -0.000017599152 -0.000231425751 -0.076511951451 0.997068636916
-0.065332868898 0.039041462476 0.997099429145 -0.000250567526 0.000214624145

