Number of strings: 5 5, CI size = 25
String addressing array alpha: 1 5
0 1 2 3 4

Alpha strings 5 1
1
2
3
4
5

Is hamiltonian hermitian? 1
Implicit Hamiltonian constructed
E(core)= 0.000000000000
H(1,1) + E(core) energy = -0.856977002600
Davidson: iter=0 dim=0 root=0 eigenvalue=-0.856977002600
Davidson: iter=1 dim=1 root=0 eigenvalue=-0.890383759412
Davidson: iter=2 dim=2 root=0 eigenvalue=-0.890399120831
Davidson: iter=3 dim=3 root=0 eigenvalue=-0.890399267311
Davidson: iter=4 dim=4 root=0 eigenvalue=-0.890399268232
Davidson: iter=5 dim=5 root=0 eigenvalue=-0.890399268233
Davidson: iter=6 dim=6 root=0 eigenvalue=-0.890399268233
Davidson: iter=6 dim=6 root=1 eigenvalue=-0.340429142489
root no. 0 converged
Davidson: iter=7 dim=7 root=0 eigenvalue=-0.890399268233
Davidson: iter=7 dim=7 root=1 eigenvalue=-0.340889278369
Davidson: iter=8 dim=8 root=0 eigenvalue=-0.890399268233
Davidson: iter=8 dim=8 root=1 eigenvalue=-0.341429038456
Davidson: iter=9 dim=9 root=0 eigenvalue=-0.890399268233
Davidson: iter=9 dim=9 root=1 eigenvalue=-0.341446823338
Davidson: iter=10 dim=10 root=0 eigenvalue=-0.890399268233
Davidson: iter=10 dim=10 root=1 eigenvalue=-0.341446825719
Davidson: iter=11 dim=11 root=0 eigenvalue=-0.890399268233
Davidson: iter=11 dim=11 root=1 eigenvalue=-0.341446830800
Davidson: iter=12 dim=12 root=0 eigenvalue=-0.890399268233
Davidson: iter=12 dim=12 root=1 eigenvalue=-0.341446830800
root no. 1 converged
Davidson converged in 12 iterations.
E(core)= 0.000000000000
E(0)= -0.890399268233
E(1)= -0.341446830800
FCI Excitation energies = 2
0.000000000000 0.548952437433

Vacuum coefficients in CI state 0 = -0.984316532740
Vacuum coefficients in CI state 1 = 0.003135504046
Eigenvector 0 in string basis
0: -0.984316532740 seniority 0 ... 1
1
 | 1
1

6: 0.124557330876 seniority 0 ... 1
2
 | 1
2

12: 0.073902008332 seniority 0 ... 1
3
 | 1
3

18: 0.073897680141 seniority 0 ... 1
4
 | 1
4

24: 0.068341919636 seniority 0 ... 1
5
 | 1
5

Eigenvector 1 in string basis
1: -0.706407721348 seniority 2 ... 1
1
 | 1
2

5: -0.706407720992 seniority 2 ... 1
2
 | 1
1

Seniority vectors for all roots (nroots/seniority)
2 2
0.999986557246 0.000013442754
0.001010806576 0.998796672824

Calculating transition densities
Root 0 MO occupations numbers (density matrix diagonal)
5
1.937770336375 0.031035520599 0.010923013777 0.010921747580 0.009349381668
Root 1 MO occupations numbers (density matrix diagonal)
5
0.998224658566 0.998975859382 0.000007305278 0.000007969504 0.002784207270
Transition densities done:
Trandens between roots 0 0
5 5
1.937770336375 0.002794993247 0.000004935555 -0.000054691557 0.003416531540
0.002794993247 0.031035520599 0.000000378939 -0.000004533172 0.000300899453
0.000004935555 0.000000378939 0.010923013777 0.000000030925 -0.000001896424
-0.000054691557 -0.000004533172 0.000000030925 0.010921747580 0.000021224378
0.003416531540 0.000300899453 -0.000001896424 0.000021224378 0.009349381668

Trandens between roots 0 1
5 5
-0.003838313161 1.390765496584 -0.000020249179 -0.000092189394 0.018678588339
-0.176001275330 -0.001073483825 -0.000005061594 0.000061987367 -0.004203497190
0.000000270506 0.000000997225 0.000282403649 -0.000000088926 0.000005255161
0.000021944617 -0.000007238414 -0.000000088070 0.000285573146 -0.000058750977
-0.002392578252 0.000266317117 0.000005141019 -0.000058075739 0.004343820191

Trandens between roots 1 0
5 5
-0.003838313161 -0.176001275330 0.000000270506 0.000021944617 -0.002392578252
1.390765496584 -0.001073483825 0.000000997225 -0.000007238414 0.000266317117
-0.000020249179 -0.000005061594 0.000282403649 -0.000000088070 0.000005141019
-0.000092189394 0.000061987367 -0.000000088926 0.000285573146 -0.000058075739
0.018678588339 -0.004203497190 0.000005255161 -0.000058750977 0.004343820191

Trandens between roots 1 1
5 5
0.998224658566 0.014873843993 0.000028243865 -0.000347751879 0.023626589795
0.014873843993 0.998975859382 -0.000015316511 -0.000057868399 0.012820927827
0.000028243865 -0.000015316511 0.000007305278 -0.000000047132 0.000003084352
-0.000347751879 -0.000057868399 -0.000000047132 0.000007969504 -0.000038411313
0.023626589795 0.012820927827 0.000003084352 -0.000038411313 0.002784207270

State 0 :
Natural orbital occupations
5
1.937780489474 0.031035460507 0.010923016092 0.010922033945 0.009338999982
Natural orbitals (in MO basis)
5 5
0.999997355043 0.001490159684 0.000000397661 -0.000004398406 -0.001751945375
0.001466121159 -0.999905853136 0.000000612779 -0.000022662574 -0.013643124253
0.000002559990 -0.000017187190 -0.999984524264 0.005431069748 0.001205990104
-0.000028367648 0.000206911946 -0.005446870808 -0.999893919290 -0.013506966628
0.001771887540 -0.013638958199 0.001132621103 -0.013514921931 0.999813434241

State 1 :
Natural orbital occupations
5
1.014132020237 0.983784964336 0.002068291640 0.000007422871 0.000007300917
Natural orbitals (in MO basis)
5 5
-0.702653587441 0.711143094300 0.023525206805 -0.000011348251 -0.000001287876
-0.711077492670 -0.703002430293 0.012504621099 0.000126173759 -0.000030827650
-0.000008907064 0.000031386637 -0.001266722196 0.005897113497 -0.999981809036
0.000282484967 -0.000210336992 0.014312914262 -0.999880009463 -0.005914653096
-0.025429423824 0.007939597267 -0.999541762507 -0.014323919824 0.001182169159

