Number of strings: 5 5, CI size = 25
String addressing array alpha: 1 5
0 1 2 3 4

Alpha strings 5 1
1
2
3
4
5

Is hamiltonian hermitian? 1
Implicit Hamiltonian constructed
E(core)= 0.000000000000
H(1,1) + E(core) energy = -0.819132009900
Davidson: iter=0 dim=0 root=0 eigenvalue=-0.819132009900
Davidson: iter=1 dim=1 root=0 eigenvalue=-0.853000631282
Davidson: iter=2 dim=2 root=0 eigenvalue=-0.853020428239
Davidson: iter=3 dim=3 root=0 eigenvalue=-0.853020720078
Davidson: iter=4 dim=4 root=0 eigenvalue=-0.853020721692
Davidson: iter=5 dim=5 root=0 eigenvalue=-0.853020721695
Davidson: iter=6 dim=6 root=0 eigenvalue=-0.853020721695
Davidson: iter=6 dim=6 root=1 eigenvalue=-0.347535676594
root no. 0 converged
Davidson: iter=7 dim=7 root=0 eigenvalue=-0.853020721695
Davidson: iter=7 dim=7 root=1 eigenvalue=-0.348542688750
Davidson: iter=8 dim=8 root=0 eigenvalue=-0.853020721695
Davidson: iter=8 dim=8 root=1 eigenvalue=-0.349267615395
Davidson: iter=9 dim=9 root=0 eigenvalue=-0.853020721695
Davidson: iter=9 dim=9 root=1 eigenvalue=-0.349271646626
Davidson: iter=10 dim=10 root=0 eigenvalue=-0.853020721695
Davidson: iter=10 dim=10 root=1 eigenvalue=-0.349271747809
Davidson: iter=11 dim=11 root=0 eigenvalue=-0.853020721695
Davidson: iter=11 dim=11 root=1 eigenvalue=-0.349271750710
Davidson: iter=12 dim=12 root=0 eigenvalue=-0.853020721695
Davidson: iter=12 dim=12 root=1 eigenvalue=-0.349271750710
Davidson: iter=13 dim=13 root=0 eigenvalue=-0.853020721695
Davidson: iter=13 dim=13 root=1 eigenvalue=-0.349271750710
root no. 1 converged
Davidson converged in 13 iterations.
E(core)= 0.000000000000
E(0)= -0.853020721695
E(1)= -0.349271750710
FCI Excitation energies = 2
0.000000000000 0.503748970985

Vacuum coefficients in CI state 0 = -0.982716701660
Vacuum coefficients in CI state 1 = -0.001823400234
Eigenvector 0 in string basis
0: -0.982716701660 seniority 0 ... 1
1
 | 1
1

6: 0.137689005915 seniority 0 ... 1
2
 | 1
2

12: 0.069676656433 seniority 0 ... 1
3
 | 1
3

18: 0.072234759732 seniority 0 ... 1
4
 | 1
4

24: 0.072237409904 seniority 0 ... 1
5
 | 1
5

Eigenvector 1 in string basis
1: -0.703762464888 seniority 2 ... 1
1
 | 1
2

2: 0.063861731413 seniority 2 ... 1
1
 | 1
3

5: -0.703762464848 seniority 2 ... 1
2
 | 1
1

10: 0.063861731415 seniority 2 ... 1
3
 | 1
1

Seniority vectors for all roots (nroots/seniority)
2 2
0.999981318427 0.000018681573
0.001251654426 0.998745627274

Calculating transition densities
Root 0 MO occupations numbers (density matrix diagonal)
5
1.931482738000 0.037921835463 0.009723196708 0.010435724120 0.010436505708
Root 1 MO occupations numbers (density matrix diagonal)
5
0.998734522505 0.991415749255 0.009737925741 0.000052907154 0.000058895345
Transition densities done:
Trandens between roots 0 0
5 5
1.931482738000 -0.002709351496 -0.004716767844 -0.000053205203 -0.000131129761
-0.002709351496 0.037921835463 0.000127415387 0.000001359165 0.000003705490
-0.004716767844 0.000127415387 0.009723196708 -0.000007287769 -0.000018089901
-0.000053205203 0.000001359165 -0.000007287769 0.010435724120 -0.000000184715
-0.000131129761 0.000003705490 -0.000018089901 -0.000000184715 0.010436505708

Trandens between roots 0 1
5 5
0.001656395518 1.383278834423 -0.125651247629 -0.001572636674 -0.003611653076
-0.193769834515 0.003373076374 0.000987732063 0.000007995475 0.000026193683
0.008485339423 -0.003220310523 -0.003564607457 -0.000030802253 -0.000076834032
0.000107733426 -0.000038113828 -0.000031296474 -0.000733046842 -0.000000829861
0.000244864096 -0.000090268758 -0.000077357453 -0.000000822032 -0.000731817593

Trandens between roots 1 0
5 5
0.001656395518 -0.193769834515 0.008485339423 0.000107733426 0.000244864096
1.383278834423 0.003373076374 -0.003220310523 -0.000038113828 -0.000090268758
-0.125651247629 0.000987732063 -0.003564607457 -0.000031296474 -0.000077357453
-0.001572636674 0.000007995475 -0.000030802253 -0.000733046842 -0.000000822032
-0.003611653076 0.000026193683 -0.000076834032 -0.000000829861 -0.000731817593

Trandens between roots 1 1
5 5
0.998734522505 -0.025834209356 -0.007890332892 -0.000071985853 -0.000211120679
-0.025834209356 0.991415749255 -0.089930711929 -0.001125968201 -0.002585095987
-0.007890332892 -0.089930711929 0.009737925741 0.000118918430 0.000276152131
-0.000071985853 -0.001125968201 0.000118918430 0.000052907154 0.000003390584
-0.000211120679 -0.002585095987 0.000276152131 0.000003390584 0.000058895345

State 0 :
Natural orbital occupations
5
1.931498202631 0.037918475551 0.010436964107 0.010435798639 0.009710559072
Natural orbitals (in MO basis)
5 5
0.999995961241 0.001441471998 0.000005903107 -0.000002539621 0.002449411819
-0.001430971377 0.999989802581 -0.000016545338 0.000001707068 -0.004283313925
-0.002454465102 0.004277751745 -0.025377681196 0.010237887686 0.999613342945
-0.000027687300 0.000045528896 -0.000036314387 -0.999947566456 0.010240126001
-0.000068238375 0.000125138036 0.999677933972 0.000223573416 0.025376328125

State 1 :
Natural orbital occupations
5
1.024231722083 0.974201453701 0.001464360248 0.000051444041 0.000051019928
Natural orbitals (in MO basis)
5 5
-0.701712679916 -0.712386545436 -0.010233503104 -0.000011833340 -0.000000372891
0.710134153238 -0.698190045677 -0.090775042652 0.000131718317 0.000137127662
-0.057493373177 0.070930995293 -0.995389227551 -0.010884766553 -0.027296766840
-0.000738072043 0.000868310508 -0.010992602731 0.999921311044 0.005935965958
-0.001663291847 0.002027299279 -0.027103789520 -0.006235069163 0.999609739861

