Number of strings: 5 5, CI size = 25
String addressing array alpha: 1 5
0 1 2 3 4

Alpha strings 5 1
1
2
3
4
5

Is hamiltonian hermitian? 1
Implicit Hamiltonian constructed
E(core)= 0.000000000000
H(1,1) + E(core) energy = -0.837817108400
Davidson: iter=0 dim=0 root=0 eigenvalue=-0.837817108400
Davidson: iter=1 dim=1 root=0 eigenvalue=-0.871410356478
Davidson: iter=2 dim=2 root=0 eigenvalue=-0.871425654145
Davidson: iter=3 dim=3 root=0 eigenvalue=-0.871425835396
Davidson: iter=4 dim=4 root=0 eigenvalue=-0.871425836545
Davidson: iter=5 dim=5 root=0 eigenvalue=-0.871425836545
Davidson: iter=5 dim=5 root=1 eigenvalue=-0.340416480434
root no. 0 converged
Davidson: iter=6 dim=6 root=0 eigenvalue=-0.871425836545
Davidson: iter=6 dim=6 root=1 eigenvalue=-0.344069069382
Davidson: iter=7 dim=7 root=0 eigenvalue=-0.871425836545
Davidson: iter=7 dim=7 root=1 eigenvalue=-0.344142348023
Davidson: iter=8 dim=8 root=0 eigenvalue=-0.871425836545
Davidson: iter=8 dim=8 root=1 eigenvalue=-0.344154852452
Davidson: iter=9 dim=9 root=0 eigenvalue=-0.871425836545
Davidson: iter=9 dim=9 root=1 eigenvalue=-0.344154854200
Davidson: iter=10 dim=10 root=0 eigenvalue=-0.871425836545
Davidson: iter=10 dim=10 root=1 eigenvalue=-0.344154854413
Davidson: iter=11 dim=11 root=0 eigenvalue=-0.871425836545
Davidson: iter=11 dim=11 root=1 eigenvalue=-0.344154854414
Davidson: iter=12 dim=12 root=0 eigenvalue=-0.871425836545
Davidson: iter=12 dim=12 root=1 eigenvalue=-0.344154854414
root no. 1 converged
Davidson converged in 12 iterations.
E(core)= 0.000000000000
E(0)= -0.871425836545
E(1)= -0.344154854414
FCI Excitation energies = 2
0.000000000000 0.527270982131

Vacuum coefficients in CI state 0 = 0.983587795949
Vacuum coefficients in CI state 1 = 0.003026909662
Eigenvector 0 in string basis
0: 0.983587795949 seniority 0 ... 1
1
 | 1
1

6: -0.130636563407 seniority 0 ... 1
2
 | 1
2

12: -0.073068089182 seniority 0 ... 1
3
 | 1
3

18: -0.073057040963 seniority 0 ... 1
4
 | 1
4

24: -0.069259091288 seniority 0 ... 1
5
 | 1
5

Eigenvector 1 in string basis
1: 0.706043323557 seniority 2 ... 1
1
 | 1
2

5: 0.706043323557 seniority 2 ... 1
2
 | 1
1

Seniority vectors for all roots (nroots/seniority)
2 2
0.999983962656 0.000016037344
0.000687608139 0.998969521961

Calculating transition densities
Root 0 MO occupations numbers (density matrix diagonal)
5
1.934905314914 0.034138145229 0.010677894198 0.010674698268 0.009603947391
Root 1 MO occupations numbers (density matrix diagonal)
5
0.998758732106 0.997559217754 0.000016884295 0.000021781071 0.003643384774
Transition densities done:
Trandens between roots 0 0
5 5
1.934905314914 -0.002882839403 0.000037863944 -0.000133356875 -0.004020690059
-0.002882839403 0.034138145229 -0.000002036437 0.000007265041 0.000226401296
0.000037863944 -0.000002036437 0.010677894198 0.000000288282 0.000008848211
-0.000133356875 0.000007265041 0.000000288282 0.010674698268 -0.000031179532
-0.004020690059 0.000226401296 0.000008848211 -0.000031179532 0.009603947391

Trandens between roots 0 1
5 5
0.003696214906 1.389002082302 0.000680861303 -0.002399977905 -0.058162082874
-0.184448003802 0.001015865741 -0.000024077565 0.000084671089 0.002854526640
-0.000041599057 0.000016838792 -0.000419996475 0.000001041404 0.000030691974
0.000146313677 -0.000059379326 0.000001041317 -0.000429205084 -0.000108042072
0.003302039618 -0.001614800809 0.000030274558 -0.000106581699 -0.003862879088

Trandens between roots 1 0
5 5
0.003696214906 -0.184448003802 -0.000041599057 0.000146313677 0.003302039618
1.389002082302 0.001015865741 0.000016838792 -0.000059379326 -0.001614800809
0.000680861303 -0.000024077565 -0.000419996475 0.000001041317 0.000030274558
-0.002399977905 0.000084671089 0.000001041404 -0.000429205084 -0.000106581699
-0.058162082874 0.002854526640 0.000030691974 -0.000108042072 -0.003862879088

Trandens between roots 1 1
5 5
0.998758732106 -0.013430425774 0.000143105825 -0.000503406817 -0.016947044259
-0.013430425774 0.997559217754 0.000491285881 -0.001731758938 -0.042024905127
0.000143105825 0.000491285881 0.000016884295 -0.000001367114 -0.000037035172
-0.000503406817 -0.001731758938 -0.000001367114 0.000021781071 0.000130537425
-0.016947044259 -0.042024905127 -0.000037035172 0.000130537425 0.003643384774

State 0 :
Natural orbital occupations
5
1.934918095144 0.034135752734 0.010677967499 0.010675604866 0.009592579757
Natural orbitals (in MO basis)
5 5
0.999996665985 0.001535616319 0.000002317193 0.000008418359 0.002076011634
-0.001516905297 0.999958486935 -0.000006524420 -0.000027578667 -0.008984575812
0.000019669274 -0.000080940885 -0.999880596380 -0.013068893605 -0.008245608809
-0.000069275190 0.000288991705 -0.013303898306 0.999487417506 0.029117352603
-0.002088499559 0.008976425917 -0.007861248307 -0.029225082318 0.999499453370

State 1 :
Natural orbital occupations
5
1.011902801409 0.986499545938 0.001564166226 0.000016988010 0.000016498417
Natural orbitals (in MO basis)
5 5
-0.703230862067 -0.710744773482 -0.017556229087 0.000020006022 -0.000004988035
0.710738034508 -0.702176321482 -0.042422502255 -0.000422307345 0.000113196317
0.000246272519 -0.000454391187 0.008831803338 0.014802718643 -0.999851294768
-0.000868817729 0.001600962079 -0.031146484605 -0.999399525018 -0.015072092336
-0.017804085103 0.042278966019 -0.998420755929 0.031325551415 -0.008378994288

