Number of strings: 5 5, CI size = 25
String addressing array alpha: 1 5
0 1 2 3 4

Alpha strings 5 1
1
2
3
4
5

Is hamiltonian hermitian? 1
Implicit Hamiltonian constructed
E(core)= 0.000000000000
H(1,1) + E(core) energy = -0.915321274100
Davidson: iter=0 dim=0 root=0 eigenvalue=-0.915321274100
Davidson: iter=1 dim=1 root=0 eigenvalue=-0.948913816894
Davidson: iter=2 dim=2 root=0 eigenvalue=-0.948931798387
Davidson: iter=3 dim=3 root=0 eigenvalue=-0.948931900937
Davidson: iter=4 dim=4 root=0 eigenvalue=-0.948931901499
Davidson: iter=5 dim=5 root=0 eigenvalue=-0.948931901502
Davidson: iter=6 dim=6 root=0 eigenvalue=-0.948931901502
Davidson: iter=6 dim=6 root=1 eigenvalue=-0.351491726009
root no. 0 converged
Davidson: iter=7 dim=7 root=0 eigenvalue=-0.948931901502
Davidson: iter=7 dim=7 root=1 eigenvalue=-0.353170263926
Davidson: iter=8 dim=8 root=0 eigenvalue=-0.948931901502
Davidson: iter=8 dim=8 root=1 eigenvalue=-0.353976930185
Davidson: iter=9 dim=9 root=0 eigenvalue=-0.948931901502
Davidson: iter=9 dim=9 root=1 eigenvalue=-0.354013028095
Davidson: iter=10 dim=10 root=0 eigenvalue=-0.948931901502
Davidson: iter=10 dim=10 root=1 eigenvalue=-0.354013028098
Davidson: iter=11 dim=11 root=0 eigenvalue=-0.948931901502
Davidson: iter=11 dim=11 root=1 eigenvalue=-0.354013028101
Davidson: iter=12 dim=12 root=0 eigenvalue=-0.948931901502
Davidson: iter=12 dim=12 root=1 eigenvalue=-0.354013028101
root no. 1 converged
Davidson converged in 12 iterations.
E(core)= 0.000000000000
E(0)= -0.948931901502
E(1)= -0.354013028101
FCI Excitation energies = 2
0.000000000000 0.594918873401

Vacuum coefficients in CI state 0 = 0.985628249771
Vacuum coefficients in CI state 1 = -0.000416570830
Eigenvector 0 in string basis
0: 0.985628249771 seniority 0 ... 1
1
 | 1
1

6: -0.114267217682 seniority 0 ... 1
2
 | 1
2

12: -0.076476389954 seniority 0 ... 1
3
 | 1
3

18: -0.076476259880 seniority 0 ... 1
4
 | 1
4

24: -0.061450472019 seniority 0 ... 1
5
 | 1
5

Eigenvector 1 in string basis
1: -0.704245825877 seniority 2 ... 1
1
 | 1
2

5: -0.704245825060 seniority 2 ... 1
2
 | 1
1

Seniority vectors for all roots (nroots/seniority)
2 2
0.999993460840 0.000006539160
0.003786315233 0.996224572867

Calculating transition densities
Root 0 MO occupations numbers (density matrix diagonal)
5
1.942931696153 0.026116461918 0.011697276485 0.011697236763 0.007557328682
Root 1 MO occupations numbers (density matrix diagonal)
5
0.995949954588 0.996093427029 0.000040561855 0.000040575182 0.007875481346
Transition densities done:
Trandens between roots 0 0
5 5
1.942931696153 0.001523052274 0.000001238480 0.000002025327 0.002635920695
0.001523052274 0.026116461918 0.000000066805 0.000000053091 0.000242960378
0.000001238480 0.000000066805 0.011697276485 -0.000000000683 -0.000001277615
0.000002025327 0.000000053091 -0.000000000683 0.011697236763 -0.000002037650
0.002635920695 0.000242960378 -0.000001277615 -0.000002037650 0.007557328682

Trandens between roots 0 1
5 5
-0.002181710593 -1.388359844158 0.000035825106 0.000084614568 -0.088334819952
0.161005085352 0.008867683234 -0.000000079771 -0.000000474264 0.002543256794
-0.000002928024 -0.000001105648 -0.000688805418 -0.000000000562 -0.000001228039
-0.000006999240 -0.000002064089 -0.000000000576 -0.000688888888 -0.000001915841
0.006476156775 -0.000508115238 -0.000001163931 -0.000001779808 -0.005308278335

Trandens between roots 1 0
5 5
-0.002181710593 0.161005085352 -0.000002928024 -0.000006999240 0.006476156775
-1.388359844158 0.008867683234 -0.000001105648 -0.000002064089 -0.000508115238
0.000035825106 -0.000000079771 -0.000688805418 -0.000000000576 -0.000001163931
0.000084614568 -0.000000474264 -0.000000000562 -0.000688888888 -0.000001779808
-0.088334819952 0.002543256794 -0.000001228039 -0.000001915841 -0.005308278335

Trandens between roots 1 1
5 5
0.995949954588 0.063789000412 -0.000001359985 -0.000004326237 0.012758751498
0.063789000412 0.996093427029 -0.000025844922 -0.000060973225 0.063231328030
-0.000001359985 -0.000025844922 0.000040561855 0.000000001980 -0.000000681877
-0.000004326237 -0.000060973225 0.000000001980 0.000040575182 -0.000002406050
0.012758751498 0.063231328030 -0.000000681877 -0.000002406050 0.007875481346

State 0 :
Natural orbital occupations
5
1.942936496891 0.026118376835 0.011697276879 0.011697237765 0.007550611630
Natural orbitals (in MO basis)
5 5
0.999998756580 -0.000812348417 -0.000000219867 0.000000380945 -0.001351639043
0.000794744045 0.999915512855 0.000000585450 -0.000004651916 -0.012974417607
0.000000640413 0.000003412945 0.999998976793 -0.001396821259 0.000308693087
0.000001047303 0.000001734023 -0.001396973097 -0.999998903108 0.000492184038
0.001362064111 0.012973327550 -0.000308024165 0.000492596842 0.999914746377

State 1 :
Natural orbital occupations
5
1.062575858464 0.933573156737 0.003769852985 0.000040570874 0.000040560940
Natural orbitals (in MO basis)
5 5
-0.695763401166 0.718217363464 -0.008781138767 -0.000003872782 0.000001936002
-0.716431853153 -0.694804297208 -0.063026813580 -0.000085957092 0.000041838019
0.000018349866 0.000018216835 0.000257520979 -0.002284654824 0.999997356680
0.000044061401 0.000042149202 0.000396796732 -0.999997309353 -0.002284758476
-0.051368152651 -0.037560688127 0.997973090122 0.000392728427 -0.000254475596

