Number of strings: 5 5, CI size = 25
String addressing array alpha: 1 5
0 1 2 3 4

Alpha strings 5 1
1
2
3
4
5

Is hamiltonian hermitian? 1
Implicit Hamiltonian constructed
E(core)= 0.000000000000
H(1,1) + E(core) energy = -0.895960906200
Davidson: iter=0 dim=0 root=0 eigenvalue=-0.895960906200
Davidson: iter=1 dim=1 root=0 eigenvalue=-0.929341127362
Davidson: iter=2 dim=2 root=0 eigenvalue=-0.929361620669
Davidson: iter=3 dim=3 root=0 eigenvalue=-0.929361763142
Davidson: iter=4 dim=4 root=0 eigenvalue=-0.929361763890
Davidson: iter=5 dim=5 root=0 eigenvalue=-0.929361763894
Davidson: iter=6 dim=6 root=0 eigenvalue=-0.929361763894
Davidson: iter=6 dim=6 root=1 eigenvalue=-0.345783741001
root no. 0 converged
Davidson: iter=7 dim=7 root=0 eigenvalue=-0.929361763894
Davidson: iter=7 dim=7 root=1 eigenvalue=-0.346229552439
Davidson: iter=8 dim=8 root=0 eigenvalue=-0.929361763894
Davidson: iter=8 dim=8 root=1 eigenvalue=-0.346892084579
Davidson: iter=9 dim=9 root=0 eigenvalue=-0.929361763894
Davidson: iter=9 dim=9 root=1 eigenvalue=-0.346904356443
Davidson: iter=10 dim=10 root=0 eigenvalue=-0.929361763894
Davidson: iter=10 dim=10 root=1 eigenvalue=-0.346904356448
Davidson: iter=11 dim=11 root=0 eigenvalue=-0.929361763894
Davidson: iter=11 dim=11 root=1 eigenvalue=-0.346904356516
Davidson: iter=12 dim=12 root=0 eigenvalue=-0.929361763894
Davidson: iter=12 dim=12 root=1 eigenvalue=-0.346904356517
Davidson: iter=13 dim=13 root=0 eigenvalue=-0.929361763894
Davidson: iter=13 dim=13 root=1 eigenvalue=-0.346904356517
root no. 1 converged
Davidson converged in 13 iterations.
E(core)= 0.000000000000
E(0)= -0.929361763894
E(1)= -0.346904356517
FCI Excitation energies = 2
0.000000000000 0.582457407377

Vacuum coefficients in CI state 0 = 0.985337869535
Vacuum coefficients in CI state 1 = -0.001037643995
Eigenvector 0 in string basis
0: 0.985337869535 seniority 0 ... 1
1
 | 1
1

6: -0.116236825310 seniority 0 ... 1
2
 | 1
2

12: -0.075600182205 seniority 0 ... 1
3
 | 1
3

18: -0.075599783306 seniority 0 ... 1
4
 | 1
4

24: -0.064490940742 seniority 0 ... 1
5
 | 1
5

Eigenvector 1 in string basis
1: 0.703929299525 seniority 2 ... 1
1
 | 1
2

4: -0.052979978968 seniority 2 ... 1
1
 | 1
5

5: 0.703929299774 seniority 2 ... 1
2
 | 1
1

20: -0.052979978958 seniority 2 ... 1
5
 | 1
1

Seniority vectors for all roots (nroots/seniority)
2 2
0.999991512920 0.000008487080
0.002632513040 0.997299668960

Calculating transition densities
Root 0 MO occupations numbers (density matrix diagonal)
5
1.941788442981 0.027026247169 0.011430776629 0.011430657311 0.008323875909
Root 1 MO occupations numbers (density matrix diagonal)
5
0.996648911214 0.993846159448 0.000020443911 0.000020513990 0.009463971437
Transition densities done:
Trandens between roots 0 0
5 5
1.941788442981 0.002044556557 0.000008907035 0.000012123855 -0.002677843508
0.002044556557 0.027026247169 0.000000789623 0.000001056670 -0.000313746790
0.000008907035 0.000000789623 0.011430776629 -0.000000032410 0.000007587433
0.000012123855 0.000001056670 -0.000000032410 0.011430657311 0.000010337645
-0.002677843508 -0.000313746790 0.000007587433 0.000010337645 0.008323875909

Trandens between roots 0 1
5 5
-0.000232658794 1.387346385936 0.000231038292 0.000329861064 -0.104332551846
-0.163738429194 -0.006013540190 -0.000010620068 -0.000014744412 0.004006716497
-0.000017900866 0.000000477058 0.000482836509 0.000000055160 -0.000011987369
-0.000025475737 0.000000453594 0.000000055106 0.000483103667 -0.000016365197
0.008045144811 0.000338185621 -0.000011791304 -0.000016112334 0.005280258809

Trandens between roots 1 0
5 5
-0.000232658794 -0.163738429194 -0.000017900866 -0.000025475737 0.008045144811
1.387346385936 -0.006013540190 0.000000477058 0.000000453594 0.000338185621
0.000231038292 -0.000010620068 0.000482836509 0.000000055106 -0.000011791304
0.000329861064 -0.000014744412 0.000000055160 0.000483103667 -0.000016112334
-0.104332551846 0.004006716497 -0.000011987369 -0.000016365197 0.005280258809

Trandens between roots 1 1
5 5
0.996648911214 0.046724580886 0.000056406728 0.000078539154 -0.021089494399
0.046724580886 0.993846159448 0.000164731100 0.000235278500 -0.074331124674
0.000056406728 0.000164731100 0.000020443911 0.000000073259 -0.000021988987
0.000078539154 0.000235278500 0.000000073259 0.000020513990 -0.000030833973
-0.021089494399 -0.074331124674 -0.000021988987 -0.000030833973 0.009463971437

State 0 :
Natural orbital occupations
5
1.941794335964 0.027029230081 0.011430795650 0.011430691209 0.008314947096
Natural orbitals (in MO basis)
5 5
0.999998470308 0.001090876256 -0.000001106132 -0.000001742289 0.001367248041
0.001068008205 -0.999861371167 -0.000001275132 -0.000000656049 0.016616191059
0.000004609160 -0.000041910138 0.997628297759 0.068788152166 -0.002442919375
0.000006273764 -0.000055873161 -0.068796090492 0.997625188394 -0.003328401124
-0.001385164372 0.016614558665 0.002208493005 0.003489068690 0.999852482478

State 1 :
Natural orbital occupations
5
1.046374073869 0.950012455944 0.003572664555 0.000020413196 0.000020392436
Natural orbitals (in MO basis)
5 5
0.697888229837 0.715988111490 0.017693014550 0.000008527124 0.000004804552
0.713221586362 -0.697020509084 0.074009310627 -0.000016879860 -0.000017862996
0.000151279392 -0.000079256106 -0.002459207252 -0.061381758087 -0.998111317893
0.000214680201 -0.000114700262 -0.003361932508 -0.998108170307 0.061389889497
-0.065321653591 0.039030945217 0.997091885879 -0.003515648279 -0.002253490312

