Number of strings: 5 5, CI size = 25
String addressing array alpha: 1 5
0 1 2 3 4

Alpha strings 5 1
1
2
3
4
5

Is hamiltonian hermitian? 1
Implicit Hamiltonian constructed
E(core)= 0.000000000000
H(1,1) + E(core) energy = -0.488361567000
Davidson: iter=0 dim=0 root=0 eigenvalue=-0.488361567000
Davidson: iter=1 dim=1 root=0 eigenvalue=-0.534772320305
Davidson: iter=2 dim=2 root=0 eigenvalue=-0.549072538409
Davidson: iter=3 dim=3 root=0 eigenvalue=-0.565543925988
Davidson: iter=4 dim=4 root=0 eigenvalue=-0.567525105624
Davidson: iter=5 dim=5 root=0 eigenvalue=-0.567540601280
Davidson: iter=6 dim=6 root=0 eigenvalue=-0.567540613921
Davidson: iter=7 dim=7 root=0 eigenvalue=-0.567540613932
Davidson: iter=8 dim=8 root=0 eigenvalue=-0.567540613932
Davidson: iter=8 dim=8 root=1 eigenvalue=-0.500572822462
root no. 0 converged
Davidson: iter=9 dim=9 root=0 eigenvalue=-0.567540613932
Davidson: iter=9 dim=9 root=1 eigenvalue=-0.500585940637
Davidson: iter=10 dim=10 root=0 eigenvalue=-0.567540613932
Davidson: iter=10 dim=10 root=1 eigenvalue=-0.500585941982
Davidson: iter=11 dim=11 root=0 eigenvalue=-0.567540613932
Davidson: iter=11 dim=11 root=1 eigenvalue=-0.500585941982
root no. 1 converged
Davidson converged in 11 iterations.
E(core)= 0.000000000000
E(0)= -0.567540613932
E(1)= -0.500585941982
FCI Excitation energies = 2
0.000000000000 0.066954671949

Vacuum coefficients in CI state 0 = -0.602458440648
Vacuum coefficients in CI state 1 = -0.752459747122
Eigenvector 0 in string basis
0: -0.602458440648 seniority 0 ... 1
1
 | 1
1

1: -0.388835316404 seniority 2 ... 1
1
 | 1
2

2: 0.147675741910 seniority 2 ... 1
1
 | 1
3

5: -0.388835316404 seniority 2 ... 1
2
 | 1
1

6: 0.525922394765 seniority 0 ... 1
2
 | 1
2

7: 0.081862038105 seniority 2 ... 1
2
 | 1
3

10: 0.147675741910 seniority 2 ... 1
3
 | 1
1

11: 0.081862038105 seniority 2 ... 1
3
 | 1
2

Eigenvector 1 in string basis
0: -0.752459747122 seniority 0 ... 1
1
 | 1
1

1: 0.404383474237 seniority 2 ... 1
1
 | 1
2

2: -0.118535353419 seniority 2 ... 1
1
 | 1
3

5: 0.404383474234 seniority 2 ... 1
2
 | 1
1

6: -0.210041753839 seniority 0 ... 1
2
 | 1
2

7: 0.054033456646 seniority 2 ... 1
2
 | 1
3

10: -0.118535353419 seniority 2 ... 1
3
 | 1
1

11: 0.054033456646 seniority 2 ... 1
3
 | 1
2

12: 0.130454412203 seniority 0 ... 1
3
 | 1
3

18: 0.077319437328 seniority 0 ... 1
4
 | 1
4

24: 0.075171174472 seniority 0 ... 1
5
 | 1
5

Seniority vectors for all roots (nroots/seniority)
2 2
0.640579824310 0.359420175690
0.638943236418 0.361039436082

Calculating transition densities
Root 0 MO occupations numbers (density matrix diagonal)
5
1.071929039128 0.868977581313 0.058665222826 0.000273805925 0.000154350809
Root 1 MO occupations numbers (density matrix diagonal)
5
1.487557915434 0.421159868926 0.067977255044 0.012003547421 0.011301413175
Transition densities done:
Trandens between roots 0 0
5 5
1.071929039128 0.083695968023 -0.250073618975 0.003057163187 -0.000019840978
0.083695968023 0.868977581313 -0.033433148813 0.002565976444 -0.000016888261
-0.250073618975 -0.033433148813 0.058665222826 -0.000756450426 0.000004915264
0.003057163187 0.002565976444 -0.000756450426 0.000273805925 -0.000000774921
-0.000019840978 -0.000016888261 0.000004915264 -0.000000774921 0.000154350809

Trandens between roots 0 1
5 5
0.557150741138 -0.307924140570 0.139335848075 -0.000392785631 0.000001498121
0.991109259338 -0.526564839511 0.170374678177 -0.006289415021 0.000041676287
-0.149229816894 0.081942550161 -0.033647551708 0.000173680264 -0.000000892211
0.004309276458 -0.002381306251 0.000798219993 0.001740905193 -0.000002608406
-0.000028257563 0.000015626342 -0.000005215942 -0.000002632322 0.001320744888

Trandens between roots 1 0
5 5
0.557150741138 0.991109259338 -0.149229816894 0.004309276458 -0.000028257563
-0.307924140570 -0.526564839511 0.081942550161 -0.002381306251 0.000015626342
0.139335848075 0.170374678177 -0.033647551708 0.000798219993 -0.000005215942
-0.000392785631 -0.006289415021 0.000173680264 0.001740905193 -0.000002632322
0.000001498121 0.000041676287 -0.000000892211 -0.000002608406 0.001320744888

Trandens between roots 1 1
5 5
1.487557915434 -0.791270302965 0.191158832923 -0.006758216289 0.000044565648
-0.791270302965 0.421159868926 -0.104466829080 0.003156554997 -0.000020710976
0.191158832923 -0.104466829080 0.067977255044 -0.001125938652 0.000007247671
-0.006758216289 0.003156554997 -0.001125938652 0.012003547421 -0.000003020320
0.000044565648 -0.000020710976 0.000007247671 -0.000003020320 0.011301413175

State 0 :
Natural orbital occupations
5
1.157803646789 0.841687853106 0.000258985176 0.000154345783 0.000095169145
Natural orbitals (in MO basis)
5 5
0.929712159224 0.290764308521 -0.010086120826 0.000008044494 0.225808963470
0.294964836129 -0.955375230517 -0.003215041788 0.000000852695 0.015606981345
-0.220500478746 -0.052067347285 -0.032080941527 0.000034667419 0.973467689350
0.003253438636 -0.001810250309 0.999408221500 0.006482060556 0.033575702822
-0.000021175827 0.000012015037 -0.006477164651 0.999978990591 -0.000253222498

State 1 :
Natural orbital occupations
5
1.933971142190 0.042689245983 0.011985895339 0.011301400113 0.000052316375
Natural orbitals (in MO basis)
5 5
0.876811552425 0.129010800859 0.013169280575 0.000035747894 0.463016504638
-0.466628086212 -0.004046242187 0.031637400018 0.000084882423 0.883878342759
0.115949919260 -0.991606151710 -0.006030268108 -0.000007522163 0.056890174232
-0.003917429163 0.007555074675 -0.999385436678 0.004251926453 0.033737881860
0.000025793404 -0.000043851451 0.004246150182 0.999990956250 -0.000234602777

