Number of strings: 5 5, CI size = 25
String addressing array alpha: 1 5
0 1 2 3 4

Alpha strings 5 1
1
2
3
4
5

Is hamiltonian hermitian? 1
Implicit Hamiltonian constructed
E(core)= 0.000000000000
H(1,1) + E(core) energy = -0.528731633700
Davidson: iter=0 dim=0 root=0 eigenvalue=-0.528731633700
Davidson: iter=1 dim=1 root=0 eigenvalue=-0.573780756131
Davidson: iter=2 dim=2 root=0 eigenvalue=-0.583719707206
Davidson: iter=3 dim=3 root=0 eigenvalue=-0.591395986454
Davidson: iter=4 dim=4 root=0 eigenvalue=-0.593162106109
Davidson: iter=5 dim=5 root=0 eigenvalue=-0.593169246108
Davidson: iter=6 dim=6 root=0 eigenvalue=-0.593169261224
Davidson: iter=7 dim=7 root=0 eigenvalue=-0.593169261354
Davidson: iter=8 dim=8 root=0 eigenvalue=-0.593169261355
Davidson: iter=8 dim=8 root=1 eigenvalue=-0.523285774745
root no. 0 converged
Davidson: iter=9 dim=9 root=0 eigenvalue=-0.593169261355
Davidson: iter=9 dim=9 root=1 eigenvalue=-0.523366029047
Davidson: iter=10 dim=10 root=0 eigenvalue=-0.593169261355
Davidson: iter=10 dim=10 root=1 eigenvalue=-0.523366924182
Davidson: iter=11 dim=11 root=0 eigenvalue=-0.593169261355
Davidson: iter=11 dim=11 root=1 eigenvalue=-0.523366924182
root no. 1 converged
Davidson converged in 11 iterations.
E(core)= 0.000000000000
E(0)= -0.593169261355
E(1)= -0.523366924182
FCI Excitation energies = 2
0.000000000000 0.069802337173

Vacuum coefficients in CI state 0 = -0.754291801087
Vacuum coefficients in CI state 1 = -0.602317964661
Eigenvector 0 in string basis
0: -0.754291801087 seniority 0 ... 1
1
 | 1
1

1: -0.278906639809 seniority 2 ... 1
1
 | 1
2

2: 0.125095048073 seniority 2 ... 1
1
 | 1
3

5: -0.278906639809 seniority 2 ... 1
2
 | 1
1

6: 0.486368000289 seniority 0 ... 1
2
 | 1
2

10: 0.125095048073 seniority 2 ... 1
3
 | 1
1

Eigenvector 1 in string basis
0: -0.602317964661 seniority 0 ... 1
1
 | 1
1

1: 0.471370009782 seniority 2 ... 1
1
 | 1
2

2: -0.161536727229 seniority 2 ... 1
1
 | 1
3

3: -0.053883314319 seniority 2 ... 1
1
 | 1
4

5: 0.471370009785 seniority 2 ... 1
2
 | 1
1

6: -0.318050146291 seniority 0 ... 1
2
 | 1
2

7: 0.066800174122 seniority 2 ... 1
2
 | 1
3

10: -0.161536727229 seniority 2 ... 1
3
 | 1
1

11: 0.066800174123 seniority 2 ... 1
3
 | 1
2

12: 0.104965495358 seniority 0 ... 1
3
 | 1
3

15: -0.053883314319 seniority 2 ... 1
4
 | 1
1

18: 0.075469649212 seniority 0 ... 1
4
 | 1
4

24: 0.076031423806 seniority 0 ... 1
5
 | 1
5

Seniority vectors for all roots (nroots/seniority)
2 2
0.806575609472 0.193424390528
0.486419443683 0.513562973317

Calculating transition densities
Root 0 MO occupations numbers (density matrix diagonal)
5
1.328090462025 0.631728570656 0.034578977790 0.004585263191 0.001016726338
Root 1 MO occupations numbers (density matrix diagonal)
5
1.227948443256 0.657862028626 0.083165791268 0.019461961683 0.011561775167
Transition densities done:
Trandens between roots 0 0
5 5
1.328090462025 0.159604195266 -0.212931000249 -0.065664991754 0.000342420261
0.159604195266 0.631728570656 -0.033104184295 -0.016784509161 0.000087665407
-0.212931000249 -0.033104184295 0.034578977790 0.010377872353 -0.000054131386
-0.065664991754 -0.016784509161 0.010377872353 0.004585263191 -0.000018581355
0.000342420261 0.000087665407 -0.000054131386 -0.000018581355 0.001016726338

Trandens between roots 0 1
5 5
0.600916213622 -0.514251887251 0.232931554380 0.069467695390 -0.000362114524
0.781370749432 -0.566739120560 0.163197676247 0.063871955190 -0.000333798819
-0.110843669582 0.091757228119 -0.036969597726 -0.012470672249 0.000064977417
-0.041929302168 0.034294747545 -0.014237839950 -0.000635769153 0.000021402830
0.000218846649 -0.000178984351 0.000074257760 0.000021400533 0.003428273818

Trandens between roots 1 0
5 5
0.600916213622 0.781370749432 -0.110843669582 -0.041929302168 0.000218846649
-0.514251887251 -0.566739120560 0.091757228119 0.034294747545 -0.000178984351
0.232931554380 0.163197676247 -0.036969597726 -0.014237839950 0.000074257760
0.069467695390 0.063871955190 -0.012470672249 -0.000635769153 0.000021400533
-0.000362114524 -0.000333798819 0.000064977417 0.000021402830 0.003428273818

Trandens between roots 1 1
5 5
1.227948443256 -0.892860923691 0.223337560355 0.087414605534 -0.000457205954
-0.892860923691 0.657862028626 -0.180556904892 -0.066661804236 0.000348492494
0.223337560355 -0.180556904892 0.083165791268 0.022953893369 -0.000119806226
0.087414605534 -0.066661804236 0.022953893369 0.019461961683 -0.000040279028
-0.000457205954 0.000348492494 -0.000119806226 -0.000040279028 0.011561775167

State 0 :
Natural orbital occupations
5
1.400257933289 0.597175746426 0.001281280373 0.001016629584 0.000268410329
Natural orbitals (in MO basis)
5 5
-0.964385652446 -0.207805091874 0.003310656604 0.000001279106 -0.163604390827
-0.208059669244 0.977934754231 0.010713643378 0.000001616159 -0.015492202680
0.155779019173 0.021027045265 -0.268395344965 -0.000027373457 -0.950397126787
0.049033857533 -0.004303848439 0.963231110808 -0.005096044850 -0.264077668881
-0.000255716077 0.000022672010 -0.004901364129 -0.999987014702 0.001371550804

State 1 :
Natural orbital occupations
5
1.931419510622 0.044759416206 0.011703190390 0.011561563378 0.000556319404
Natural orbitals (in MO basis)
5 5
0.795787903933 0.323157858655 -0.013464404872 -0.000089485826 0.511966124014
-0.582780350901 0.182324545109 -0.068010841748 -0.000463795029 0.788986142561
0.153819959697 -0.909223951575 0.185104674316 0.001246267042 0.339685048606
0.058549131868 -0.188779279817 -0.980268672251 -0.001445848130 0.002371159285
-0.000306127077 0.000973670824 -0.001680760695 0.999998066612 -0.000008168398

