Number of strings: 5 5, CI size = 25
String addressing array alpha: 1 5
0 1 2 3 4

Alpha strings 5 1
1
2
3
4
5

Is hamiltonian hermitian? 1
Implicit Hamiltonian constructed
E(core)= 0.000000000000
H(1,1) + E(core) energy = -0.549758820300
Davidson: iter=0 dim=0 root=0 eigenvalue=-0.549758820300
Davidson: iter=1 dim=1 root=0 eigenvalue=-0.593306775487
Davidson: iter=2 dim=2 root=0 eigenvalue=-0.597729540808
Davidson: iter=3 dim=3 root=0 eigenvalue=-0.599377649809
Davidson: iter=4 dim=4 root=0 eigenvalue=-0.599508991596
Davidson: iter=5 dim=5 root=0 eigenvalue=-0.599509423455
Davidson: iter=6 dim=6 root=0 eigenvalue=-0.599509426089
Davidson: iter=7 dim=7 root=0 eigenvalue=-0.599509426089
Davidson: iter=7 dim=7 root=1 eigenvalue=-0.483689109179
root no. 0 converged
Davidson: iter=8 dim=8 root=0 eigenvalue=-0.599509426089
Davidson: iter=8 dim=8 root=1 eigenvalue=-0.483689126658
Davidson: iter=9 dim=9 root=0 eigenvalue=-0.599509426089
Davidson: iter=9 dim=9 root=1 eigenvalue=-0.483689126730
Davidson: iter=10 dim=10 root=0 eigenvalue=-0.599509426089
Davidson: iter=10 dim=10 root=1 eigenvalue=-0.483689126730
root no. 1 converged
Davidson converged in 10 iterations.
E(core)= 0.000000000000
E(0)= -0.599509426089
E(1)= -0.483689126730
FCI Excitation energies = 2
0.000000000000 0.115820299358

Vacuum coefficients in CI state 0 = -0.900026925918
Vacuum coefficients in CI state 1 = -0.352064851954
Eigenvector 0 in string basis
0: -0.900026925918 seniority 0 ... 1
1
 | 1
1

1: -0.130816386297 seniority 2 ... 1
1
 | 1
2

5: -0.130816386297 seniority 2 ... 1
2
 | 1
1

6: 0.380998234047 seniority 0 ... 1
2
 | 1
2

Eigenvector 1 in string basis
0: -0.352064851954 seniority 0 ... 1
1
 | 1
1

1: 0.552000451837 seniority 2 ... 1
1
 | 1
2

2: -0.150260405323 seniority 2 ... 1
1
 | 1
3

5: 0.552000451836 seniority 2 ... 1
2
 | 1
1

6: -0.444471598941 seniority 0 ... 1
2
 | 1
2

7: 0.057193463366 seniority 2 ... 1
2
 | 1
3

10: -0.150260405323 seniority 2 ... 1
3
 | 1
1

11: 0.057193463366 seniority 2 ... 1
3
 | 1
2

12: 0.089196476626 seniority 0 ... 1
3
 | 1
3

18: 0.068650606765 seniority 0 ... 1
4
 | 1
4

24: 0.068651387269 seniority 0 ... 1
5
 | 1
5

Seniority vectors for all roots (nroots/seniority)
2 2
0.960443434668 0.039556565332
0.338886412472 0.661113407528

Calculating transition densities
Root 0 MO occupations numbers (density matrix diagonal)
5
1.658985076792 0.325213549095 0.007970571509 0.003915058096 0.003915744508
Root 1 MO occupations numbers (density matrix diagonal)
5
0.902469554572 1.011062117794 0.067610643515 0.009425849379 0.009431834740
Transition densities done:
Trandens between roots 0 0
5 5
1.658985076792 0.137560194881 -0.088179458879 -0.000075727827 -0.000940314640
0.137560194881 0.325213549095 0.002626204258 0.000001778636 0.000022194006
-0.088179458879 0.002626204258 0.007970571509 0.000002714162 0.000034681184
-0.000075727827 0.000001778636 0.000002714162 0.003915058096 0.000000028892
-0.000940314640 0.000022194006 0.000034681184 0.000000028892 0.003915744508

Trandens between roots 0 1
5 5
0.474803781597 -0.871818993462 0.264125977074 0.000217517830 0.002705201086
0.507239995421 -0.481015948728 0.086155344688 0.000077517608 0.000956865008
-0.024732705315 0.041206473320 -0.005936051421 -0.000010634940 -0.000131423231
-0.000019847547 0.000035587297 -0.000011498343 0.006074738896 -0.000000122502
-0.000248575175 0.000442253066 -0.000141568433 -0.000000122037 0.006073479656

Trandens between roots 1 0
5 5
0.474803781597 0.507239995421 -0.024732705315 -0.000019847547 -0.000248575175
-0.871818993462 -0.481015948728 0.041206473320 0.000035587297 0.000442253066
0.264125977074 0.086155344688 -0.005936051421 -0.000011498343 -0.000141568433
0.000217517830 0.000077517608 -0.000010634940 0.006074738896 -0.000000122037
0.002705201086 0.000956865008 -0.000131423231 -0.000000122502 0.006073479656

Trandens between roots 1 1
5 5
0.902469554572 -0.896566914407 0.142138524830 0.000128026865 0.001580653354
-0.896566914407 1.011062117794 -0.206526221647 -0.000178151102 -0.002206949864
0.142138524830 -0.206526221647 0.067610643515 0.000048127280 0.000597930318
0.000128026865 -0.000178151102 0.000048127280 0.009425849379 0.000000487187
0.001580653354 -0.002206949864 0.000597930318 0.000000487187 0.009431834740

State 0 :
Natural orbital occupations
5
1.677606613309 0.311606492191 0.003915539072 0.003915056616 0.002956298812
Natural orbitals (in MO basis)
5 5
0.993514582893 -0.099074546368 0.000489083160 -0.000029873900 0.055792183557
0.100954868858 0.994377869323 -0.000298736745 0.000018106159 -0.031948049739
-0.052312280932 0.037373023828 0.019395622665 -0.001084667504 0.997742108799
-0.000044930106 0.000030461635 -0.028691463658 0.999586966868 0.001640924492
-0.000557922604 0.000378713422 -0.999399960621 -0.028717902827 0.019353192685

State 1 :
Natural orbital occupations
5
1.888714547435 0.085887232391 0.009425810013 0.009425663362 0.006546746799
Natural orbitals (in MO basis)
5 5
-0.677091428591 -0.645293818078 0.000000019317 -0.000133374260 0.353755661283
0.723429145178 -0.495546653952 -0.000006379230 0.000121440393 0.480711733657
-0.134890021453 0.581376681882 0.000124013318 -0.009551222778 0.802318262686
-0.000118160767 0.000440091450 -0.997817081000 0.066034107361 0.000601571077
-0.001461979916 0.005510189662 0.066038302864 0.997771636334 0.007629200968

