Number of strings: 5 5, CI size = 25
String addressing array alpha: 1 5
0 1 2 3 4

Alpha strings 5 1
1
2
3
4
5

Is hamiltonian hermitian? 1
Implicit Hamiltonian constructed
E(core)= 0.000000000000
H(1,1) + E(core) energy = -0.549758820400
Davidson: iter=0 dim=0 root=0 eigenvalue=-0.549758820400
Davidson: iter=1 dim=1 root=0 eigenvalue=-0.593302258438
Davidson: iter=2 dim=2 root=0 eigenvalue=-0.597744985301
Davidson: iter=3 dim=3 root=0 eigenvalue=-0.599412338302
Davidson: iter=4 dim=4 root=0 eigenvalue=-0.599547412298
Davidson: iter=5 dim=5 root=0 eigenvalue=-0.599547856711
Davidson: iter=6 dim=6 root=0 eigenvalue=-0.599547859438
Davidson: iter=7 dim=7 root=0 eigenvalue=-0.599547859438
Davidson: iter=7 dim=7 root=1 eigenvalue=-0.484156671712
root no. 0 converged
Davidson: iter=8 dim=8 root=0 eigenvalue=-0.599547859438
Davidson: iter=8 dim=8 root=1 eigenvalue=-0.484156723022
Davidson: iter=9 dim=9 root=0 eigenvalue=-0.599547859438
Davidson: iter=9 dim=9 root=1 eigenvalue=-0.484156723257
Davidson: iter=10 dim=10 root=0 eigenvalue=-0.599547859438
Davidson: iter=10 dim=10 root=1 eigenvalue=-0.484156723257
root no. 1 converged
Davidson converged in 10 iterations.
E(core)= 0.000000000000
E(0)= -0.599547859438
E(1)= -0.484156723257
FCI Excitation energies = 2
0.000000000000 0.115391136181

Vacuum coefficients in CI state 0 = -0.899684241381
Vacuum coefficients in CI state 1 = 0.352958577067
Eigenvector 0 in string basis
0: -0.899684241381 seniority 0 ... 1
1
 | 1
1

1: -0.131326697315 seniority 2 ... 1
1
 | 1
2

5: -0.131326697315 seniority 2 ... 1
2
 | 1
1

6: 0.381349982115 seniority 0 ... 1
2
 | 1
2

Eigenvector 1 in string basis
0: 0.352958577067 seniority 0 ... 1
1
 | 1
1

1: -0.551610945677 seniority 2 ... 1
1
 | 1
2

2: 0.151091819048 seniority 2 ... 1
1
 | 1
3

5: -0.551610945677 seniority 2 ... 1
2
 | 1
1

6: 0.444031762096 seniority 0 ... 1
2
 | 1
2

7: -0.057481465426 seniority 2 ... 1
2
 | 1
3

10: 0.151091819048 seniority 2 ... 1
3
 | 1
1

11: -0.057481465426 seniority 2 ... 1
3
 | 1
2

12: -0.089390835166 seniority 0 ... 1
3
 | 1
3

18: -0.068673971804 seniority 0 ... 1
4
 | 1
4

24: -0.068674639632 seniority 0 ... 1
5
 | 1
5

Seniority vectors for all roots (nroots/seniority)
2 2
0.960063760299 0.039936239701
0.339167674719 0.660832995181

Calculating transition densities
Root 0 MO occupations numbers (density matrix diagonal)
5
1.658119694961 0.326028920228 0.008041797661 0.003904989962 0.003904597189
Root 1 MO occupations numbers (density matrix diagonal)
5
0.903381246992 1.009488763414 0.068247337427 0.009439916816 0.009442735350
Transition densities done:
Trandens between roots 0 0
5 5
1.658119694961 0.137941764262 -0.089116884065 0.001087417392 -0.001259976661
0.137941764262 0.326028920228 0.002574329586 -0.000025524350 0.000028687820
-0.089116884065 0.002574329586 0.008041797661 -0.000041219325 0.000047273810
0.001087417392 -0.000025524350 -0.000041219325 0.003904989962 -0.000000588838
-0.001259976661 0.000028687820 0.000047273810 -0.000000588838 0.003904597189

Trandens between roots 0 1
5 5
-0.475471159247 0.870313548889 -0.265495686541 0.003116082760 -0.003606754791
-0.507846922834 0.481425392047 -0.086821874810 0.001099983196 -0.001277180028
0.025000886524 -0.041601579263 0.006177664727 -0.000152835465 0.000177399726
-0.000287744296 0.000510056603 -0.000164006955 -0.006066499465 -0.000002301882
0.000333429310 -0.000591839189 0.000190896364 -0.000002308721 -0.006065398063

Trandens between roots 1 0
5 5
-0.475471159247 -0.507846922834 0.025000886524 -0.000287744296 0.000333429310
0.870313548889 0.481425392047 -0.041601579263 0.000510056603 -0.000591839189
-0.265495686541 -0.086821874810 0.006177664727 -0.000164006955 0.000190896364
0.003116082760 0.001099983196 -0.000152835465 -0.006066499465 -0.000002308721
-0.003606754791 -0.001277180028 0.000177399726 -0.000002301882 -0.006065398063

Trandens between roots 1 1
5 5
0.903381246992 -0.896633675493 0.143059021818 -0.001814512343 0.002107249001
-0.896633675493 1.009488763414 -0.207457644773 0.002534318999 -0.002938522275
0.143059021818 -0.207457644773 0.068247337427 -0.000692620560 0.000801685680
-0.001814512343 0.002534318999 -0.000692620560 0.009439916816 -0.000009324091
0.002107249001 -0.002938522275 0.000801685680 -0.000009324091 0.009442735350

State 0 :
Natural orbital occupations
5
1.676937343983 0.312332143677 0.003904786235 0.003904106453 0.002921619652
Natural orbitals (in MO basis)
5 5
0.993444309201 -0.099432145369 -0.000725903543 -0.000378613045 0.056400201247
0.101340148582 0.994336004593 0.000439238954 0.000230369994 -0.032028709857
-0.052892369773 0.037532815653 -0.029528485024 -0.014940704938 0.997345741896
0.000645464270 -0.000437871301 -0.920822138981 0.389395591349 -0.021378808304
-0.000747929305 0.000504436434 0.388862362626 0.920949321275 0.025250677666

State 1 :
Natural orbital occupations
5
1.888746245462 0.085905205900 0.009431901073 0.009431591828 0.006485055738
Natural orbitals (in MO basis)
5 5
-0.677503647179 -0.643793144349 -0.000038860089 0.000211896263 0.355695303509
0.722903305103 -0.493655583222 0.000023138235 -0.000219294863 0.483440718186
-0.135620817753 0.584585055159 -0.002098064595 0.016577362267 0.799742518728
0.001679001551 -0.006380337645 0.668107943079 0.743984008474 -0.008720308158
-0.001947890403 0.007359145226 0.744061403698 -0.667991686479 0.010088757406

