Number of strings: 5 5, CI size = 25
String addressing array alpha: 1 5
0 1 2 3 4

Alpha strings 5 1
1
2
3
4
5

Is hamiltonian hermitian? 1
Implicit Hamiltonian constructed
E(core)= 0.000000000000
H(1,1) + E(core) energy = -0.577269372700
Davidson: iter=0 dim=0 root=0 eigenvalue=-0.577269372700
Davidson: iter=1 dim=1 root=0 eigenvalue=-0.620826197151
Davidson: iter=2 dim=2 root=0 eigenvalue=-0.622880916760
Davidson: iter=3 dim=3 root=0 eigenvalue=-0.623214552339
Davidson: iter=4 dim=4 root=0 eigenvalue=-0.623226054522
Davidson: iter=5 dim=5 root=0 eigenvalue=-0.623226093984
Davidson: iter=6 dim=6 root=0 eigenvalue=-0.623226094123
Davidson: iter=7 dim=7 root=0 eigenvalue=-0.623226094123
Davidson: iter=7 dim=7 root=1 eigenvalue=-0.449504417260
root no. 0 converged
Davidson: iter=8 dim=8 root=0 eigenvalue=-0.623226094123
Davidson: iter=8 dim=8 root=1 eigenvalue=-0.449504418305
Davidson: iter=9 dim=9 root=0 eigenvalue=-0.623226094123
Davidson: iter=9 dim=9 root=1 eigenvalue=-0.449504418309
Davidson: iter=10 dim=10 root=0 eigenvalue=-0.623226094123
Davidson: iter=10 dim=10 root=1 eigenvalue=-0.449504418309
root no. 1 converged
Davidson converged in 10 iterations.
E(core)= 0.000000000000
E(0)= -0.623226094123
E(1)= -0.449504418309
FCI Excitation energies = 2
0.000000000000 0.173721675814

Vacuum coefficients in CI state 0 = -0.934989149052
Vacuum coefficients in CI state 1 = -0.241283381341
Eigenvector 0 in string basis
0: -0.934989149052 seniority 0 ... 1
1
 | 1
1

1: -0.068923148101 seniority 2 ... 1
1
 | 1
2

5: -0.068923148101 seniority 2 ... 1
2
 | 1
1

6: 0.327446685506 seniority 0 ... 1
2
 | 1
2

12: 0.052457654515 seniority 0 ... 1
3
 | 1
3

18: 0.052204458416 seniority 0 ... 1
4
 | 1
4

24: 0.052204838261 seniority 0 ... 1
5
 | 1
5

Eigenvector 1 in string basis
0: -0.241283381341 seniority 0 ... 1
1
 | 1
1

1: 0.584112663198 seniority 2 ... 1
1
 | 1
2

2: 0.115236722695 seniority 2 ... 1
1
 | 1
3

5: 0.584112663198 seniority 2 ... 1
2
 | 1
1

6: -0.462902256023 seniority 0 ... 1
2
 | 1
2

10: 0.115236722695 seniority 2 ... 1
3
 | 1
1

12: 0.074290137115 seniority 0 ... 1
3
 | 1
3

18: 0.064233972569 seniority 0 ... 1
4
 | 1
4

24: 0.064233586735 seniority 0 ... 1
5
 | 1
5

Seniority vectors for all roots (nroots/seniority)
2 2
0.989628496827 0.010371503173
0.286267125712 0.713732849888

Calculating transition densities
Root 0 MO occupations numbers (density matrix diagonal)
5
1.758721432535 0.224002952584 0.006374294724 0.005450626876 0.005450693281
Root 1 MO occupations numbers (density matrix diagonal)
5
0.825370104153 1.115730285118 0.042395035252 0.008252563414 0.008252012063
Transition densities done:
Trandens between roots 0 0
5 5
1.758721432535 0.083967154665 0.036299218578 0.000154883523 0.000067280873
0.083967154665 0.224002952584 -0.001367657602 -0.000006062296 -0.000002655870
0.036299218578 -0.001367657602 0.006374294724 0.000002172912 0.000000943377
0.000154883523 -0.000006062296 0.000002172912 0.005450626876 0.000000018216
0.000067280873 -0.000002655870 0.000000943377 0.000000018216 0.005450693281

Trandens between roots 0 1
5 5
0.366035207775 -1.026495758293 -0.211730869384 -0.000885710571 -0.000384623724
0.414534558889 -0.383135130334 -0.048771608774 -0.000207269155 -0.000089514379
0.015437514292 -0.023617024171 0.003686802307 -0.000013423376 -0.000005790296
0.000062391760 -0.000099399386 -0.000013892448 0.006706526093 -0.000000025625
0.000027052971 -0.000043067058 -0.000005987794 -0.000000025591 0.006706594158

Trandens between roots 1 0
5 5
0.366035207775 0.414534558889 0.015437514292 0.000062391760 0.000027052971
-1.026495758293 -0.383135130334 -0.023617024171 -0.000099399386 -0.000043067058
-0.211730869384 -0.048771608774 0.003686802307 -0.000013892448 -0.000005987794
-0.000885710571 -0.000207269155 -0.000013423376 0.006706526093 -0.000000025591
-0.000384623724 -0.000089514379 -0.000005790296 -0.000000025625 0.006706594158

Trandens between roots 1 1
5 5
0.825370104153 -0.833936203349 -0.095706515247 -0.000405399072 -0.000175044981
-0.833936203349 1.115730285118 0.172690467479 0.000726158283 0.000314618830
-0.095706515247 0.172690467479 0.042395035252 0.000143981293 0.000062554597
-0.000405399072 0.000726158283 0.000143981293 0.008252563414 0.000000239871
-0.000175044981 0.000314618830 0.000062554597 0.000000239871 0.008252012063

State 0 :
Natural orbital occupations
5
1.764046126745 0.219474860706 0.005577723788 0.005450688802 0.005450599959
Natural orbitals (in MO basis)
5 5
-0.998306572585 0.054095850764 -0.021389726390 -0.000151986836 0.000287348092
-0.054411995843 -0.998413529869 0.014481339412 0.000103464463 -0.000195414128
-0.020574564076 0.015622319559 0.999610718297 0.004929291825 -0.009313666967
-0.000087760992 0.000067586648 -0.009667556063 0.076002701549 -0.997060738093
-0.000038122377 0.000029464018 -0.004209588953 0.997095410497 0.076046166274

State 1 :
Natural orbital occupations
5
1.837949731114 0.136414699138 0.009131717225 0.008251964174 0.008251888348
Natural orbitals (in MO basis)
5 5
-0.638081266100 -0.750223393508 0.173254475434 -0.000147574691 -0.000150497164
0.762449989200 -0.584277016440 0.278011286645 -0.000226360744 -0.000235130840
0.107340899902 -0.309488710732 -0.944808272453 0.004066536924 0.003932012040
0.000452420254 -0.001285078826 -0.004996004777 -0.939606586249 -0.342217251028
0.000195818587 -0.000560708915 -0.002231474807 0.342232162920 -0.939612587423

