Number of strings: 5 5, CI size = 25
String addressing array alpha: 1 5
0 1 2 3 4

Alpha strings 5 1
1
2
3
4
5

Is hamiltonian hermitian? 1
Implicit Hamiltonian constructed
E(core)= 0.000000000000
H(1,1) + E(core) energy = -0.660161846000
Davidson: iter=0 dim=0 root=0 eigenvalue=-0.660161846000
Davidson: iter=1 dim=1 root=0 eigenvalue=-0.699901351966
Davidson: iter=2 dim=2 root=0 eigenvalue=-0.700235010916
Davidson: iter=3 dim=3 root=0 eigenvalue=-0.700248503424
Davidson: iter=4 dim=4 root=0 eigenvalue=-0.700248840412
Davidson: iter=5 dim=5 root=0 eigenvalue=-0.700248841605
Davidson: iter=6 dim=6 root=0 eigenvalue=-0.700248841607
Davidson: iter=7 dim=7 root=0 eigenvalue=-0.700248841607
Davidson: iter=7 dim=7 root=1 eigenvalue=-0.405020094294
root no. 0 converged
Davidson: iter=8 dim=8 root=0 eigenvalue=-0.700248841607
Davidson: iter=8 dim=8 root=1 eigenvalue=-0.405020111638
Davidson: iter=9 dim=9 root=0 eigenvalue=-0.700248841607
Davidson: iter=9 dim=9 root=1 eigenvalue=-0.405020111644
Davidson: iter=10 dim=10 root=0 eigenvalue=-0.700248841607
Davidson: iter=10 dim=10 root=1 eigenvalue=-0.405020111644
root no. 1 converged
Davidson converged in 10 iterations.
E(core)= 0.000000000000
E(0)= -0.700248841607
E(1)= -0.405020111644
FCI Excitation energies = 2
0.000000000000 0.295228729963

Vacuum coefficients in CI state 0 = -0.964913937497
Vacuum coefficients in CI state 1 = 0.091699061767
Eigenvector 0 in string basis
0: -0.964913937497 seniority 0 ... 1
1
 | 1
1

6: 0.237858726710 seniority 0 ... 1
2
 | 1
2

12: 0.063397043861 seniority 0 ... 1
3
 | 1
3

18: 0.062316599594 seniority 0 ... 1
4
 | 1
4

24: 0.062320875544 seniority 0 ... 1
5
 | 1
5

Eigenvector 1 in string basis
0: 0.091699061767 seniority 0 ... 1
1
 | 1
1

1: -0.650931531793 seniority 2 ... 1
1
 | 1
2

2: 0.120913039377 seniority 2 ... 1
1
 | 1
3

5: -0.650931531793 seniority 2 ... 1
2
 | 1
1

6: 0.321849942092 seniority 0 ... 1
2
 | 1
2

10: 0.120913039377 seniority 2 ... 1
3
 | 1
1

12: -0.056177637927 seniority 0 ... 1
3
 | 1
3

Seniority vectors for all roots (nroots/seniority)
2 2
0.999422115933 0.000577884067
0.119632025975 0.880367992125

Calculating transition densities
Root 0 MO occupations numbers (density matrix diagonal)
5
1.862695628179 0.113597331008 0.008172540050 0.007766717683 0.007767783080
Root 1 MO occupations numbers (density matrix diagonal)
5
0.893481195521 1.058302720227 0.039255998576 0.004480852504 0.004479233172
Transition densities done:
Trandens between roots 0 0
5 5
1.862695628179 0.021655722376 -0.014758437398 -0.000028857848 0.000006073358
0.021655722376 0.113597331008 -0.000356198546 -0.000000714353 0.000000187578
-0.014758437398 -0.000356198546 0.008172540050 0.000000448946 -0.000000071419
-0.000028857848 -0.000000714353 0.000000448946 0.007766717683 -0.000000000100
0.000006073358 0.000000187578 -0.000000071419 -0.000000000100 0.007767783080

Trandens between roots 0 1
5 5
-0.155592154895 1.245893195728 -0.232979331573 -0.000451592820 0.000101132276
-0.312436240821 0.172516743594 -0.024054070245 -0.000045825295 0.000010507732
0.017075379132 -0.016236864630 -0.005126782056 0.000001240064 -0.000000328010
0.000032831970 -0.000031336236 0.000001305827 -0.005899191661 -0.000000000551
-0.000007365384 0.000006830349 -0.000000296020 -0.000000000461 -0.005898614983

Trandens between roots 1 0
5 5
-0.155592154895 -0.312436240821 0.017075379132 0.000032831970 -0.000007365384
1.245893195728 0.172516743594 -0.016236864630 -0.000031336236 0.000006830349
-0.232979331573 -0.024054070245 -0.005126782056 0.000001305827 -0.000000296020
-0.000451592820 -0.000045825295 0.000001240064 -0.005899191661 -0.000000000461
0.000101132276 0.000010507732 -0.000000328010 -0.000000000551 -0.005898614983

Trandens between roots 1 1
5 5
0.893481195521 -0.548791472754 0.064617149082 0.000122341756 -0.000028161210
-0.548791472754 1.058302720227 -0.180279233804 -0.000348190950 0.000078319747
0.064617149082 -0.180279233804 0.039255998576 0.000067874883 -0.000015185131
0.000122341756 -0.000348190950 0.000067874883 0.004480852504 -0.000000029582
-0.000028161210 0.000078319747 -0.000015185131 -0.000000029582 0.004479233172

State 0 :
Natural orbital occupations
5
1.863081185290 0.113329536792 0.008054777793 0.007767783058 0.007766717067
Natural orbitals (in MO basis)
5 5
-0.999891714389 -0.012392117327 0.007936928095 -0.000002628139 0.000009491336
-0.012378629238 0.999921856958 0.001746284505 -0.000000966140 0.000002252820
0.007957938288 -0.001647844942 0.999966686048 0.000079757648 -0.000759116217
0.000015559162 -0.000003385921 0.000759010972 0.000011444338 0.999999711759
-0.000003274698 0.000001064963 -0.000079741131 0.999999996750 -0.000011383762

State 1 :
Natural orbital occupations
5
1.552022721638 0.432121112661 0.006896219271 0.004480719891 0.004479226539
Natural orbitals (in MO basis)
5 5
-0.642530007801 -0.764746773019 0.048141065377 0.000007317540 0.000001713575
0.757170283671 -0.624004791484 0.193161020278 0.000043990793 0.000006413793
-0.117678786377 0.160562416000 0.979982909689 0.002166244589 0.000466804981
-0.000226317318 0.000314775123 0.002131759982 -0.999997651468 -0.000048520960
0.000051166757 -0.000069623382 -0.000458678907 -0.000049532360 0.999999889847

