Number of strings: 13 13, CI size = 169
String addressing array alpha: 1 13
0 1 2 3 4 5 6 7 8 9 10 11 12

Alpha strings 13 1
1
2
3
4
5
6
7
8
9
10
11
12
13

Is hamiltonian hermitian? 1
Implicit Hamiltonian constructed
E(core)= 0.000000000000
H(1,1) + E(core) energy = -0.801055964300
Davidson: iter=0 dim=0 root=0 eigenvalue=-0.801055964300
Davidson: iter=1 dim=1 root=0 eigenvalue=-0.833995668208
Davidson: iter=2 dim=2 root=0 eigenvalue=-0.836905574119
Davidson: iter=3 dim=3 root=0 eigenvalue=-0.837399164016
Davidson: iter=4 dim=4 root=0 eigenvalue=-0.837445984363
Davidson: iter=5 dim=5 root=0 eigenvalue=-0.837450684833
Davidson: iter=6 dim=6 root=0 eigenvalue=-0.837451247202
Davidson: iter=7 dim=7 root=0 eigenvalue=-0.837451284498
Davidson: iter=8 dim=8 root=0 eigenvalue=-0.837451288689
Davidson: iter=9 dim=9 root=0 eigenvalue=-0.837451289006
Davidson: iter=10 dim=10 root=0 eigenvalue=-0.837451289027
Davidson: iter=11 dim=11 root=0 eigenvalue=-0.837451289028
Davidson: iter=11 dim=11 root=1 eigenvalue=-0.505516832528
root no. 0 converged
Davidson: iter=12 dim=12 root=0 eigenvalue=-0.837451289028
Davidson: iter=12 dim=12 root=1 eigenvalue=-0.516895069037
Davidson: iter=13 dim=13 root=0 eigenvalue=-0.837451289028
Davidson: iter=13 dim=13 root=1 eigenvalue=-0.517865692925
Davidson: iter=14 dim=14 root=0 eigenvalue=-0.837451289028
Davidson: iter=14 dim=14 root=1 eigenvalue=-0.517962167244
Davidson: iter=15 dim=15 root=0 eigenvalue=-0.837451289028
Davidson: iter=15 dim=15 root=1 eigenvalue=-0.517988081557
Davidson: iter=16 dim=16 root=0 eigenvalue=-0.837451289028
Davidson: iter=16 dim=16 root=1 eigenvalue=-0.517995762362
Davidson: iter=17 dim=17 root=0 eigenvalue=-0.837451289028
Davidson: iter=17 dim=17 root=1 eigenvalue=-0.517997724543
Davidson: iter=18 dim=18 root=0 eigenvalue=-0.837451289028
Davidson: iter=18 dim=18 root=1 eigenvalue=-0.517998041092
Davidson: iter=19 dim=19 root=0 eigenvalue=-0.837451289028
Davidson: iter=19 dim=19 root=1 eigenvalue=-0.517998103304
Davidson: iter=20 dim=20 root=0 eigenvalue=-0.837451289028
Davidson: iter=20 dim=20 root=1 eigenvalue=-0.517998224144
Davidson: iter=21 dim=21 root=0 eigenvalue=-0.837451289028
Davidson: iter=21 dim=21 root=1 eigenvalue=-0.517998257220
Davidson: iter=22 dim=22 root=0 eigenvalue=-0.837451289028
Davidson: iter=22 dim=22 root=1 eigenvalue=-0.517998264982
Davidson: iter=23 dim=23 root=0 eigenvalue=-0.837451289028
Davidson: iter=23 dim=23 root=1 eigenvalue=-0.517998265582
Davidson: iter=24 dim=24 root=0 eigenvalue=-0.837451289028
Davidson: iter=24 dim=24 root=1 eigenvalue=-0.517998265638
Davidson: iter=25 dim=25 root=0 eigenvalue=-0.837451289028
Davidson: iter=25 dim=25 root=1 eigenvalue=-0.517998265644
Davidson: iter=26 dim=26 root=0 eigenvalue=-0.837451289028
Davidson: iter=26 dim=26 root=1 eigenvalue=-0.517998265649
Davidson: iter=27 dim=27 root=0 eigenvalue=-0.837451289028
Davidson: iter=27 dim=27 root=1 eigenvalue=-0.517998265653
Davidson: iter=28 dim=28 root=0 eigenvalue=-0.837451289028
Davidson: iter=28 dim=28 root=1 eigenvalue=-0.517998265655
Davidson: iter=29 dim=29 root=0 eigenvalue=-0.837451289028
Davidson: iter=29 dim=29 root=1 eigenvalue=-0.517998265655
root no. 1 converged
Davidson converged in 29 iterations.
E(core)= 0.000000000000
E(0)= -0.837451289028
E(1)= -0.517998265655
FCI Excitation energies = 2
0.000000000000 0.319453023372

Vacuum coefficients in CI state 0 = 0.982215915604
Vacuum coefficients in CI state 1 = 0.041595565611
Eigenvector 0 in string basis
0: 0.982215915604 seniority 0 ... 1
1
 | 1
1

14: -0.142530580981 seniority 0 ... 1
2
 | 1
2

28: -0.067365481514 seniority 0 ... 1
3
 | 1
3

42: -0.068526624670 seniority 0 ... 1
4
 | 1
4

56: -0.068557971311 seniority 0 ... 1
5
 | 1
5

Eigenvector 1 in string basis
1: -0.624438265724 seniority 2 ... 1
1
 | 1
2

5: -0.237955605615 seniority 2 ... 1
1
 | 1
6

13: -0.624437948928 seniority 2 ... 1
2
 | 1
1

14: 0.262212177992 seniority 0 ... 1
2
 | 1
2

18: 0.103319244744 seniority 2 ... 1
2
 | 1
6

65: -0.237955562205 seniority 2 ... 1
6
 | 1
1

66: 0.103319234211 seniority 2 ... 1
6
 | 1
2

Seniority vectors for all roots (nroots/seniority)
2 2
0.999814729870 0.000185270130
0.071726124603 0.928273875397

Calculating transition densities
Root 0 MO occupations numbers (density matrix diagonal)
13
1.929668403694 0.040634507969 0.009130130712 0.009394410630 0.009403058688 0.000428927688 0.000262884402 0.000263039008 0.000206758339 0.000161252411 0.000165738635 0.000140517090 0.000140370734
Root 1 MO occupations numbers (density matrix diagonal)
13
0.898892012669 0.941375937614 0.006371904109 0.003446590716 0.003441865322 0.135213221491 0.003457338069 0.003460450475 0.004078527144 0.000038995071 0.000038032545 0.000091943457 0.000093181320
Transition densities done:
Trandens between roots 0 0
13 13
1.929668403694 0.001836305765 0.008896602616 -0.000097377782 0.000256490872 0.014646000396 -0.000007264247 -0.000006385917 -0.004040053386 0.000027895637 0.000058835119 -0.000207566772 -0.000256189357
0.001836305765 0.040634507969 -0.000358946484 0.000010790282 -0.000001979523 0.000084490174 0.000002019973 -0.000003168955 0.000159749926 0.000000312638 -0.000001027427 0.000014187879 0.000017360675
0.008896602616 -0.000358946484 0.009130130712 -0.000009494199 -0.000020845927 -0.000085877394 -0.000006014504 -0.000000696348 -0.000218146467 0.000000140374 0.000001261561 -0.000006164007 -0.000007789121
-0.000097377782 0.000010790282 -0.000009494199 0.009394410630 0.000007854128 0.000003407567 -0.000075075204 -0.000160743944 0.000007959112 0.000000018089 -0.000001130240 -0.000038771160 0.000002077987
0.000256490872 -0.000001979523 -0.000020845927 0.000007854128 0.009403058688 0.000000693244 0.000160657646 -0.000076704072 0.000000233754 0.000000238822 -0.000002042857 -0.000000570557 -0.000039016273
0.014646000396 0.000084490174 -0.000085877394 0.000003407567 0.000000693244 0.000428927688 0.000000120372 -0.000000262719 -0.000015378042 0.000000368805 0.000000702627 -0.000001960272 -0.000002361638
-0.000007264247 0.000002019973 -0.000006014504 -0.000075075204 0.000160657646 0.000000120372 0.000262884402 -0.000000111465 0.000000051863 -0.000000008579 0.000000028834 -0.000003833188 0.000007976844
-0.000006385917 -0.000003168955 -0.000000696348 -0.000160743944 -0.000076704072 -0.000000262719 -0.000000111465 0.000263039008 -0.000000002485 0.000000082087 0.000000021806 -0.000007869024 -0.000003232406
-0.004040053386 0.000159749926 -0.000218146467 0.000007959112 0.000000233754 -0.000015378042 0.000000051863 -0.000000002485 0.000206758339 -0.000000026516 0.000000180565 -0.000002622200 -0.000002966097
0.000027895637 0.000000312638 0.000000140374 0.000000018089 0.000000238822 0.000000368805 -0.000000008579 0.000000082087 -0.000000026516 0.000161252411 -0.000001754622 -0.000000024270 0.000000038430
0.000058835119 -0.000001027427 0.000001261561 -0.000001130240 -0.000002042857 0.000000702627 0.000000028834 0.000000021806 0.000000180565 -0.000001754622 0.000165738635 -0.000000072094 -0.000000401299
-0.000207566772 0.000014187879 -0.000006164007 -0.000038771160 -0.000000570557 -0.000001960272 -0.000003833188 -0.000007869024 -0.000002622200 -0.000000024270 -0.000000072094 0.000140517090 -0.000000040076
-0.000256189357 0.000017360675 -0.000007789121 0.000002077987 -0.000039016273 -0.000002361638 0.000007976844 -0.000003232406 -0.000002966097 0.000000038430 -0.000000401299 -0.000000040076 0.000140370734

Trandens between roots 0 1
13 13
0.076946113481 -1.224910065213 0.008612920870 0.000795851193 -0.000076827121 -0.467494570577 -0.000267723128 -0.000568459530 -0.066718613752 0.000030595538 0.000090130707 0.000199793916 0.000525994000
0.178239011990 -0.076219901242 0.010270027774 -0.000078880295 0.000275687379 -0.029999934627 -0.000034171967 0.000011202113 -0.001723272801 0.000009248611 0.000042221280 -0.000305428283 -0.000364603080
-0.001870803570 -0.000529921507 0.003814275297 -0.000124060701 0.000049262535 -0.000035903980 0.000134539878 0.000074938080 0.003403622994 -0.000001412874 -0.000001830554 0.000006902558 -0.000006565550
-0.000012279028 0.000007263631 -0.000130984630 -0.000878813146 0.000008241044 -0.000021137786 0.002400860715 0.005075093076 -0.000101703030 -0.000005166128 0.000007255083 0.000168777139 -0.000009520813
0.000005779154 -0.000042152662 0.000047537239 0.000008673084 -0.000875006731 -0.000027712860 -0.005072444968 0.002407479262 0.000028094025 -0.000006446580 -0.000000337649 0.000000057799 0.000163077683
0.006874708645 -0.012195043884 0.000432904787 -0.000000469091 0.000006410975 -0.003500698133 -0.000003054296 -0.000003456119 -0.000679362643 0.000000506131 0.000001724198 -0.000006019839 -0.000004893658
0.000013036811 -0.000002802283 0.000022182989 0.000406239144 -0.000857537390 -0.000000486473 0.000056867950 0.000000191138 -0.000000108541 -0.000000073674 0.000000061586 0.000002305593 -0.000004915478
-0.000007180556 0.000011049515 0.000014508237 0.000858095182 0.000406730383 0.000004480925 -0.000000010916 0.000056563461 0.000000405857 -0.000000222085 -0.000000030041 0.000004816638 0.000001967013
0.001311266021 0.002056326991 0.000500068829 -0.000015315297 0.000006203999 0.000754004479 -0.000000226774 0.000002621635 0.000224849614 -0.000000092904 -0.000000505315 0.000001560760 0.000001618205
0.000003805713 -0.000018580985 0.000000161587 -0.000000541185 -0.000000766209 -0.000006836100 -0.000000127127 -0.000000212431 -0.000001090987 0.000079281314 -0.000000143036 -0.000000468112 -0.000000261836
0.000000514204 -0.000034083741 0.000000781021 0.000001085071 -0.000000004914 -0.000012811916 0.000000840659 -0.000000955368 -0.000002132000 -0.000000143753 0.000079329825 0.000000049820 -0.000000132969
0.000039529159 0.000090422823 -0.000004086723 0.000004846328 0.000000192620 0.000035835275 -0.000006552824 -0.000014395850 0.000007498797 -0.000000407229 0.000000033863 0.000108569439 0.000000211981
0.000046377513 0.000111672770 -0.000006729886 -0.000000202420 0.000004377801 0.000044111262 0.000014752181 -0.000006102355 0.000008645945 -0.000000228186 -0.000000062837 0.000000238111 0.000108568872

Trandens between roots 1 0
13 13
0.076946113481 0.178239011990 -0.001870803570 -0.000012279028 0.000005779154 0.006874708645 0.000013036811 -0.000007180556 0.001311266021 0.000003805713 0.000000514204 0.000039529159 0.000046377513
-1.224910065213 -0.076219901242 -0.000529921507 0.000007263631 -0.000042152662 -0.012195043884 -0.000002802283 0.000011049515 0.002056326991 -0.000018580985 -0.000034083741 0.000090422823 0.000111672770
0.008612920870 0.010270027774 0.003814275297 -0.000130984630 0.000047537239 0.000432904787 0.000022182989 0.000014508237 0.000500068829 0.000000161587 0.000000781021 -0.000004086723 -0.000006729886
0.000795851193 -0.000078880295 -0.000124060701 -0.000878813146 0.000008673084 -0.000000469091 0.000406239144 0.000858095182 -0.000015315297 -0.000000541185 0.000001085071 0.000004846328 -0.000000202420
-0.000076827121 0.000275687379 0.000049262535 0.000008241044 -0.000875006731 0.000006410975 -0.000857537390 0.000406730383 0.000006203999 -0.000000766209 -0.000000004914 0.000000192620 0.000004377801
-0.467494570577 -0.029999934627 -0.000035903980 -0.000021137786 -0.000027712860 -0.003500698133 -0.000000486473 0.000004480925 0.000754004479 -0.000006836100 -0.000012811916 0.000035835275 0.000044111262
-0.000267723128 -0.000034171967 0.000134539878 0.002400860715 -0.005072444968 -0.000003054296 0.000056867950 -0.000000010916 -0.000000226774 -0.000000127127 0.000000840659 -0.000006552824 0.000014752181
-0.000568459530 0.000011202113 0.000074938080 0.005075093076 0.002407479262 -0.000003456119 0.000000191138 0.000056563461 0.000002621635 -0.000000212431 -0.000000955368 -0.000014395850 -0.000006102355
-0.066718613752 -0.001723272801 0.003403622994 -0.000101703030 0.000028094025 -0.000679362643 -0.000000108541 0.000000405857 0.000224849614 -0.000001090987 -0.000002132000 0.000007498797 0.000008645945
0.000030595538 0.000009248611 -0.000001412874 -0.000005166128 -0.000006446580 0.000000506131 -0.000000073674 -0.000000222085 -0.000000092904 0.000079281314 -0.000000143753 -0.000000407229 -0.000000228186
0.000090130707 0.000042221280 -0.000001830554 0.000007255083 -0.000000337649 0.000001724198 0.000000061586 -0.000000030041 -0.000000505315 -0.000000143036 0.000079329825 0.000000033863 -0.000000062837
0.000199793916 -0.000305428283 0.000006902558 0.000168777139 0.000000057799 -0.000006019839 0.000002305593 0.000004816638 0.000001560760 -0.000000468112 0.000000049820 0.000108569439 0.000000238111
0.000525994000 -0.000364603080 -0.000006565550 -0.000009520813 0.000163077683 -0.000004893658 -0.000004915478 0.000001967013 0.000001618205 -0.000000261836 -0.000000132969 0.000000211981 0.000108568872

Trandens between roots 1 1
13 13
0.898892012669 -0.429303877724 0.054413309713 -0.000468053209 0.001364661988 -0.146084396503 -0.000193747986 0.000004467755 -0.011755999036 0.000045116609 0.000203091313 -0.001455316836 -0.001727370553
-0.429303877724 0.941375937614 -0.026105541422 -0.000352493575 -0.000506381861 0.351146005807 0.000227022362 0.000388206983 0.048135989051 -0.000038648142 -0.000142428071 0.000485435184 0.000393108946
0.054413309713 -0.026105541422 0.006371904109 -0.000032488607 0.000062066863 -0.008789412916 -0.000000998164 -0.000015342870 0.001215716724 0.000001683878 0.000009359235 -0.000072000352 -0.000090732259
-0.000468053209 -0.000352493575 -0.000032488607 0.003446590716 -0.000001947550 -0.000155480813 0.000019937018 0.000058006741 -0.000079686410 -0.000001184535 0.000000296784 0.000042856974 -0.000001398367
0.001364661988 -0.000506381861 0.000062066863 -0.000001947550 0.003441865322 -0.000172458762 -0.000057220995 0.000034185099 0.000008745830 -0.000000407486 0.000000085540 -0.000002050215 0.000039078162
-0.146084396503 0.351146005807 -0.008789412916 -0.000155480813 -0.000172458762 0.135213221491 0.000087520452 0.000136067683 0.018015911405 -0.000014232447 -0.000052086126 0.000166606100 0.000127562617
-0.000193747986 0.000227022362 -0.000000998164 0.000019937018 -0.000057220995 0.000087520452 0.003457338069 0.000001087381 0.000015929850 0.000002131070 0.000002028182 0.000050284416 -0.000104681267
0.000004467755 0.000388206983 -0.000015342870 0.000058006741 0.000034185099 0.000136067683 0.000001087381 0.003460450475 0.000006770457 -0.000004893759 0.000003960365 0.000105303770 0.000042036152
-0.011755999036 0.048135989051 0.001215716724 -0.000079686410 0.000008745830 0.018015911405 0.000015929850 0.000006770457 0.004078527144 -0.000002258059 -0.000006861951 0.000014723411 0.000004471827
0.000045116609 -0.000038648142 0.000001683878 -0.000001184535 -0.000000407486 -0.000014232447 0.000002131070 -0.000004893759 -0.000002258059 0.000038995071 0.000000279743 -0.000000748782 -0.000000547164
0.000203091313 -0.000142428071 0.000009359235 0.000000296784 0.000000085540 -0.000052086126 0.000002028182 0.000003960365 -0.000006861951 0.000000279743 0.000038032545 -0.000000112539 -0.000000381999
-0.001455316836 0.000485435184 -0.000072000352 0.000042856974 -0.000002050215 0.000166606100 0.000050284416 0.000105303770 0.000014723411 -0.000000748782 -0.000000112539 0.000091943457 0.000003559736
-0.001727370553 0.000393108946 -0.000090732259 -0.000001398367 0.000039078162 0.000127562617 -0.000104681267 0.000042036152 0.000004471827 -0.000000547164 -0.000000381999 0.000003559736 0.000093181320

State 0 :
Natural orbital occupations
13
1.929831126831 0.040637833571 0.009413071448 0.009393379146 0.009089932682 0.000316056088 0.000260307103 0.000260187128 0.000192558548 0.000166342721 0.000160645947 0.000139541325 0.000139017462
Natural orbitals (in MO basis)
13 13
-0.999957776391 -0.000921940975 0.000244532120 -0.000060888659 0.004550338320 -0.007448422848 -0.000005158478 0.000011020684 -0.002686366726 0.000047808968 -0.000022967313 0.000044087264 -0.000354829989
-0.000971242421 0.999921044200 -0.000989855858 0.000217486813 -0.011761401762 -0.001941438991 0.000099161395 -0.000010042719 0.003610336349 -0.000082793331 0.000021692113 -0.000105595920 0.000878773700
-0.004631477152 -0.011685313244 -0.073477493952 -0.010439203536 -0.996760850284 0.019451914379 -0.000049931006 0.000614196339 -0.020364668707 0.000407013954 -0.000155656777 0.000388333746 -0.002841478554
0.000050713590 0.000352858369 0.497142745168 -0.867002110355 -0.027588089934 -0.000546523023 0.012114112488 0.014659623546 0.001171937816 -0.000129476224 0.000022858337 0.004918623803 -0.002768252833
-0.000133507098 -0.000063075193 0.864319065701 0.497799779369 -0.068931377580 0.000109454639 0.014811333148 -0.012022128481 0.000545136192 -0.000152952443 0.000022784133 -0.003074109241 -0.004762911948
-0.007590485277 0.001788672575 0.001345357212 -0.000288002725 0.017407149729 0.995340534800 0.001085404472 -0.000848035950 0.094472478627 0.000445627827 -0.001238139725 -0.000269869145 0.001659000943
0.000003764790 0.000051089094 0.011142610078 0.015891380405 -0.000346264789 0.001749660309 -0.427705287663 0.900170277419 -0.006008559275 -0.000554726479 0.000181834330 0.068236338686 0.041099142375
0.000003314084 -0.000079536282 -0.015970520377 0.011080244455 0.001179477050 -0.001720335136 0.900487385723 0.427512162226 0.012872852185 0.000093251869 -0.000963887983 0.043454004951 -0.062599794425
0.002094114517 0.004105361265 0.002067847684 -0.000459761349 0.022139521175 0.093824580450 0.007598234996 -0.000029909402 -0.991139656355 0.012932153040 -0.004247735349 0.011991971391 -0.089086583390
-0.000014457521 0.000007062005 0.000022808184 0.000010899076 -0.000003081478 0.001002222321 0.000813677427 0.000281581689 0.000279713455 0.326114925170 0.945328244536 0.001241818317 0.000445639477
-0.000030493502 -0.000027051119 -0.000259758503 -0.000005737149 -0.000088509011 0.002033056428 -0.000103228107 0.000285566994 -0.012457879672 -0.945152233455 0.326070108467 -0.006305946816 -0.012894716096
0.000107571768 0.000356138403 -0.002081925909 0.003595047818 0.000675067452 -0.004389774906 -0.049600014128 -0.061692506372 0.058074874037 0.000689803283 -0.001029787806 0.834362652980 -0.542366560779
0.000132775062 0.000436421625 -0.003458062081 -0.002272814838 0.000995884540 -0.005079695012 -0.057487128891 0.052537253126 0.067458949276 0.012956265102 -0.003342054041 -0.545046347257 -0.831916868058

State 1 :
Natural orbital occupations
13
1.451175797147 0.526786327879 0.004354097851 0.003527787289 0.003512786677 0.003452214713 0.003395909660 0.003378622782 0.000169400277 0.000085849718 0.000084257358 0.000039044086 0.000037904563
Natural orbitals (in MO basis)
13 13
0.636368106761 -0.768605306275 0.057339452667 0.002737452160 0.000449829924 0.023561512035 -0.000093855898 -0.000647676164 0.020398718050 -0.003773544881 -0.000025107837 0.000082541237 0.000281273992
-0.722950193727 -0.588543867245 0.011777989736 0.084372798728 0.002191941149 0.345464807189 0.000476193288 -0.000263063584 -0.065954957655 -0.000743741117 0.000006692322 0.000017200657 0.000002250500
0.038609585687 -0.046858807551 -0.826510527109 0.017825226421 0.014068614589 -0.080783299982 0.020823727103 -0.000325619596 -0.552590361074 0.018960879023 -0.000176887718 -0.000422872883 -0.001651853991
-0.000000452555 0.001165621087 0.036247143586 0.440645277062 0.467974890585 -0.108021040908 0.669916570935 0.353207395091 0.012873871347 0.006639033757 -0.009692582072 -0.000172966069 0.000129835054
0.000885639333 -0.001361166451 0.009154439155 0.455716517609 -0.454357109436 -0.109656595249 -0.353502897204 0.669778627526 -0.007749408957 0.009337021654 0.007490870259 -0.000050525622 -0.000075430024
-0.264254809036 -0.242071053176 0.053387151219 -0.224022411810 -0.004890892296 -0.903483206617 0.000977857928 0.001336084493 0.047083264994 0.003035074363 -0.000172631296 -0.000146858579 -0.000329431137
-0.000214888712 -0.000012602493 -0.012729038465 -0.257895983755 0.709113634526 0.059375546931 -0.522112933839 0.391387922672 -0.000318462297 -0.014570643810 -0.030991227177 0.000713881213 0.000438176961
-0.000217367837 -0.000504794404 0.025683162837 0.687252900680 0.265146758673 -0.171110864947 -0.391185485963 -0.522772711321 0.002121481249 0.029304023514 -0.016092697267 -0.000674869399 0.001320185186
-0.032475311461 -0.045364909117 -0.555305807798 0.027737673110 -0.002266053254 0.025103436852 0.000910339146 0.001581505449 0.828719887015 -0.018284656596 -0.001519193866 -0.000101291399 0.001230876100
0.000041727494 -0.000016065764 0.000240753769 -0.001327071959 -0.000036334301 0.000447041039 0.000045771190 0.000799334781 -0.000020123430 0.012787235459 -0.004546733707 -0.968934358356 0.246939991366
0.000169905793 -0.000113514114 0.000776368520 0.000728275185 0.000798905350 0.000327391699 -0.000711750758 -0.000385227051 0.001874550852 -0.001181094839 0.000798762040 -0.246981217718 -0.969016076150
-0.000912687615 0.001509881221 -0.003264411463 0.022178760735 0.024271023513 -0.009046448411 -0.011786916715 -0.006255688942 -0.015094439772 -0.633850828166 0.772342421889 -0.010956929419 0.004214517636
-0.000979099649 0.002030412869 -0.002908104746 0.020825405387 -0.024340454696 -0.009013895465 0.006663433939 -0.010977726095 -0.020554689803 -0.772106265349 -0.634108833305 -0.006724409748 0.002081804682

