Number of strings: 13 13, CI size = 169
String addressing array alpha: 1 13
0 1 2 3 4 5 6 7 8 9 10 11 12

Alpha strings 13 1
1
2
3
4
5
6
7
8
9
10
11
12
13

Is hamiltonian hermitian? 1
Implicit Hamiltonian constructed
E(core)= 0.000000000000
H(1,1) + E(core) energy = -0.801055964800
Davidson: iter=0 dim=0 root=0 eigenvalue=-0.801055964800
Davidson: iter=1 dim=1 root=0 eigenvalue=-0.833995786507
Davidson: iter=2 dim=2 root=0 eigenvalue=-0.836906253545
Davidson: iter=3 dim=3 root=0 eigenvalue=-0.837399040166
Davidson: iter=4 dim=4 root=0 eigenvalue=-0.837445763802
Davidson: iter=5 dim=5 root=0 eigenvalue=-0.837450311510
Davidson: iter=6 dim=6 root=0 eigenvalue=-0.837450848541
Davidson: iter=7 dim=7 root=0 eigenvalue=-0.837450880256
Davidson: iter=8 dim=8 root=0 eigenvalue=-0.837450884013
Davidson: iter=9 dim=9 root=0 eigenvalue=-0.837450884327
Davidson: iter=10 dim=10 root=0 eigenvalue=-0.837450884348
Davidson: iter=11 dim=11 root=0 eigenvalue=-0.837450884349
Davidson: iter=11 dim=11 root=1 eigenvalue=-0.505606150635
root no. 0 converged
Davidson: iter=12 dim=12 root=0 eigenvalue=-0.837450884349
Davidson: iter=12 dim=12 root=1 eigenvalue=-0.516934151705
Davidson: iter=13 dim=13 root=0 eigenvalue=-0.837450884349
Davidson: iter=13 dim=13 root=1 eigenvalue=-0.517877511690
Davidson: iter=14 dim=14 root=0 eigenvalue=-0.837450884349
Davidson: iter=14 dim=14 root=1 eigenvalue=-0.517969465786
Davidson: iter=15 dim=15 root=0 eigenvalue=-0.837450884349
Davidson: iter=15 dim=15 root=1 eigenvalue=-0.517992182120
Davidson: iter=16 dim=16 root=0 eigenvalue=-0.837450884349
Davidson: iter=16 dim=16 root=1 eigenvalue=-0.517999404236
Davidson: iter=17 dim=17 root=0 eigenvalue=-0.837450884349
Davidson: iter=17 dim=17 root=1 eigenvalue=-0.518000963764
Davidson: iter=18 dim=18 root=0 eigenvalue=-0.837450884349
Davidson: iter=18 dim=18 root=1 eigenvalue=-0.518001211166
Davidson: iter=19 dim=19 root=0 eigenvalue=-0.837450884349
Davidson: iter=19 dim=19 root=1 eigenvalue=-0.518001244488
Davidson: iter=20 dim=20 root=0 eigenvalue=-0.837450884349
Davidson: iter=20 dim=20 root=1 eigenvalue=-0.518001297248
Davidson: iter=21 dim=21 root=0 eigenvalue=-0.837450884349
Davidson: iter=21 dim=21 root=1 eigenvalue=-0.518001316530
Davidson: iter=22 dim=22 root=0 eigenvalue=-0.837450884349
Davidson: iter=22 dim=22 root=1 eigenvalue=-0.518001321655
Davidson: iter=23 dim=23 root=0 eigenvalue=-0.837450884349
Davidson: iter=23 dim=23 root=1 eigenvalue=-0.518001322046
Davidson: iter=24 dim=24 root=0 eigenvalue=-0.837450884349
Davidson: iter=24 dim=24 root=1 eigenvalue=-0.518001322066
Davidson: iter=25 dim=25 root=0 eigenvalue=-0.837450884349
Davidson: iter=25 dim=25 root=1 eigenvalue=-0.518001322068
Davidson: iter=26 dim=26 root=0 eigenvalue=-0.837450884349
Davidson: iter=26 dim=26 root=1 eigenvalue=-0.518001322069
Davidson: iter=27 dim=27 root=0 eigenvalue=-0.837450884349
Davidson: iter=27 dim=27 root=1 eigenvalue=-0.518001322071
Davidson: iter=28 dim=28 root=0 eigenvalue=-0.837450884349
Davidson: iter=28 dim=28 root=1 eigenvalue=-0.518001322071
root no. 1 converged
Davidson converged in 28 iterations.
E(core)= 0.000000000000
E(0)= -0.837450884349
E(1)= -0.518001322071
FCI Excitation energies = 2
0.000000000000 0.319449562278

Vacuum coefficients in CI state 0 = -0.982216162863
Vacuum coefficients in CI state 1 = 0.041598648257
Eigenvector 0 in string basis
0: -0.982216162863 seniority 0 ... 1
1
 | 1
1

14: 0.142531460889 seniority 0 ... 1
2
 | 1
2

28: 0.067374205476 seniority 0 ... 1
3
 | 1
3

42: 0.068521081702 seniority 0 ... 1
4
 | 1
4

56: 0.068552238741 seniority 0 ... 1
5
 | 1
5

Eigenvector 1 in string basis
1: -0.624442881652 seniority 2 ... 1
1
 | 1
2

5: 0.237964609467 seniority 2 ... 1
1
 | 1
6

13: -0.624442913615 seniority 2 ... 1
2
 | 1
1

14: 0.262214322746 seniority 0 ... 1
2
 | 1
2

18: -0.103335531909 seniority 2 ... 1
2
 | 1
6

65: 0.237964613848 seniority 2 ... 1
6
 | 1
1

66: -0.103335532971 seniority 2 ... 1
6
 | 1
2

Seniority vectors for all roots (nroots/seniority)
2 2
0.999815117385 0.000184882615
0.071726326192 0.928273673808

Calculating transition densities
Root 0 MO occupations numbers (density matrix diagonal)
13
1.929669018896 0.040634986925 0.009132146749 0.009392928395 0.009401434766 0.000428922838 0.000263075397 0.000262912458 0.000206672250 0.000164444281 0.000162565874 0.000140530598 0.000140360574
Root 1 MO occupations numbers (density matrix diagonal)
13
0.898908567656 0.941377233417 0.006353762209 0.003445566360 0.003440801659 0.135226712117 0.003455901846 0.003458286017 0.004074605179 0.000038514342 0.000038618933 0.000089090017 0.000092340249
Transition densities done:
Trandens between roots 0 0
13 13
1.929669018896 0.001838552773 0.008865921539 0.000280332773 -0.000000699520 -0.014644108231 0.000006940173 0.000001064603 -0.004044552452 -0.000048996511 0.000017494172 0.000030346916 0.000225100738
0.001838552773 0.040634986925 -0.000356063553 -0.000009678341 0.000007358432 -0.000084618085 0.000002586839 -0.000000284003 0.000159884689 0.000000832383 -0.000000490308 -0.000001842648 -0.000015279441
0.008865921539 -0.000356063553 0.009132146749 -0.000009875500 -0.000012803376 0.000086122008 -0.000001514875 -0.000005926851 -0.000218866379 -0.000000968550 0.000000506248 0.000000664910 0.000006790173
0.000280332773 -0.000009678341 -0.000009875500 0.009392928395 0.000004364637 0.000002086316 0.000065613874 0.000164422261 -0.000005481896 -0.000000755882 -0.000001978733 -0.000037205524 0.000014813574
-0.000000699520 0.000007358432 -0.000012803376 0.000004364637 0.009401434766 -0.000002701455 0.000165331731 -0.000065258769 0.000005918656 0.000000498616 -0.000001232106 0.000014288144 0.000036507958
-0.014644108231 -0.000084618085 0.000086122008 0.000002086316 -0.000002701455 0.000428922838 -0.000000252154 -0.000000024289 0.000015411125 0.000000581525 -0.000000200771 -0.000000352645 -0.000002096205
0.000006940173 0.000002586839 -0.000001514875 0.000065613874 0.000165331731 -0.000000252154 0.000263075397 0.000000012903 0.000000012274 -0.000000158562 0.000000173953 0.000000087671 -0.000008625350
0.000001064603 -0.000000284003 -0.000005926851 0.000164422261 -0.000065258769 -0.000000024289 0.000000012903 0.000262912458 0.000000137352 -0.000000113561 -0.000000046652 0.000008921598 0.000000062916
-0.004044552452 0.000159884689 -0.000218866379 -0.000005481896 0.000005918656 0.000015411125 0.000000012274 0.000000137352 0.000206672250 -0.000000140712 0.000000077598 0.000000576635 0.000002712115
-0.000048996511 0.000000832383 -0.000000968550 -0.000000755882 0.000000498616 0.000000581525 -0.000000158562 -0.000000113561 -0.000000140712 0.000164444281 0.000002690912 -0.000000036530 -0.000000132555
0.000017494172 -0.000000490308 0.000000506248 -0.000001978733 -0.000001232106 -0.000000200771 0.000000173953 -0.000000046652 0.000000077598 0.000002690912 0.000162565874 -0.000000279266 0.000000461455
0.000030346916 -0.000001842648 0.000000664910 -0.000037205524 0.000014288144 -0.000000352645 0.000000087671 0.000008921598 0.000000576635 -0.000000036530 -0.000000279266 0.000140530598 0.000000031884
0.000225100738 -0.000015279441 0.000006790173 0.000014813574 0.000036507958 -0.000002096205 -0.000008625350 0.000000062916 0.000002712115 -0.000000132555 0.000000461455 0.000000031884 0.000140360574

Trandens between roots 0 1
13 13
-0.076951257853 1.224916444678 -0.008737467344 0.000216849040 -0.000552189018 -0.467511197122 -0.000185251926 0.000307698469 0.066640769671 0.000073608737 -0.000027401989 -0.000021535807 0.000352267182
-0.178241854882 0.076222024574 -0.010236407817 -0.000302932633 -0.000020412141 -0.030005165098 0.000024002022 0.000014669226 0.001727503595 0.000035224493 -0.000014977564 -0.000045753762 -0.000326155636
0.001872135996 0.000528312853 -0.003813243246 -0.000133111638 0.000078927595 -0.000032751796 0.000002213535 -0.000173230843 -0.003406042676 -0.000001650473 0.000000413392 0.000008644221 -0.000000001337
0.000017359684 0.000029596282 -0.000134814205 0.000881589187 -0.000001338716 -0.000004881105 0.002077046053 0.005212180879 -0.000089343495 -0.000004551988 -0.000000447800 -0.000162981762 0.000062184997
0.000006477796 0.000005289598 0.000084439708 -0.000000968090 0.000874228694 -0.000021503455 0.005216165274 -0.002076096246 0.000064845509 -0.000000614018 -0.000009457412 0.000063448970 0.000156587452
0.006875711875 -0.012194434602 0.000433178806 0.000009296635 0.000001639665 0.003500583474 0.000000609908 -0.000002307976 -0.000678843996 -0.000001426351 0.000000563697 0.000001349358 0.000005301760
-0.000009637544 0.000011581379 0.000001605881 0.000351156747 0.000881809109 -0.000004133145 -0.000056782461 -0.000000091832 0.000000515498 -0.000000057988 0.000000136114 0.000000067753 -0.000005322898
-0.000003532633 0.000001856627 -0.000029828863 0.000881551894 -0.000351122665 -0.000000115158 0.000000094468 -0.000056859467 0.000000274115 -0.000000076600 -0.000000101883 0.000005473074 -0.000000000501
-0.001310787353 -0.002058426190 -0.000499339657 -0.000014044260 0.000009096654 0.000754798867 0.000001589997 -0.000000740324 -0.000224765446 -0.000000411395 0.000000195114 0.000000239435 0.000001550649
0.000000474515 -0.000028437307 0.000000610900 -0.000000960530 -0.000000290144 0.000010698094 0.000000120713 -0.000000454577 -0.000001784163 -0.000079532909 -0.000000039844 0.000000040414 0.000000073346
0.000000633505 0.000009605575 -0.000000276976 -0.000000088460 -0.000000921920 -0.000003641784 -0.000000806734 -0.000000860316 0.000000625054 -0.000000040760 -0.000079199503 0.000000020092 0.000000643905
0.000004513016 0.000014368450 0.000000102750 -0.000004894735 0.000001937203 -0.000005650810 -0.000000213192 -0.000016235330 0.000001526174 0.000000037595 -0.000000044498 -0.000108316078 -0.000000051057
0.000041615456 0.000098029938 -0.000005304544 0.000001859146 0.000004651731 -0.000038802319 0.000016110607 0.000000043840 0.000007798487 0.000000041302 0.000000631471 -0.000000053795 -0.000108468966

Trandens between roots 1 0
13 13
-0.076951257853 -0.178241854882 0.001872135996 0.000017359684 0.000006477796 0.006875711875 -0.000009637544 -0.000003532633 -0.001310787353 0.000000474515 0.000000633505 0.000004513016 0.000041615456
1.224916444678 0.076222024574 0.000528312853 0.000029596282 0.000005289598 -0.012194434602 0.000011581379 0.000001856627 -0.002058426190 -0.000028437307 0.000009605575 0.000014368450 0.000098029938
-0.008737467344 -0.010236407817 -0.003813243246 -0.000134814205 0.000084439708 0.000433178806 0.000001605881 -0.000029828863 -0.000499339657 0.000000610900 -0.000000276976 0.000000102750 -0.000005304544
0.000216849040 -0.000302932633 -0.000133111638 0.000881589187 -0.000000968090 0.000009296635 0.000351156747 0.000881551894 -0.000014044260 -0.000000960530 -0.000000088460 -0.000004894735 0.000001859146
-0.000552189018 -0.000020412141 0.000078927595 -0.000001338716 0.000874228694 0.000001639665 0.000881809109 -0.000351122665 0.000009096654 -0.000000290144 -0.000000921920 0.000001937203 0.000004651731
-0.467511197122 -0.030005165098 -0.000032751796 -0.000004881105 -0.000021503455 0.003500583474 -0.000004133145 -0.000000115158 0.000754798867 0.000010698094 -0.000003641784 -0.000005650810 -0.000038802319
-0.000185251926 0.000024002022 0.000002213535 0.002077046053 0.005216165274 0.000000609908 -0.000056782461 0.000000094468 0.000001589997 0.000000120713 -0.000000806734 -0.000000213192 0.000016110607
0.000307698469 0.000014669226 -0.000173230843 0.005212180879 -0.002076096246 -0.000002307976 -0.000000091832 -0.000056859467 -0.000000740324 -0.000000454577 -0.000000860316 -0.000016235330 0.000000043840
0.066640769671 0.001727503595 -0.003406042676 -0.000089343495 0.000064845509 -0.000678843996 0.000000515498 0.000000274115 -0.000224765446 -0.000001784163 0.000000625054 0.000001526174 0.000007798487
0.000073608737 0.000035224493 -0.000001650473 -0.000004551988 -0.000000614018 -0.000001426351 -0.000000057988 -0.000000076600 -0.000000411395 -0.000079532909 -0.000000040760 0.000000037595 0.000000041302
-0.000027401989 -0.000014977564 0.000000413392 -0.000000447800 -0.000009457412 0.000000563697 0.000000136114 -0.000000101883 0.000000195114 -0.000000039844 -0.000079199503 -0.000000044498 0.000000631471
-0.000021535807 -0.000045753762 0.000008644221 -0.000162981762 0.000063448970 0.000001349358 0.000000067753 0.000005473074 0.000000239435 0.000000040414 0.000000020092 -0.000108316078 -0.000000053795
0.000352267182 -0.000326155636 -0.000000001337 0.000062184997 0.000156587452 0.000005301760 -0.000005322898 -0.000000000501 0.000001550649 0.000000073346 0.000000643905 -0.000000051057 -0.000108468966

Trandens between roots 1 1
13 13
0.898908567656 -0.429327539544 0.054250332762 0.001576402418 0.000041967321 0.146112902967 -0.000087704817 -0.000102097936 -0.011778885617 -0.000169429199 0.000071697470 0.000220142178 0.001549001012
-0.429327539544 0.941377233417 -0.026124151992 -0.000469929844 -0.000396412740 -0.351163720938 -0.000108148308 0.000233886464 0.048091381495 0.000117888457 -0.000047500895 -0.000106793934 -0.000428435262
0.054250332762 -0.026124151992 0.006353762209 0.000081992435 -0.000006674635 0.008798243311 0.000007786477 -0.000008730435 0.001212519276 -0.000007744964 0.000003330943 0.000008325260 0.000078861706
0.001576402418 -0.000469929844 0.000081992435 0.003445566360 -0.000002365143 0.000145574004 -0.000023962072 -0.000054006476 0.000049791047 -0.000000502514 0.000000102120 0.000040680366 -0.000013080846
0.000041967321 -0.000396412740 -0.000006674635 -0.000002365143 0.003440801659 0.000160911624 -0.000062029043 0.000021916586 -0.000056376386 -0.000000234979 0.000001327814 -0.000015555859 -0.000039112098
0.146112902967 -0.351163720938 0.008798243311 0.000145574004 0.000160911624 0.135226712117 0.000033568767 -0.000085277154 -0.018000189490 -0.000043100823 0.000017337502 0.000037953476 0.000143617899
-0.000087704817 -0.000108148308 0.000007786477 -0.000023962072 -0.000062029043 0.000033568767 0.003455901846 -0.000000688199 0.000004328583 -0.000001273129 -0.000005848090 -0.000000985078 0.000116070050
-0.000102097936 0.000233886464 -0.000008730435 -0.000054006476 0.000021916586 -0.000085277154 -0.000000688199 0.003458286017 0.000011683502 -0.000002335223 0.000001928998 -0.000120819167 -0.000000193050
-0.011778885617 0.048091381495 0.001212519276 0.000049791047 -0.000056376386 -0.018000189490 0.000004328583 0.000011683502 0.004074605179 0.000005693142 -0.000002202806 -0.000005227091 -0.000009494985
-0.000169429199 0.000117888457 -0.000007744964 -0.000000502514 -0.000000234979 -0.000043100823 -0.000001273129 -0.000002335223 0.000005693142 0.000038514342 -0.000000609503 0.000000009305 -0.000000366873
0.000071697470 -0.000047500895 0.000003330943 0.000000102120 0.000001327814 0.000017337502 -0.000005848090 0.000001928998 -0.000002202806 -0.000000609503 0.000038618933 0.000000090058 -0.000001082975
0.000220142178 -0.000106793934 0.000008325260 0.000040680366 -0.000015555859 0.000037953476 -0.000000985078 -0.000120819167 -0.000005227091 0.000000009305 0.000000090058 0.000089090017 0.000000467277
0.001549001012 -0.000428435262 0.000078861706 -0.000013080846 -0.000039112098 0.000143617899 0.000116070050 -0.000000193050 -0.000009494985 -0.000000366873 -0.000001082975 0.000000467277 0.000092340249

State 0 :
Natural orbital occupations
13
1.929831424157 0.040638236409 0.009407738582 0.009394741927 0.009093178392 0.000316070041 0.000260352751 0.000260263481 0.000192202823 0.000166355966 0.000160662519 0.000139565743 0.000139207209
Natural orbitals (in MO basis)
13 13
-0.999957859048 -0.000923781765 -0.000176369265 0.000055541534 -0.004537774222 0.007447515261 -0.000004444987 -0.000009630052 -0.002696590726 -0.000018955458 0.000038746963 0.000040195584 0.000245960393
-0.000972442897 0.999922159036 0.000700379447 -0.000195193483 0.011692594592 0.001946284256 0.000067189951 -0.000013334700 0.003648389432 0.000025679306 -0.000067379135 -0.000090820143 -0.000606560144
-0.004615509767 -0.011594019423 0.051858336888 0.016624074437 0.998034883469 -0.019451293534 -0.000161442411 -0.000679724311 -0.020542445611 -0.000145126671 0.000322458095 0.000362099226 0.001977642203
-0.000145937032 -0.000315187492 -0.406493303061 -0.912715774350 0.036311366336 -0.000506971989 0.009750248210 0.016267696397 -0.000449323108 -0.000119497211 -0.000041247768 -0.005439623322 0.002168910565
0.000000384121 0.000241102598 -0.911962264844 0.407774002801 0.040610246572 0.000377738700 0.016365391345 -0.009733070602 0.001043827047 -0.000012444463 -0.000096041247 0.002084289820 0.005272122980
0.007589504089 -0.001791107610 0.000957346599 -0.000263957230 0.017432064382 0.995390886898 -0.001139389314 -0.000767204142 -0.093954155599 0.000573244903 -0.000578306388 0.000124798856 0.001166961702
-0.000003599668 0.000064910575 -0.019409126148 0.000821830339 0.000857483984 -0.001844751512 -0.983954063691 0.159216780579 -0.009924594325 -0.000791518080 0.000699143324 0.000811327232 -0.077476538411
-0.000000549860 -0.000007024930 -0.000834294055 -0.019354475704 -0.000295215488 -0.000598416689 -0.159186839412 -0.983766535568 0.003720225172 -0.001675243719 -0.000604744958 0.080436599572 0.000397228742
0.002096446028 0.004108684671 -0.001487956639 0.000382972034 -0.022269872894 -0.093436120732 0.004775927730 -0.003498276917 -0.993289587190 -0.004394842667 0.009623355415 0.011581508966 0.062006456413
0.000025394189 0.000021929190 -0.000019842409 0.000094938254 -0.000081605095 0.001633218239 0.001667273847 0.000804413847 0.008634771080 -0.814633339680 0.579863211502 0.000201356176 -0.007103980213
-0.000009067021 -0.000012634480 0.000210391272 0.000142257399 0.000032848710 -0.000552426772 -0.001626048855 0.000727641593 -0.004111848769 -0.579877280591 -0.814324090594 -0.012399572473 0.021081122812
-0.000015724256 -0.000045932032 0.000227776737 0.004281853322 -0.000032159695 -0.001006616280 -0.013601507603 -0.079428826126 -0.011205674415 0.006864696504 0.010315056667 -0.996597847392 0.000544734372
-0.000116661203 -0.000383883359 -0.004192377908 0.000160816190 0.000836930431 -0.004573896080 0.076918750585 -0.013063149198 -0.061442455857 -0.006680162352 -0.020847353757 -0.000118989141 -0.994795984021

State 1 :
Natural orbital occupations
13
1.451212865702 0.526751191095 0.004356544402 0.003520595567 0.003513666948 0.003455003106 0.003393329149 0.003381198230 0.000169401498 0.000084961810 0.000084187648 0.000039125146 0.000037929698
Natural orbitals (in MO basis)
13 13
0.636371305758 -0.768625669728 0.057218746179 -0.002586466903 0.000293473193 -0.023305512455 0.000050817586 -0.000460994581 -0.020375421174 -0.002603303665 0.000020218506 0.000279467523 0.000068512562
-0.722945716216 -0.588549264075 0.012676330234 -0.070291146167 0.002000822970 -0.348564994718 -0.000334551476 -0.000051900022 0.065998263114 -0.000524825545 0.000028486835 0.000010486137 0.000005699535
0.038547442372 -0.046595638671 -0.826770419748 -0.014331983868 0.018258723761 0.076338596745 -0.024229729291 0.001829297084 0.552866474258 0.013133482697 -0.000468816789 -0.001621585653 -0.000379342455
0.000955215294 -0.001731123610 -0.020223102194 -0.090936258128 -0.645786600457 0.017127520779 0.701795463050 0.284713974100 0.015896915816 0.003291249810 0.011896976928 -0.000078620381 0.000145146636
0.000246822626 0.000464200253 0.029818583960 -0.633187423291 0.091571953139 0.126753501500 -0.284576033287 0.701823190396 -0.007393049765 0.011374513812 -0.003003159310 0.000153066325 -0.000038024840
0.264271879013 0.242068173090 -0.050718065215 -0.185951754712 0.004840243207 -0.912225935193 0.000711505622 -0.000921864863 0.047194750300 -0.002142301811 0.000088919529 0.000317925049 0.000112054699
0.000021738444 0.000264560293 -0.019937374882 0.720622372714 0.178401679618 -0.145268262692 -0.004133844495 0.652824960399 0.001514361730 -0.033971988600 -0.004561470183 -0.000472288104 0.000928530061
-0.000177776296 -0.000152529923 0.004268909844 -0.173979817265 0.735638797688 0.039559018405 0.652457475825 0.004066114469 0.000563594146 0.004483479297 -0.035280512596 0.000979052782 0.000068830965
-0.032459501320 -0.045275530063 -0.555625476129 -0.021255256584 0.000126945317 -0.029037223832 0.000311616711 0.001293001665 -0.828688801638 -0.012361950224 -0.000829229660 0.001208241407 0.000103982732
-0.000141210488 0.000095907485 -0.000638436674 -0.000049063272 -0.000520403405 0.000431936121 -0.000504861439 -0.000313540594 0.001498005415 -0.000470481358 0.000582193828 0.675825852721 0.737058588406
0.000058399297 -0.000043686309 0.000289621869 -0.001580926928 0.000141147875 0.000144879142 0.000276083911 -0.000869561392 -0.000832328720 -0.020866449869 -0.005853814030 -0.736888931646 0.675663282986
0.000157034100 -0.000184895883 0.000833649196 0.007677919069 -0.034036504318 -0.002274794530 -0.013915040047 -0.000177954161 -0.001545870652 0.124610154102 -0.991484933570 0.002763484288 -0.001699074572
0.000921190192 -0.001721970357 0.002996019344 0.031535203797 0.007934435291 -0.009971486595 -0.000076226460 0.013350311952 -0.017319126686 0.991153530820 0.124523191702 -0.015524254532 0.014826227187

