Number of strings: 13 13, CI size = 169
String addressing array alpha: 1 13
0 1 2 3 4 5 6 7 8 9 10 11 12

Alpha strings 13 1
1
2
3
4
5
6
7
8
9
10
11
12
13

Is hamiltonian hermitian? 1
Implicit Hamiltonian constructed
E(core)= 0.000000000000
H(1,1) + E(core) energy = -0.549758820600
Davidson: iter=0 dim=0 root=0 eigenvalue=-0.549758820600
Davidson: iter=1 dim=1 root=0 eigenvalue=-0.594160908936
Davidson: iter=2 dim=2 root=0 eigenvalue=-0.602272416661
Davidson: iter=3 dim=3 root=0 eigenvalue=-0.606298230828
Davidson: iter=4 dim=4 root=0 eigenvalue=-0.609779612928
Davidson: iter=5 dim=5 root=0 eigenvalue=-0.611062054889
Davidson: iter=6 dim=6 root=0 eigenvalue=-0.611235643449
Davidson: iter=7 dim=7 root=0 eigenvalue=-0.611245772929
Davidson: iter=8 dim=8 root=0 eigenvalue=-0.611247023726
Davidson: iter=9 dim=9 root=0 eigenvalue=-0.611247170188
Davidson: iter=10 dim=10 root=0 eigenvalue=-0.611247184325
Davidson: iter=11 dim=11 root=0 eigenvalue=-0.611247186788
Davidson: iter=12 dim=12 root=0 eigenvalue=-0.611247186969
Davidson: iter=13 dim=13 root=0 eigenvalue=-0.611247186978
Davidson: iter=14 dim=14 root=0 eigenvalue=-0.611247186979
Davidson: iter=14 dim=14 root=1 eigenvalue=-0.549721514315
root no. 0 converged
Davidson: iter=15 dim=15 root=0 eigenvalue=-0.611247186979
Davidson: iter=15 dim=15 root=1 eigenvalue=-0.550715595809
Davidson: iter=16 dim=16 root=0 eigenvalue=-0.611247186979
Davidson: iter=16 dim=16 root=1 eigenvalue=-0.550768413761
Davidson: iter=17 dim=17 root=0 eigenvalue=-0.611247186979
Davidson: iter=17 dim=17 root=1 eigenvalue=-0.550778669731
Davidson: iter=18 dim=18 root=0 eigenvalue=-0.611247186979
Davidson: iter=18 dim=18 root=1 eigenvalue=-0.550779393914
Davidson: iter=19 dim=19 root=0 eigenvalue=-0.611247186979
Davidson: iter=19 dim=19 root=1 eigenvalue=-0.550779482531
Davidson: iter=20 dim=20 root=0 eigenvalue=-0.611247186979
Davidson: iter=20 dim=20 root=1 eigenvalue=-0.550779490789
Davidson: iter=21 dim=21 root=0 eigenvalue=-0.611247186979
Davidson: iter=21 dim=21 root=1 eigenvalue=-0.550779491594
Davidson: iter=22 dim=22 root=0 eigenvalue=-0.611247186979
Davidson: iter=22 dim=22 root=1 eigenvalue=-0.550779491631
Davidson: iter=23 dim=23 root=0 eigenvalue=-0.611247186979
Davidson: iter=23 dim=23 root=1 eigenvalue=-0.550779491632
root no. 1 converged
Davidson converged in 23 iterations.
E(core)= 0.000000000000
E(0)= -0.611247186979
E(1)= -0.550779491632
FCI Excitation energies = 2
0.000000000000 0.060467695347

Vacuum coefficients in CI state 0 = 0.798515604946
Vacuum coefficients in CI state 1 = -0.539982017822
Eigenvector 0 in string basis
0: 0.798515604946 seniority 0 ... 1
1
 | 1
1

1: 0.229740275954 seniority 2 ... 1
1
 | 1
2

2: -0.082058069996 seniority 2 ... 1
1
 | 1
3

5: 0.123797400381 seniority 2 ... 1
1
 | 1
6

13: 0.229740275954 seniority 2 ... 1
2
 | 1
1

14: -0.453574766312 seniority 0 ... 1
2
 | 1
2

26: -0.082058069996 seniority 2 ... 1
3
 | 1
1

65: 0.123797400381 seniority 2 ... 1
6
 | 1
1

Eigenvector 1 in string basis
0: -0.539982017822 seniority 0 ... 1
1
 | 1
1

1: 0.456991069606 seniority 2 ... 1
1
 | 1
2

2: -0.128225685984 seniority 2 ... 1
1
 | 1
3

5: 0.209045089316 seniority 2 ... 1
1
 | 1
6

9: -0.077153474139 seniority 2 ... 1
1
 | 1
10

13: 0.456991069641 seniority 2 ... 1
2
 | 1
1

14: -0.323431397204 seniority 0 ... 1
2
 | 1
2

18: -0.105744470561 seniority 2 ... 1
2
 | 1
6

26: -0.128225685986 seniority 2 ... 1
3
 | 1
1

28: 0.081647873644 seniority 0 ... 1
3
 | 1
3

42: 0.065850342390 seniority 0 ... 1
4
 | 1
4

56: 0.065978866315 seniority 0 ... 1
5
 | 1
5

65: 0.209045089320 seniority 2 ... 1
6
 | 1
1

66: -0.105744470565 seniority 2 ... 1
6
 | 1
2

70: 0.076611822068 seniority 0 ... 1
6
 | 1
6

117: -0.077153474140 seniority 2 ... 1
10
 | 1
1

Seniority vectors for all roots (nroots/seniority)
2 2
0.845631988307 0.154368011693
0.418035110282 0.581964889718

Calculating transition densities
Root 0 MO occupations numbers (density matrix diagonal)
13
1.427967464872 0.517444238794 0.015379035757 0.001869904773 0.001867080836 0.031766151814 0.000163806204 0.000077205960 0.000077059420 0.003155891913 0.000156723967 0.000042859834 0.000032575858
Root 1 MO occupations numbers (density matrix diagonal)
13
1.134037551369 0.657011087413 0.051971299776 0.008695573103 0.008732688801 0.122295492448 0.000841521929 0.000192018082 0.000193026970 0.014860455060 0.000754266287 0.000231491228 0.000183527533
Transition densities done:
Trandens between roots 0 0
13 13
1.427967464872 0.159011854570 -0.138632604388 0.001714348496 -0.001998258950 0.201547805065 -0.006464572017 0.000000090107 0.000099583507 -0.057565530120 -0.012441134592 -0.004018822128 -0.001864409104
0.159011854570 0.517444238794 -0.028490610228 0.000512020787 -0.000607187660 0.058088572022 -0.005824295606 -0.000030011456 0.000076991534 -0.026643073136 -0.004377056946 -0.001419012815 -0.000662555458
-0.138632604388 -0.028490610228 0.015379035757 -0.000166707401 0.000194960155 -0.019560631840 0.000523925629 -0.000004157179 -0.000009613014 0.006085673535 0.001214188298 0.000392753938 0.000182652485
0.001714348496 0.000512020787 -0.000166707401 0.001869904773 -0.000004618803 0.000256402769 -0.000016913017 0.000189350037 -0.000137371991 -0.000081726683 -0.000015335873 -0.000037876822 0.000063614038
-0.001998258950 -0.000607187660 0.000194960155 -0.000004618803 0.001867080836 -0.000299388302 0.000015229633 -0.000137613820 -0.000189408913 0.000095558422 0.000043077890 -0.000055852486 -0.000028285166
0.201547805065 0.058088572022 -0.019560631840 0.000256402769 -0.000299388302 0.031766151814 -0.001435254588 -0.000008463059 0.000019198271 -0.009544920282 -0.002006201396 -0.000648632311 -0.000301736225
-0.006464572017 -0.005824295606 0.000523925629 -0.000016913017 0.000015229633 -0.001435254588 0.000163806204 0.000000492051 -0.000001104663 0.000466493653 0.000100742414 0.000032579175 0.000014776667
0.000000090107 -0.000030011456 -0.000004157179 0.000189350037 -0.000137613820 -0.000008463059 0.000000492051 0.000077205960 -0.000000029916 0.000001274240 -0.000001797314 0.000002102493 0.000013447394
0.000099583507 0.000076991534 -0.000009613014 -0.000137371991 -0.000189408913 0.000019198271 -0.000001104663 -0.000000029916 0.000077059420 -0.000006640592 -0.000005030857 0.000012487406 -0.000002733801
-0.057565530120 -0.026643073136 0.006085673535 -0.000081726683 0.000095558422 -0.009544920282 0.000466493653 0.000001274240 -0.000006640592 0.003155891913 0.000620135136 0.000200542348 0.000093233980
-0.012441134592 -0.004377056946 0.001214188298 -0.000015335873 0.000043077890 -0.002006201396 0.000100742414 -0.000001797314 -0.000005030857 0.000620135136 0.000156723967 0.000041175687 0.000019150107
-0.004018822128 -0.001419012815 0.000392753938 -0.000037876822 -0.000055852486 -0.000648632311 0.000032579175 0.000002102493 0.000012487406 0.000200542348 0.000041175687 0.000042859834 0.000006187167
-0.001864409104 -0.000662555458 0.000182652485 0.000063614038 -0.000028285166 -0.000301736225 0.000014776667 0.000013447394 -0.000002733801 0.000093233980 0.000019150107 0.000006187167 0.000032575858

Trandens between roots 0 1
13 13
-0.573339124417 0.543997944726 -0.200677621504 0.002674579419 -0.003143276802 0.307778427068 -0.019219001027 -0.000061809740 0.000271240073 -0.110366484697 -0.022946659507 -0.007397558972 -0.003436901615
-0.662320972778 0.503444205384 -0.105212407451 0.001667230103 -0.001969882905 0.192069757978 -0.015691855895 -0.000108725217 0.000200097879 -0.067836063534 -0.012822673262 -0.004140446088 -0.001937628492
0.073951620949 -0.065289737293 0.018175485815 -0.000306104107 0.000358038793 -0.035162965752 0.002128100441 0.000007478776 -0.000029769190 0.012108414146 0.002361509876 0.000762238831 0.000356157978
-0.001113016670 0.000963207916 -0.000306578589 -0.003984961210 -0.000007189126 0.000487655433 -0.000032644509 -0.000018955594 0.000014287127 -0.000168967673 -0.000032797936 -0.000073790494 0.000121415901
0.001310231320 -0.001132482136 0.000357147137 -0.000007149992 -0.003987245474 -0.000572490732 0.000039171387 0.000014038986 0.000019010134 0.000198285288 0.000086576573 -0.000106020893 -0.000053665601
-0.127682242425 0.111030138060 -0.035666122449 0.000492435088 -0.000580547684 0.052966387192 -0.003780790269 -0.000016856617 0.000051615516 -0.019625225648 -0.004060759167 -0.001309679627 -0.000609629743
0.008846811254 -0.007155217735 0.002142876656 -0.000016234139 0.000027757794 -0.002800982849 0.000148165806 0.000001668416 -0.000003215132 0.001083361154 0.000223258792 0.000072052705 0.000033200898
0.000040355449 -0.000031076239 0.000012904711 -0.000341136532 0.000248487808 0.000000512452 0.000001233176 -0.000098511824 -0.000000062555 0.000003596677 -0.000001095865 0.000001813450 0.000010908124
-0.000119137508 0.000097154839 -0.000027834191 0.000248964199 0.000342298432 0.000042233420 -0.000003363724 -0.000000053342 -0.000098620450 -0.000015180947 -0.000006067651 0.000009464009 -0.000002499528
0.046674382551 -0.039474526905 0.011594754351 -0.000164702825 0.000194248724 -0.018925105270 0.001322300679 0.000006541995 -0.000017828301 0.006657715958 0.001349630374 0.000435370366 0.000202794473
0.008416254415 -0.007315060054 0.002377572091 -0.000034521416 0.000000204100 -0.003609193388 0.000247187075 0.000002035810 -0.000001859253 0.001304129597 0.000202636195 0.000084539263 0.000039389620
0.002726601449 -0.002368391202 0.000768071639 0.000041666545 0.000112085518 -0.001166790990 0.000079984811 -0.000000454792 -0.000006441476 0.000421787296 0.000084746571 -0.000032317335 0.000012740669
0.001271366116 -0.001103226274 0.000356475171 -0.000110435528 0.000055569216 -0.000541500466 0.000037366220 -0.000005323866 0.000000524176 0.000196082275 0.000039412263 0.000012715062 -0.000053815641

Trandens between roots 1 0
13 13
-0.573339124417 -0.662320972778 0.073951620949 -0.001113016670 0.001310231320 -0.127682242425 0.008846811254 0.000040355449 -0.000119137508 0.046674382551 0.008416254415 0.002726601449 0.001271366116
0.543997944726 0.503444205384 -0.065289737293 0.000963207916 -0.001132482136 0.111030138060 -0.007155217735 -0.000031076239 0.000097154839 -0.039474526905 -0.007315060054 -0.002368391202 -0.001103226274
-0.200677621504 -0.105212407451 0.018175485815 -0.000306578589 0.000357147137 -0.035666122449 0.002142876656 0.000012904711 -0.000027834191 0.011594754351 0.002377572091 0.000768071639 0.000356475171
0.002674579419 0.001667230103 -0.000306104107 -0.003984961210 -0.000007149992 0.000492435088 -0.000016234139 -0.000341136532 0.000248964199 -0.000164702825 -0.000034521416 0.000041666545 -0.000110435528
-0.003143276802 -0.001969882905 0.000358038793 -0.000007189126 -0.003987245474 -0.000580547684 0.000027757794 0.000248487808 0.000342298432 0.000194248724 0.000000204100 0.000112085518 0.000055569216
0.307778427068 0.192069757978 -0.035162965752 0.000487655433 -0.000572490732 0.052966387192 -0.002800982849 0.000000512452 0.000042233420 -0.018925105270 -0.003609193388 -0.001166790990 -0.000541500466
-0.019219001027 -0.015691855895 0.002128100441 -0.000032644509 0.000039171387 -0.003780790269 0.000148165806 0.000001233176 -0.000003363724 0.001322300679 0.000247187075 0.000079984811 0.000037366220
-0.000061809740 -0.000108725217 0.000007478776 -0.000018955594 0.000014038986 -0.000016856617 0.000001668416 -0.000098511824 -0.000000053342 0.000006541995 0.000002035810 -0.000000454792 -0.000005323866
0.000271240073 0.000200097879 -0.000029769190 0.000014287127 0.000019010134 0.000051615516 -0.000003215132 -0.000000062555 -0.000098620450 -0.000017828301 -0.000001859253 -0.000006441476 0.000000524176
-0.110366484697 -0.067836063534 0.012108414146 -0.000168967673 0.000198285288 -0.019625225648 0.001083361154 0.000003596677 -0.000015180947 0.006657715958 0.001304129597 0.000421787296 0.000196082275
-0.022946659507 -0.012822673262 0.002361509876 -0.000032797936 0.000086576573 -0.004060759167 0.000223258792 -0.000001095865 -0.000006067651 0.001349630374 0.000202636195 0.000084746571 0.000039412263
-0.007397558972 -0.004140446088 0.000762238831 -0.000073790494 -0.000106020893 -0.001309679627 0.000072052705 0.000001813450 0.000009464009 0.000435370366 0.000084539263 -0.000032317335 0.000012715062
-0.003436901615 -0.001937628492 0.000356157978 0.000121415901 -0.000053665601 -0.000609629743 0.000033200898 0.000010908124 -0.000002499528 0.000202794473 0.000039389620 0.000012740669 -0.000053815641

Trandens between roots 1 1
13 13
1.134037551369 -0.852096590647 0.153685871560 -0.002468806060 0.002914157735 -0.284623570153 0.025041829315 0.000163793442 -0.000322186131 0.109846795139 0.020995282087 0.006773082235 0.003162514971
-0.852096590647 0.657011087413 -0.136582205236 0.002091438116 -0.002467130761 0.240977827058 -0.019974920813 -0.000123361815 0.000259860135 -0.090827631389 -0.017641248625 -0.005690772478 -0.002654935037
0.153685871560 -0.136582205236 0.051971299776 -0.000606758408 0.000721349671 -0.070077433184 0.005161919172 0.000029090140 -0.000068370833 0.024914155540 0.005320647062 0.001714866387 0.000795072384
-0.002468806060 0.002091438116 -0.000606758408 0.008695573103 0.000008993282 0.000992126770 -0.000066484755 -0.000081727633 0.000060095750 -0.000358190728 -0.000076437659 0.000151300853 -0.000361672585
0.002914157735 -0.002467130761 0.000721349671 0.000008993282 0.008732688801 -0.001166514345 0.000079608589 0.000059363784 0.000079432349 0.000421758663 -0.000044070881 0.000358710414 0.000178273065
-0.284623570153 0.240977827058 -0.070077433184 0.000992126770 -0.001166514345 0.122295492448 -0.007999683195 -0.000037974199 0.000108342138 -0.041245705362 -0.008048941801 -0.002596514769 -0.001209461243
0.025041829315 -0.019974920813 0.005161919172 -0.000066484755 0.000079608589 -0.007999683195 0.000841521929 0.000003857629 -0.000008420649 0.002988938615 0.000602042388 0.000193993308 0.000090227770
0.000163793442 -0.000123361815 0.000029090140 -0.000081727633 0.000059363784 -0.000037974199 0.000003857629 0.000192018082 0.000000152326 0.000016005476 0.000003103394 0.000001217742 0.000001577365
-0.000322186131 0.000259860135 -0.000068370833 0.000060095750 0.000079432349 0.000108342138 -0.000008420649 0.000000152326 0.000193026970 -0.000039871141 -0.000008334989 -0.000001558734 -0.000001423126
0.109846795139 -0.090827631389 0.024914155540 -0.000358190728 0.000421758663 -0.041245705362 0.002988938615 0.000016005476 -0.000039871141 0.014860455060 0.002919510643 0.000941866366 0.000439111309
0.020995282087 -0.017641248625 0.005320647062 -0.000076437659 -0.000044070881 -0.008048941801 0.000602042388 0.000003103394 -0.000008334989 0.002919510643 0.000754266287 0.000188547860 0.000087888156
0.006773082235 -0.005690772478 0.001714866387 0.000151300853 0.000358710414 -0.002596514769 0.000193993308 0.000001217742 -0.000001558734 0.000941866366 0.000188547860 0.000231491228 0.000028349717
0.003162514971 -0.002654935037 0.000795072384 -0.000361672585 0.000178273065 -0.001209461243 0.000090227770 0.000001577365 -0.000001423126 0.000439111309 0.000087888156 0.000028349717 0.000183527533

State 0 :
Natural orbital occupations
13
1.501360666737 0.492214625129 0.002237991686 0.001901734624 0.001896266012 0.000163153180 0.000047923223 0.000047733846 0.000045437933 0.000027194568 0.000025868114 0.000025727849 0.000005677099
Natural orbitals (in MO basis)
13 13
-0.969774870644 -0.180234242426 0.004398784933 -0.000068033557 0.000023409549 0.146359949531 -0.000075164055 0.000058004576 0.001079080855 -0.000334954678 0.000062140338 0.000040331503 0.074902855081
-0.169038790677 0.981884527200 -0.019135581623 -0.000068178838 0.000065368114 0.060450896715 -0.000160319666 0.000045252905 -0.003886298798 -0.005491972649 0.000111551894 0.000170724862 0.057121254797
0.095754463061 -0.008605599383 0.827187245655 -0.001282628928 -0.000266873300 0.524216413054 -0.001846910996 -0.000067285583 -0.099319121236 0.007702192105 -0.000011104850 -0.000205656391 0.147603026336
-0.001203673941 0.000428162406 0.006001819131 0.902816731701 0.408632002151 -0.006492106303 -0.121979899146 -0.052710453671 0.001631028083 -0.000159589878 -0.013061731097 0.005348582318 -0.001626269257
0.001404277836 -0.000519921230 -0.005569919701 -0.408558740956 0.902821072628 0.007598075288 0.052636310783 -0.122187983298 -0.000105699885 0.000457472972 0.005335036533 0.013042335726 0.001897069839
-0.141244947933 0.046086479726 0.544569810897 -0.012010795538 0.005042649253 -0.797322710273 0.000624308372 -0.001384209400 -0.095911886586 0.000443736834 0.000178772333 0.000148454276 -0.190459401464
0.005014021067 -0.009430642267 -0.131149282911 -0.002191564282 -0.000616084196 0.018726331445 -0.037170594458 -0.004819018474 -0.965212856235 -0.220323038310 0.006248419115 0.004563233044 0.026212387292
0.000003613706 -0.000060423996 -0.002623839358 0.124863866139 -0.025846710413 0.001710576989 0.947619508670 -0.213425098877 -0.034572312153 -0.009777069805 -0.191621875165 -0.046758666780 -0.001410800135
-0.000075678472 0.000119668346 0.000893967408 -0.025748448700 -0.125088325097 0.000353730817 -0.213042180975 -0.948334466581 0.013091516450 -0.003314358464 0.047240041968 -0.191177087770 -0.001038919441
0.041562376956 -0.033298636076 -0.005315827621 0.000190431140 -0.000130411670 -0.245748988988 0.002483592678 -0.000757974733 0.075050977000 -0.233001792236 0.001398980866 0.004971099704 0.936369049415
0.008813674673 -0.004430484887 -0.036778305153 -0.004173057055 0.011817817487 -0.056359778024 -0.023278275657 0.056974274263 -0.194068883457 0.886899025481 -0.116024481651 -0.322678661527 0.222694383632
0.002847685251 -0.001441382739 -0.011691653664 -0.002011039850 -0.038116335337 -0.017711770910 -0.014261676388 -0.184628119290 -0.060835854165 0.303618605551 -0.091661820578 0.924398914395 0.070647528540
0.001321618288 -0.000677182887 -0.005196288632 0.039692882780 -0.000662850800 -0.007861319955 0.191947106921 -0.006621002468 -0.030311891571 0.134896920384 0.968992128961 0.048844004386 0.031591557189

State 1 :
Natural orbital occupations
13
1.898469313615 0.074231714761 0.008748504974 0.008697457240 0.008121663270 0.000654726382 0.000192100793 0.000191081395 0.000189302104 0.000155104626 0.000152313021 0.000151992352 0.000044725466
Natural orbitals (in MO basis)
13 13
0.768574473908 0.410306809431 0.000050048610 0.000228732481 -0.017269260067 0.381326740118 0.000080291473 0.000871714286 0.013887637441 -0.013040839773 -0.000976244443 0.000782494356 0.308006450641
-0.587340795675 0.155485488023 -0.000217741781 0.000787463144 -0.092049321553 0.581022035859 0.000724961030 0.002841356587 0.051357423847 -0.021781135302 -0.001683750494 0.001311303065 0.530725489535
0.116533396068 -0.535800853463 0.003294567336 -0.005630152713 0.770094278688 0.306007299457 -0.001139552490 -0.002497952184 -0.052815141315 -0.045841852994 -0.002929999184 0.002191094251 0.087734577411
-0.001817784164 0.006086033315 0.411885042200 -0.909974115212 -0.002956365095 -0.002404123964 -0.003149520610 -0.006948403687 0.000377494778 0.000026728398 0.023298148285 0.040518881295 -0.000176472539
0.002145017884 -0.007175752813 0.909970127933 0.411840783499 -0.007225389320 0.002623279853 -0.006909683987 0.003172947028 0.000310083414 -0.003545716324 0.040189296905 -0.023252580542 0.000115190106
-0.209446345140 0.694117446921 0.008342249291 0.007543423262 0.627291616796 -0.281860021696 0.000208125218 0.000028608560 0.003111424243 -0.029661404700 -0.001871399269 0.001003578609 -0.019308660432
0.017655418206 -0.023784919023 0.000082060408 -0.000785911681 0.049905331926 0.044322174097 0.025134359863 0.067914100769 0.981576253943 0.122899167112 0.005507843793 -0.007092992915 -0.103663332812
0.000111341577 0.000025299787 0.002358709897 0.011563714346 0.000897803174 0.002881059657 0.203131783512 -0.973009511252 0.061243809854 0.007957962678 -0.008386560488 0.089121012916 -0.003813684734
-0.000228785835 0.000377908298 0.011418484591 -0.002426964898 -0.000532762668 0.000405478046 0.974815233839 0.200921559931 -0.039093753028 0.005710072612 -0.086986696152 -0.010051933422 0.000467061582
0.079325915454 -0.189428676897 -0.000183658886 -0.000086404420 -0.009521635921 -0.567456819951 0.004605696948 0.003612166242 0.131497074067 -0.267943239234 -0.017657920711 0.010875046344 0.739037780716
0.015306365335 -0.042691198521 -0.013583998658 -0.005731235074 0.042821584716 -0.133151104854 0.023754088381 -0.014835761340 -0.085522948882 0.872725116618 0.347852347526 -0.187799654804 0.228353395680
0.004937893575 -0.013781294802 0.043629096428 -0.002614018073 0.013259839966 -0.042621725806 -0.084812120024 -0.006640270854 -0.027118874876 0.348365747251 -0.927730498033 0.024571187121 0.072553364911
0.002304658859 -0.006396659334 0.000756455632 0.045443255861 0.005997755984 -0.019470998412 -0.001703047318 0.088994551772 -0.016063407189 0.162358028903 0.090342961713 0.976588332312 0.032331129859

