Number of strings: 13 13, CI size = 169
String addressing array alpha: 1 13
0 1 2 3 4 5 6 7 8 9 10 11 12

Alpha strings 13 1
1
2
3
4
5
6
7
8
9
10
11
12
13

Is hamiltonian hermitian? 1
Implicit Hamiltonian constructed
E(core)= 0.000000000000
H(1,1) + E(core) energy = -0.613182929100
Davidson: iter=0 dim=0 root=0 eigenvalue=-0.613182929100
Davidson: iter=1 dim=1 root=0 eigenvalue=-0.653963781545
Davidson: iter=2 dim=2 root=0 eigenvalue=-0.658186116484
Davidson: iter=3 dim=3 root=0 eigenvalue=-0.660100418595
Davidson: iter=4 dim=4 root=0 eigenvalue=-0.660442383134
Davidson: iter=5 dim=5 root=0 eigenvalue=-0.660476327673
Davidson: iter=6 dim=6 root=0 eigenvalue=-0.660480879631
Davidson: iter=7 dim=7 root=0 eigenvalue=-0.660481215231
Davidson: iter=8 dim=8 root=0 eigenvalue=-0.660481240504
Davidson: iter=9 dim=9 root=0 eigenvalue=-0.660481241759
Davidson: iter=10 dim=10 root=0 eigenvalue=-0.660481241861
Davidson: iter=11 dim=11 root=0 eigenvalue=-0.660481241871
Davidson: iter=12 dim=12 root=0 eigenvalue=-0.660481241872
Davidson: iter=12 dim=12 root=1 eigenvalue=-0.532559796212
root no. 0 converged
Davidson: iter=13 dim=13 root=0 eigenvalue=-0.660481241872
Davidson: iter=13 dim=13 root=1 eigenvalue=-0.533775573719
Davidson: iter=14 dim=14 root=0 eigenvalue=-0.660481241872
Davidson: iter=14 dim=14 root=1 eigenvalue=-0.533908807998
Davidson: iter=15 dim=15 root=0 eigenvalue=-0.660481241872
Davidson: iter=15 dim=15 root=1 eigenvalue=-0.533912248608
Davidson: iter=16 dim=16 root=0 eigenvalue=-0.660481241872
Davidson: iter=16 dim=16 root=1 eigenvalue=-0.533912876768
Davidson: iter=17 dim=17 root=0 eigenvalue=-0.660481241872
Davidson: iter=17 dim=17 root=1 eigenvalue=-0.533913026303
Davidson: iter=18 dim=18 root=0 eigenvalue=-0.660481241872
Davidson: iter=18 dim=18 root=1 eigenvalue=-0.533913042655
Davidson: iter=19 dim=19 root=0 eigenvalue=-0.660481241872
Davidson: iter=19 dim=19 root=1 eigenvalue=-0.533913043270
Davidson: iter=20 dim=20 root=0 eigenvalue=-0.660481241872
Davidson: iter=20 dim=20 root=1 eigenvalue=-0.533913043304
Davidson: iter=21 dim=21 root=0 eigenvalue=-0.660481241872
Davidson: iter=21 dim=21 root=1 eigenvalue=-0.533913043310
Davidson: iter=22 dim=22 root=0 eigenvalue=-0.660481241872
Davidson: iter=22 dim=22 root=1 eigenvalue=-0.533913043311
Davidson: iter=23 dim=23 root=0 eigenvalue=-0.660481241872
Davidson: iter=23 dim=23 root=1 eigenvalue=-0.533913043312
root no. 1 converged
Davidson converged in 23 iterations.
E(core)= 0.000000000000
E(0)= -0.660481241872
E(1)= -0.533913043312
FCI Excitation energies = 2
0.000000000000 0.126568198561

Vacuum coefficients in CI state 0 = -0.940757806269
Vacuum coefficients in CI state 1 = 0.237617694380
Eigenvector 0 in string basis
0: -0.940757806269 seniority 0 ... 1
1
 | 1
1

1: -0.068294560434 seniority 2 ... 1
1
 | 1
2

13: -0.068294560434 seniority 2 ... 1
2
 | 1
1

14: 0.301720337740 seniority 0 ... 1
2
 | 1
2

28: 0.053528483658 seniority 0 ... 1
3
 | 1
3

42: 0.052572158937 seniority 0 ... 1
4
 | 1
4

56: 0.052581815876 seniority 0 ... 1
5
 | 1
5

Eigenvector 1 in string basis
0: 0.237617694380 seniority 0 ... 1
1
 | 1
1

1: -0.547161377837 seniority 2 ... 1
1
 | 1
2

2: 0.066488122740 seniority 2 ... 1
1
 | 1
3

5: -0.219963641516 seniority 2 ... 1
1
 | 1
6

13: -0.547161377827 seniority 2 ... 1
2
 | 1
1

14: 0.446126294331 seniority 0 ... 1
2
 | 1
2

18: 0.115719839622 seniority 2 ... 1
2
 | 1
6

26: 0.066488122740 seniority 2 ... 1
3
 | 1
1

28: -0.052101373709 seniority 0 ... 1
3
 | 1
3

42: -0.050255130374 seniority 0 ... 1
4
 | 1
4

56: -0.050231323136 seniority 0 ... 1
5
 | 1
5

65: -0.219963641515 seniority 2 ... 1
6
 | 1
1

66: 0.115719839622 seniority 2 ... 1
6
 | 1
2

Seniority vectors for all roots (nroots/seniority)
2 2
0.985059360247 0.014940639753
0.265633490996 0.734366509004

Calculating transition densities
Root 0 MO occupations numbers (density matrix diagonal)
13
1.784783395596 0.191452805685 0.006491861805 0.005559365584 0.005561353446 0.005225347193 0.000195180660 0.000195303449 0.000192726721 0.000095918305 0.000081417969 0.000081388364 0.000083935223
Root 1 MO occupations numbers (density matrix diagonal)
13
0.817545106125 1.024184281679 0.015531570817 0.005810379280 0.005805234207 0.127444901870 0.000898499089 0.000897531785 0.000833040518 0.000505773006 0.000194112003 0.000195433320 0.000154136300
Transition densities done:
Trandens between roots 0 0
13 13
1.784783395596 0.087786870787 -0.033047889902 -0.000176083047 0.000016549656 0.090864512357 0.000043769486 -0.000125033642 -0.004823250046 -0.003504709589 0.000154707706 0.000205782512 -0.000126884024
0.087786870787 0.191452805685 -0.000410678456 0.000002293427 -0.000007472590 0.004079704972 0.000002430640 -0.000010807056 -0.000428233694 -0.000997712713 0.000029700105 0.000037617795 -0.000020545207
-0.033047889902 -0.000410678456 0.006491861805 0.000009117355 -0.000005284713 -0.001027329043 -0.000008628633 0.000014750048 0.000552675942 0.000110949167 -0.000003577379 -0.000003638608 0.000002267891
-0.000176083047 0.000002293427 0.000009117355 0.005559365584 0.000001571848 -0.000004332262 0.000411367925 0.000265289517 0.000001998338 0.000000168954 0.000018314168 -0.000029635400 -0.000002105361
0.000016549656 -0.000007472590 -0.000005284713 0.000001571848 0.005561353446 -0.000001006782 -0.000264865011 0.000411232403 -0.000016051270 0.000000316414 0.000029559774 0.000018451319 -0.000000166334
0.090864512357 0.004079704972 -0.001027329043 -0.000004332262 -0.000001006782 0.005225347193 0.000001705334 -0.000004618971 -0.000183782010 -0.000173808350 0.000007657011 0.000010077529 -0.000006280235
0.000043769486 0.000002430640 -0.000008628633 0.000411367925 -0.000264865011 0.000001705334 0.000195180660 0.000000021636 0.000000285428 -0.000000520063 -0.000000227482 -0.000014220443 -0.000000813060
-0.000125033642 -0.000010807056 0.000014750048 0.000265289517 0.000411232403 -0.000004618971 0.000000021636 0.000195303449 -0.000000001570 0.000000887624 0.000014196500 -0.000000226696 -0.000000563126
-0.004823250046 -0.000428233694 0.000552675942 0.000001998338 -0.000016051270 -0.000183782010 0.000000285428 -0.000000001570 0.000192726721 0.000027836055 -0.000001122423 -0.000000938008 0.000000372586
-0.003504709589 -0.000997712713 0.000110949167 0.000000168954 0.000000316414 -0.000173808350 -0.000000520063 0.000000887624 0.000027836055 0.000095918305 -0.000000474945 -0.000000523828 0.000000271004
0.000154707706 0.000029700105 -0.000003577379 0.000018314168 0.000029559774 0.000007657011 -0.000000227482 0.000014196500 -0.000001122423 -0.000000474945 0.000081417969 0.000000008093 0.000000008223
0.000205782512 0.000037617795 -0.000003638608 -0.000029635400 0.000018451319 0.000010077529 -0.000014220443 -0.000000226696 -0.000000938008 -0.000000523828 0.000000008093 0.000081388364 -0.000000067566
-0.000126884024 -0.000020545207 0.000002267891 -0.000002105361 -0.000000166334 -0.000006280235 -0.000000813060 -0.000000563126 0.000000372586 0.000000271004 0.000000008223 -0.000000067566 0.000083935223

Trandens between roots 0 1
13 13
-0.348524433832 0.956738515383 -0.125771625032 -0.000524434749 -0.000173092959 0.402593353926 -0.000181112794 0.000258265503 0.005694094846 -0.018561907451 0.000898340738 0.001323081778 -0.000769328010
-0.360458568830 0.342924649705 -0.018584897774 -0.000074055489 -0.000031205988 0.100280458417 -0.000043190119 0.000064179833 0.001579734580 -0.005899125687 0.000224328988 0.000319661567 -0.000176270702
0.010012155017 -0.017481509068 -0.003025168836 0.000008765933 -0.000003013526 -0.006661070096 -0.000032306171 0.000044611283 0.001710520771 0.000799354934 -0.000021533245 -0.000024020655 0.000012624321
0.000037804849 -0.000083638452 0.000011215725 -0.005131300139 0.000006177142 -0.000033709545 0.001607471016 0.001036688269 0.000001782612 0.000002352197 0.000260665462 -0.000419463409 -0.000032891945
0.000020562103 -0.000006945433 -0.000006833279 0.000006236632 -0.005129894416 0.000000653377 -0.001035871502 0.001607040729 -0.000059865716 0.000007402685 0.000419546936 0.000262194760 -0.000002411528
-0.024109084658 0.052653940272 -0.006619068977 -0.000028054355 -0.000008811380 0.019346131622 -0.000013570508 0.000022820763 0.000625277918 -0.000892896114 0.000045106929 0.000067123622 -0.000039231722
-0.000012898419 0.000024778789 -0.000002342985 -0.000045382181 0.000029213791 0.000008661340 -0.000021751506 0.000000132069 0.000000485864 -0.000001405773 -0.000000689098 -0.000044553556 -0.000002573450
0.000039846645 -0.000075436199 0.000007123459 -0.000028513921 -0.000044523241 -0.000027508334 0.000000070465 -0.000021522124 -0.000000439075 0.000002971678 0.000044468150 -0.000000725203 -0.000001813521
0.001537719182 -0.002929922015 0.000289795067 0.000000807391 0.000002131249 -0.001078770980 0.000000849406 -0.000000741492 -0.000045042339 0.000088689549 -0.000004104687 -0.000004672056 0.000002046999
0.002378226473 -0.003298186701 0.000334267295 0.000001413225 0.000001282836 -0.001126945104 0.000000164455 -0.000000331073 -0.000006823762 -0.000045440053 -0.000002692774 -0.000003892537 0.000002083291
-0.000076223827 0.000120748343 -0.000012710385 0.000025033768 0.000040265547 0.000044202561 -0.000000233979 0.000012657053 0.000000204113 -0.000002326478 -0.000106380569 0.000000173324 -0.000000340417
-0.000095951593 0.000156363160 -0.000016581930 -0.000040217079 0.000025109728 0.000058446021 -0.000012677644 -0.000000156744 0.000000669285 -0.000003035119 0.000000151085 -0.000106427303 0.000000388371
0.000054561060 -0.000092243907 0.000009801298 -0.000003400331 -0.000000194373 -0.000034855170 -0.000000715986 -0.000000552524 -0.000000578147 0.000001672560 -0.000000325090 0.000000367196 -0.000113420211

Trandens between roots 1 0
13 13
-0.348524433832 -0.360458568830 0.010012155017 0.000037804849 0.000020562103 -0.024109084658 -0.000012898419 0.000039846645 0.001537719182 0.002378226473 -0.000076223827 -0.000095951593 0.000054561060
0.956738515383 0.342924649705 -0.017481509068 -0.000083638452 -0.000006945433 0.052653940272 0.000024778789 -0.000075436199 -0.002929922015 -0.003298186701 0.000120748343 0.000156363160 -0.000092243907
-0.125771625032 -0.018584897774 -0.003025168836 0.000011215725 -0.000006833279 -0.006619068977 -0.000002342985 0.000007123459 0.000289795067 0.000334267295 -0.000012710385 -0.000016581930 0.000009801298
-0.000524434749 -0.000074055489 0.000008765933 -0.005131300139 0.000006236632 -0.000028054355 -0.000045382181 -0.000028513921 0.000000807391 0.000001413225 0.000025033768 -0.000040217079 -0.000003400331
-0.000173092959 -0.000031205988 -0.000003013526 0.000006177142 -0.005129894416 -0.000008811380 0.000029213791 -0.000044523241 0.000002131249 0.000001282836 0.000040265547 0.000025109728 -0.000000194373
0.402593353926 0.100280458417 -0.006661070096 -0.000033709545 0.000000653377 0.019346131622 0.000008661340 -0.000027508334 -0.001078770980 -0.001126945104 0.000044202561 0.000058446021 -0.000034855170
-0.000181112794 -0.000043190119 -0.000032306171 0.001607471016 -0.001035871502 -0.000013570508 -0.000021751506 0.000000070465 0.000000849406 0.000000164455 -0.000000233979 -0.000012677644 -0.000000715986
0.000258265503 0.000064179833 0.000044611283 0.001036688269 0.001607040729 0.000022820763 0.000000132069 -0.000021522124 -0.000000741492 -0.000000331073 0.000012657053 -0.000000156744 -0.000000552524
0.005694094846 0.001579734580 0.001710520771 0.000001782612 -0.000059865716 0.000625277918 0.000000485864 -0.000000439075 -0.000045042339 -0.000006823762 0.000000204113 0.000000669285 -0.000000578147
-0.018561907451 -0.005899125687 0.000799354934 0.000002352197 0.000007402685 -0.000892896114 -0.000001405773 0.000002971678 0.000088689549 -0.000045440053 -0.000002326478 -0.000003035119 0.000001672560
0.000898340738 0.000224328988 -0.000021533245 0.000260665462 0.000419546936 0.000045106929 -0.000000689098 0.000044468150 -0.000004104687 -0.000002692774 -0.000106380569 0.000000151085 -0.000000325090
0.001323081778 0.000319661567 -0.000024020655 -0.000419463409 0.000262194760 0.000067123622 -0.000044553556 -0.000000725203 -0.000004672056 -0.000003892537 0.000000173324 -0.000106427303 0.000000367196
-0.000769328010 -0.000176270702 0.000012624321 -0.000032891945 -0.000002411528 -0.000039231722 -0.000002573450 -0.000001813521 0.000002046999 0.000002083291 -0.000000340417 0.000000388371 -0.000113420211

Trandens between roots 1 1
13 13
0.817545106125 -0.801318657506 0.036842067738 0.000144455497 0.000053793683 -0.211123080700 0.000090661038 -0.000143038154 -0.003607426133 0.013325102576 -0.000507122572 -0.000725754538 0.000399202930
-0.801318657506 1.024184281679 -0.082376856770 -0.000334745054 -0.000122561188 0.333806246260 -0.000157733061 0.000238187516 0.005797244306 -0.017994818580 0.000766170215 0.001112282103 -0.000629183047
0.036842067738 -0.082376856770 0.015531570817 0.000036233389 0.000031920638 -0.034402800451 0.000058100551 -0.000076797304 -0.002438818701 0.001118107805 -0.000069274313 -0.000109522626 0.000063808949
0.000144455497 -0.000334745054 0.000036233389 0.005810379280 -0.000013452675 -0.000142964369 -0.001895688014 -0.001218744035 -0.000002072905 0.000006345050 -0.000275144873 0.000443040753 0.000034350511
0.000053793683 -0.000122561188 0.000031920638 -0.000013452675 0.005805234207 -0.000048942083 0.001222524326 -0.001890639085 0.000065801953 -0.000006208535 -0.000442600378 -0.000277626729 0.000002762445
-0.211123080700 0.333806246260 -0.034402800451 -0.000142964369 -0.000048942083 0.127444901870 -0.000052045233 0.000072412417 0.001558079888 -0.006289848493 0.000279620186 0.000406764828 -0.000232976075
0.000090661038 -0.000157733061 0.000058100551 -0.001895688014 0.001222524326 -0.000052045233 0.000898499089 -0.000000142658 -0.000001342904 -0.000001023133 -0.000002493914 -0.000149044390 -0.000007394950
-0.000143038154 0.000238187516 -0.000076797304 -0.001218744035 -0.001890639085 0.000072412417 -0.000000142658 0.000897531785 -0.000000064919 0.000001591632 0.000148676264 -0.000001868816 -0.000005963085
-0.003607426133 0.005797244306 -0.002438818701 -0.000002072905 0.000065801953 0.001558079888 -0.000001342904 -0.000000064919 0.000833040518 0.000044160769 -0.000001508080 0.000003268156 -0.000003415933
0.013325102576 -0.017994818580 0.001118107805 0.000006345050 -0.000006208535 -0.006289848493 -0.000001023133 0.000001591632 0.000044160769 0.000505773006 -0.000013660002 -0.000019797536 0.000011769836
-0.000507122572 0.000766170215 -0.000069274313 -0.000275144873 -0.000442600378 0.000279620186 -0.000002493914 0.000148676264 -0.000001508080 -0.000013660002 0.000194112003 0.000001012479 -0.000002007406
-0.000725754538 0.001112282103 -0.000109522626 0.000443040753 -0.000277626729 0.000406764828 -0.000149044390 -0.000001868816 0.000003268156 -0.000019797536 0.000001012479 0.000195433320 0.000000954735
0.000399202930 -0.000629183047 0.000063808949 0.000034350511 0.000002762445 -0.000232976075 -0.000007394950 -0.000005963085 -0.000003415933 0.000011769836 -0.000002007406 0.000000954735 0.000154136300

State 0 :
Natural orbital occupations
13
1.794859760976 0.186649516798 0.005990115280 0.005606730302 0.005602841974 0.000516394686 0.000152718660 0.000152610965 0.000144604474 0.000083924277 0.000081899829 0.000079468101 0.000079413677
Natural orbitals (in MO basis)
13 13
0.997033918239 0.054423465833 -0.012671319841 0.000073905382 0.000210471481 0.052861192498 0.000015718785 0.000064188433 -0.002445143032 -0.000073732963 -0.000723595715 0.000029633106 -0.000146532731
0.054723658521 -0.998466591150 0.006265397372 -0.000011796249 -0.000060605133 -0.002853336713 0.000009149971 0.000043714673 -0.002431215680 0.000007455513 -0.004056153788 0.000012440228 -0.000147007184
-0.018467231152 -0.007729646673 -0.988863293352 0.003367488392 0.020778050631 0.122683516723 0.000169578153 -0.000110857859 0.078710563054 0.000119464709 -0.007670790111 0.000004348582 -0.000198143895
-0.000098272743 -0.000066014060 -0.016445861891 0.489565868268 -0.867112974936 0.000808565940 0.047579909538 -0.076494523391 -0.000168063177 0.000311659044 0.000029854361 -0.005450031084 -0.004911837788
0.000009025972 0.000046318995 0.013210520415 0.867266791877 0.489400694970 -0.000274923433 0.076448625482 0.047565503005 0.000017138400 0.000012857219 -0.000053125163 -0.004914650675 0.005445119314
0.050757893937 0.004843589818 -0.122298853856 0.000583676949 0.001762329536 -0.990941744342 -0.000037535102 -0.000593690905 0.018921453861 0.000592820460 -0.010724543458 -0.000096751134 0.000653528685
0.000024502860 -0.000000049980 -0.000431421932 -0.005238018365 -0.089981211864 -0.000166447972 0.015462971750 0.983822712236 0.020019519247 -0.003584301142 -0.005432044982 0.039800995719 0.147316811329
-0.000070087692 0.000020664982 -0.001974186874 0.089930991190 -0.005272847516 -0.000252962063 -0.983758242410 0.015959301710 -0.024320237982 -0.003109852109 0.005326613626 0.147113474904 -0.039670844113
-0.002703548277 0.000858302028 -0.080398991135 -0.002132841318 0.000103089808 -0.011147106534 0.024796956686 0.019873808202 -0.971897225320 -0.004606273165 0.218503897696 -0.003367115695 0.005343811282
-0.001983469510 0.004308514991 -0.008913349129 0.000072936640 0.000249134606 0.007416166254 -0.002173406823 -0.000749038238 -0.218725758013 0.020612498433 -0.975377821744 -0.014078444420 0.003431185265
0.000087102839 -0.000113484839 0.000166311266 0.006494830021 -0.000271400855 0.000181325894 -0.152357452506 -0.000116953031 0.004038779133 -0.022683542734 0.013619169296 -0.949536696868 0.272779361735
0.000115789095 -0.000140881716 0.000137350992 0.000282020529 0.006518398104 0.000730832080 -0.000245970627 -0.152448291585 0.000981441336 0.037126371423 0.000102228863 0.271922571699 0.949418283200
-0.000071314736 0.000072692407 0.000001016939 -0.000222216495 0.000331690471 -0.000348260514 0.006315043572 -0.009374807065 -0.000062303803 -0.998818306650 -0.021446278289 0.030794081165 0.028735175217

State 1 :
Natural orbital occupations
13
1.823900717175 0.152429850304 0.006744170941 0.006715507163 0.005595624701 0.003966262668 0.000166959790 0.000166407222 0.000153582886 0.000151689647 0.000003257669 0.000003114552 0.000002855282
Natural orbitals (in MO basis)
13 13
-0.635714040149 -0.725215835472 0.000904116408 0.000745834992 0.042636299352 -0.260429414707 0.000520271153 -0.000238844575 -0.000286083225 0.000800014393 0.000639791745 0.001596838407 -0.016820658501
0.736500497935 -0.471650068462 0.000524289328 0.000526081433 -0.002351091973 -0.484674676610 0.000675179982 -0.000259008349 -0.001730957950 -0.013709946218 -0.000166672293 0.000416917485 -0.002434059669
-0.050797146427 0.203994904762 0.014442847189 0.005463587036 0.863373681208 -0.279044026258 0.001131114616 -0.000365983890 0.002419951303 0.035277855404 0.017960276007 0.033338932369 -0.360002427211
-0.000204777298 0.000857253270 -0.712713014093 0.595731443172 0.007605892019 -0.001291913542 -0.036697557107 -0.027949009029 -0.001790729682 0.000773376090 -0.274054452455 -0.241986692535 -0.035900512623
-0.000075701925 0.000333626770 0.595749823649 0.712551488518 -0.014212072042 0.000885684925 0.028043944237 -0.036714046215 0.000594292757 -0.001276673384 0.243559346200 -0.274807563595 -0.013149910980
0.225114363597 -0.457986145034 0.003987390158 0.002592560874 0.323983162983 0.786928745970 0.000581009396 -0.000382108931 -0.001003296863 -0.003715562551 0.005190994544 0.011147518503 -0.123130594470
-0.000103280055 0.000285844922 0.357915590043 -0.044612576257 0.001281935959 -0.000262686122 -0.333259940343 -0.026190078722 -0.009325471003 0.004241752047 -0.859935007371 -0.130683351589 -0.038534705003
0.000157437904 -0.000390861685 -0.044494172677 -0.358476233188 -0.006745162042 0.000039075440 0.026593388066 -0.332503152938 -0.001434524152 0.003305231728 0.134136314149 -0.855038699104 -0.095431218074
0.003859995403 -0.008764156843 0.001799770230 0.006270822211 -0.372351647430 0.011577406248 0.002783684458 0.004719266342 0.023605265368 0.317246713170 0.023546279748 0.099964625826 -0.865624561965
-0.012721729179 0.012717524528 -0.002111103262 -0.001559449893 -0.093993903899 -0.002826860966 -0.035276864936 0.024308412565 -0.072285020102 -0.943541393722 0.018083874464 0.024217713937 -0.304273433476
0.000522791455 -0.000895917137 -0.011462304594 -0.081590918781 0.002295492954 0.000023665075 -0.087803589661 0.936461484915 -0.034443467819 0.029965988238 0.055240572721 -0.320786461915 -0.022267031321
0.000755555580 -0.001359411298 -0.081606511731 0.011334463841 0.002120361687 -0.000030760097 -0.936261988364 -0.087944376530 0.034266161672 0.030330168338 0.321748785385 0.052592946533 0.022402663738
-0.000423869622 0.000835150659 -0.003836096037 0.003771435506 -0.000270836885 -0.000070640204 -0.023385882791 -0.036314793072 -0.995868777506 0.076080231306 0.016941772739 0.016311245458 0.002921891256

