Number of strings: 13 13, CI size = 169
String addressing array alpha: 1 13
0 1 2 3 4 5 6 7 8 9 10 11 12

Alpha strings 13 1
1
2
3
4
5
6
7
8
9
10
11
12
13

Is hamiltonian hermitian? 1
Implicit Hamiltonian constructed
E(core)= 0.000000000000
H(1,1) + E(core) energy = -0.501155313700
Davidson: iter=0 dim=0 root=0 eigenvalue=-0.501155313700
Davidson: iter=1 dim=1 root=0 eigenvalue=-0.547752853191
Davidson: iter=2 dim=2 root=0 eigenvalue=-0.563763960427
Davidson: iter=3 dim=3 root=0 eigenvalue=-0.573399751959
Davidson: iter=4 dim=4 root=0 eigenvalue=-0.578206718405
Davidson: iter=5 dim=5 root=0 eigenvalue=-0.579658720754
Davidson: iter=6 dim=6 root=0 eigenvalue=-0.579837704343
Davidson: iter=7 dim=7 root=0 eigenvalue=-0.579848080665
Davidson: iter=8 dim=8 root=0 eigenvalue=-0.579850054949
Davidson: iter=9 dim=9 root=0 eigenvalue=-0.579850232623
Davidson: iter=10 dim=10 root=0 eigenvalue=-0.579850251402
Davidson: iter=11 dim=11 root=0 eigenvalue=-0.579850253003
Davidson: iter=12 dim=12 root=0 eigenvalue=-0.579850253121
Davidson: iter=13 dim=13 root=0 eigenvalue=-0.579850253128
Davidson: iter=14 dim=14 root=0 eigenvalue=-0.579850253128
Davidson: iter=14 dim=14 root=1 eigenvalue=-0.522204236425
root no. 0 converged
Davidson: iter=15 dim=15 root=0 eigenvalue=-0.579850253128
Davidson: iter=15 dim=15 root=1 eigenvalue=-0.522436500552
Davidson: iter=16 dim=16 root=0 eigenvalue=-0.579850253128
Davidson: iter=16 dim=16 root=1 eigenvalue=-0.522450776170
Davidson: iter=17 dim=17 root=0 eigenvalue=-0.579850253128
Davidson: iter=17 dim=17 root=1 eigenvalue=-0.522451903200
Davidson: iter=18 dim=18 root=0 eigenvalue=-0.579850253128
Davidson: iter=18 dim=18 root=1 eigenvalue=-0.522451992597
Davidson: iter=19 dim=19 root=0 eigenvalue=-0.579850253128
Davidson: iter=19 dim=19 root=1 eigenvalue=-0.522451995198
Davidson: iter=20 dim=20 root=0 eigenvalue=-0.579850253128
Davidson: iter=20 dim=20 root=1 eigenvalue=-0.522451995450
Davidson: iter=21 dim=21 root=0 eigenvalue=-0.579850253128
Davidson: iter=21 dim=21 root=1 eigenvalue=-0.522451995473
Davidson: iter=22 dim=22 root=0 eigenvalue=-0.579850253128
Davidson: iter=22 dim=22 root=1 eigenvalue=-0.522451995475
Davidson: iter=23 dim=23 root=0 eigenvalue=-0.579850253128
Davidson: iter=23 dim=23 root=1 eigenvalue=-0.522451995475
root no. 1 converged
Davidson converged in 23 iterations.
E(core)= 0.000000000000
E(0)= -0.579850253128
E(1)= -0.522451995475
FCI Excitation energies = 2
0.000000000000 0.057398257653

Vacuum coefficients in CI state 0 = 0.606587604849
Vacuum coefficients in CI state 1 = -0.744725682943
Eigenvector 0 in string basis
0: 0.606587604849 seniority 0 ... 1
1
 | 1
1

1: 0.373902396048 seniority 2 ... 1
1
 | 1
2

2: -0.176417616907 seniority 2 ... 1
1
 | 1
3

13: 0.373902396041 seniority 2 ... 1
2
 | 1
1

14: -0.526208704682 seniority 0 ... 1
2
 | 1
2

15: -0.059008187115 seniority 2 ... 1
2
 | 1
3

26: -0.176417616907 seniority 2 ... 1
3
 | 1
1

27: -0.059008187116 seniority 2 ... 1
3
 | 1
2

Eigenvector 1 in string basis
0: -0.744725682943 seniority 0 ... 1
1
 | 1
1

1: 0.389189137767 seniority 2 ... 1
1
 | 1
2

2: -0.157609766533 seniority 2 ... 1
1
 | 1
3

13: 0.389189137690 seniority 2 ... 1
2
 | 1
1

14: -0.200920541190 seniority 0 ... 1
2
 | 1
2

15: 0.077574568216 seniority 2 ... 1
2
 | 1
3

26: -0.157609766529 seniority 2 ... 1
3
 | 1
1

27: 0.077574568202 seniority 2 ... 1
3
 | 1
2

28: 0.131606318947 seniority 0 ... 1
3
 | 1
3

42: 0.069755789180 seniority 0 ... 1
4
 | 1
4

56: 0.069812777178 seniority 0 ... 1
5
 | 1
5

70: 0.069859301053 seniority 0 ... 1
6
 | 1
6

Seniority vectors for all roots (nroots/seniority)
2 2
0.647242913768 0.352757086232
0.627614025821 0.372385974179

Calculating transition densities
Root 0 MO occupations numbers (density matrix diagonal)
13
1.081300288041 0.840495249138 0.073409857861 0.000899259087 0.000233085690 0.000233058949 0.002886919938 0.000511664122 0.000008216152 0.000008218046 0.000005970571 0.000004106923 0.000004105481
Root 1 MO occupations numbers (density matrix diagonal)
13
1.467584349727 0.397422740933 0.096580611365 0.011150911076 0.009774208336 0.009787120058 0.005806429938 0.000937619863 0.000226087491 0.000225966067 0.000176511442 0.000163702702 0.000163741003
Transition densities done:
Trandens between roots 0 0
13 13
1.081300288041 0.080304840040 -0.274772721505 -0.016332337531 0.000177709691 0.000041165695 -0.042010267727 0.020309020042 -0.000032393637 -0.000047808820 0.001035925294 0.000017352910 -0.000007540466
0.080304840040 0.840495249138 -0.074913932799 -0.016809860698 0.000181538951 0.000042807549 -0.035369867272 0.011467268003 -0.000013203929 -0.000023107877 0.000482728370 0.000010105958 -0.000012079380
-0.274772721505 -0.074913932799 0.073409857861 0.005169290502 -0.000056128687 -0.000013078136 0.012773723778 -0.005807137203 0.000008928862 0.000013425221 -0.000288591244 -0.000004973171 0.000002678234
-0.016332337531 -0.016809860698 0.005169290502 0.000899259087 -0.000006950430 -0.000001863171 0.001273952653 -0.000451681184 0.000000690110 0.000001104530 -0.000036287598 -0.000000574353 0.000000523389
0.000177709691 0.000181538951 -0.000056128687 -0.000006950430 0.000233085690 0.000000013070 -0.000013798679 0.000004985392 0.000009079659 0.000015672741 0.000000404115 0.000001631695 0.000009215912
0.000041165695 0.000042807549 -0.000013078136 -0.000001863171 0.000000013070 0.000233058949 -0.000003234902 0.000001129606 0.000015695033 -0.000009101548 -0.000000072469 0.000009239702 -0.000001627261
-0.042010267727 -0.035369867272 0.012773723778 0.001273952653 -0.000013798679 -0.000003234902 0.002886919938 -0.001167888458 0.000001658178 0.000002594160 -0.000057558938 -0.000001036097 0.000000743616
0.020309020042 0.011467268003 -0.005807137203 -0.000451681184 0.000004985392 0.000001129606 -0.001167888458 0.000511664122 -0.000000750671 -0.000001138570 0.000022680391 0.000000408186 -0.000000260716
-0.000032393637 -0.000013203929 0.000008928862 0.000000690110 0.000009079659 0.000015695033 0.000001658178 -0.000000750671 0.000008216152 0.000000000868 -0.000000048563 0.000001228912 0.000000448780
-0.000047808820 -0.000023107877 0.000013425221 0.000001104530 0.000015672741 -0.000009101548 0.000002594160 -0.000001138570 0.000000000868 0.000008218046 -0.000000036756 -0.000000451953 0.000001226683
0.001035925294 0.000482728370 -0.000288591244 -0.000036287598 0.000000404115 -0.000000072469 -0.000057558938 0.000022680391 -0.000000048563 -0.000000036756 0.000005970571 0.000000027064 -0.000000016483
0.000017352910 0.000010105958 -0.000004973171 -0.000000574353 0.000001631695 0.000009239702 -0.000001036097 0.000000408186 0.000001228912 -0.000000451953 0.000000027064 0.000004106923 -0.000000000186
-0.000007540466 -0.000012079380 0.000002678234 0.000000523389 0.000009215912 -0.000001627261 0.000000743616 -0.000000260716 0.000000448780 0.000001226683 -0.000000016483 -0.000000000186 0.000004105481

Trandens between roots 0 1
13 13
-0.552326203514 0.292187086361 -0.180510843037 -0.013199589690 0.000147177270 0.000030503856 -0.043987217713 0.018907847447 -0.000028812294 -0.000040226689 0.001055773884 0.000009457974 0.000009875330
-0.948700586824 0.493798230854 -0.214889521830 -0.033042697033 0.000362671551 0.000079112038 -0.059492802467 0.019477212377 -0.000023140531 -0.000035329906 0.001317097677 0.000010391275 0.000011778550
0.201637127990 -0.106104967668 0.058392644782 0.005450397928 -0.000060494607 -0.000012703275 0.014877655730 -0.005991493580 0.000008700793 0.000012319846 -0.000353948672 -0.000003075785 -0.000003279857
0.025975404273 -0.013798317587 0.006444041289 -0.001066819311 -0.000006881827 0.000000297453 0.001677069102 -0.000709994150 0.000000512277 0.000000564181 -0.000037163105 -0.000000352052 -0.000000396274
-0.000280502727 0.000148915212 -0.000069841846 -0.000006492705 -0.001507719520 0.000000034748 -0.000018189068 0.000007289589 -0.000046234365 -0.000079806531 0.000000517540 -0.000000011297 -0.000000151531
-0.000066397022 0.000035321504 -0.000016305044 0.000000001921 0.000000040950 -0.001508926262 -0.000004211323 0.000001876680 -0.000079912995 0.000046302220 0.000000063926 -0.000000134590 0.000000012785
0.056135814246 -0.029413611491 0.014956629009 0.001576687984 -0.000017516412 -0.000003631566 0.003851778697 -0.001451790889 0.000001989542 0.000002843868 -0.000087583919 -0.000000743501 -0.000000790993
-0.020877301574 0.010923297177 -0.005886543645 -0.000820935274 0.000008473954 0.000002076847 -0.001510771597 0.000528229614 -0.000000768888 -0.000001183133 0.000035671220 0.000000305404 0.000000287394
0.000027537843 -0.000014379814 0.000008198678 0.000000613086 -0.000056715795 -0.000098014764 0.000002079907 -0.000000784358 -0.000043043621 0.000000015165 -0.000000021134 -0.000001966507 -0.000000719939
0.000045174693 -0.000023619126 0.000012823215 0.000000981388 -0.000097894087 0.000056807848 0.000003288738 -0.000001287664 0.000000016470 -0.000043031821 -0.000000090115 0.000000722123 -0.000001962446
-0.000922653008 0.000492143524 -0.000292537520 0.000031857703 -0.000000369189 0.000000824385 -0.000067559465 0.000030985516 0.000000021413 -0.000000115446 -0.000025779717 -0.000000006788 0.000000027813
-0.000017887053 0.000009491315 -0.000005282783 0.000000090620 -0.000009174741 -0.000052178213 -0.000001285074 0.000000554773 -0.000005078564 0.000001861495 0.000000006559 -0.000024677708 -0.000000002180
0.000016856230 -0.000008857423 0.000003902387 -0.000000481652 -0.000052050396 0.000009183074 0.000001097254 -0.000000440624 -0.000001850515 -0.000005062014 -0.000000007920 -0.000000001809 -0.000024682471

Trandens between roots 1 0
13 13
-0.552326203514 -0.948700586824 0.201637127990 0.025975404273 -0.000280502727 -0.000066397022 0.056135814246 -0.020877301574 0.000027537843 0.000045174693 -0.000922653008 -0.000017887053 0.000016856230
0.292187086361 0.493798230854 -0.106104967668 -0.013798317587 0.000148915212 0.000035321504 -0.029413611491 0.010923297177 -0.000014379814 -0.000023619126 0.000492143524 0.000009491315 -0.000008857423
-0.180510843037 -0.214889521830 0.058392644782 0.006444041289 -0.000069841846 -0.000016305044 0.014956629009 -0.005886543645 0.000008198678 0.000012823215 -0.000292537520 -0.000005282783 0.000003902387
-0.013199589690 -0.033042697033 0.005450397928 -0.001066819311 -0.000006492705 0.000000001921 0.001576687984 -0.000820935274 0.000000613086 0.000000981388 0.000031857703 0.000000090620 -0.000000481652
0.000147177270 0.000362671551 -0.000060494607 -0.000006881827 -0.001507719520 0.000000040950 -0.000017516412 0.000008473954 -0.000056715795 -0.000097894087 -0.000000369189 -0.000009174741 -0.000052050396
0.000030503856 0.000079112038 -0.000012703275 0.000000297453 0.000000034748 -0.001508926262 -0.000003631566 0.000002076847 -0.000098014764 0.000056807848 0.000000824385 -0.000052178213 0.000009183074
-0.043987217713 -0.059492802467 0.014877655730 0.001677069102 -0.000018189068 -0.000004211323 0.003851778697 -0.001510771597 0.000002079907 0.000003288738 -0.000067559465 -0.000001285074 0.000001097254
0.018907847447 0.019477212377 -0.005991493580 -0.000709994150 0.000007289589 0.000001876680 -0.001451790889 0.000528229614 -0.000000784358 -0.000001287664 0.000030985516 0.000000554773 -0.000000440624
-0.000028812294 -0.000023140531 0.000008700793 0.000000512277 -0.000046234365 -0.000079912995 0.000001989542 -0.000000768888 -0.000043043621 0.000000016470 0.000000021413 -0.000005078564 -0.000001850515
-0.000040226689 -0.000035329906 0.000012319846 0.000000564181 -0.000079806531 0.000046302220 0.000002843868 -0.000001183133 0.000000015165 -0.000043031821 -0.000000115446 0.000001861495 -0.000005062014
0.001055773884 0.001317097677 -0.000353948672 -0.000037163105 0.000000517540 0.000000063926 -0.000087583919 0.000035671220 -0.000000021134 -0.000000090115 -0.000025779717 0.000000006559 -0.000000007920
0.000009457974 0.000010391275 -0.000003075785 -0.000000352052 -0.000000011297 -0.000000134590 -0.000000743501 0.000000305404 -0.000001966507 0.000000722123 -0.000000006788 -0.000024677708 -0.000000001809
0.000009875330 0.000011778550 -0.000003279857 -0.000000396274 -0.000000151531 0.000000012785 -0.000000790993 0.000000287394 -0.000000719939 -0.000001962446 0.000000027813 -0.000000002180 -0.000024682471

Trandens between roots 1 1
13 13
1.467584349727 -0.763513920756 0.252537046975 0.039434544436 -0.000432521600 -0.000094690959 0.083065807456 -0.028551778138 0.000036107448 0.000053277086 -0.002084739808 -0.000017094190 -0.000018548205
-0.763513920756 0.397422740933 -0.132883986572 -0.019449998057 0.000214346835 0.000046039405 -0.043423408374 0.015045319058 -0.000019264038 -0.000028119079 0.001092810089 0.000009016953 0.000009721302
0.252537046975 -0.132883986572 0.096580611365 0.009872942205 -0.000110279670 -0.000022403368 0.020844820946 -0.007673265494 0.000010288934 0.000015042089 -0.000403798182 -0.000003371513 -0.000003645244
0.039434544436 -0.019449998057 0.009872942205 0.011150911076 -0.000002740615 -0.000011363289 0.002779519397 -0.000564132264 0.000003766122 0.000006361198 -0.000023311900 0.000000127522 -0.000001165434
-0.000432521600 0.000214346835 -0.000110279670 -0.000002740615 0.009774208336 -0.000000084737 -0.000030272006 0.000008849914 0.000289438465 0.000499637550 -0.000000662691 -0.000008666688 -0.000048620558
-0.000094690959 0.000046039405 -0.000022403368 -0.000011363289 -0.000000084737 0.009787120058 -0.000007007120 0.000000728974 0.000500690956 -0.000290114888 0.000001202602 -0.000048882925 0.000008692711
0.083065807456 -0.043423408374 0.020844820946 0.002779519397 -0.000030272006 -0.000007007120 0.005806429938 -0.001979172401 0.000002542387 0.000003899809 -0.000129419849 -0.000000983053 -0.000001307976
-0.028551778138 0.015045319058 -0.007673265494 -0.000564132264 0.000008849914 0.000000728974 -0.001979172401 0.000937619863 -0.000000988316 -0.000001122036 0.000041456796 0.000000313468 0.000000527631
0.000036107448 -0.000019264038 0.000010288934 0.000003766122 0.000289438465 0.000500690956 0.000002542387 -0.000000988316 0.000226087491 -0.000000125290 -0.000000098640 0.000001844650 0.000000688877
0.000053277086 -0.000028119079 0.000015042089 0.000006361198 0.000499637550 -0.000290114888 0.000003899809 -0.000001122036 -0.000000125290 0.000225966067 -0.000000109383 -0.000000684235 0.000001854169
-0.002084739808 0.001092810089 -0.000403798182 -0.000023311900 -0.000000662691 0.000001202602 -0.000129419849 0.000041456796 -0.000000098640 -0.000000109383 0.000176511442 0.000000056545 -0.000000032289
-0.000017094190 0.000009016953 -0.000003371513 0.000000127522 -0.000008666688 -0.000048882925 -0.000000983053 0.000000313468 0.000001844650 -0.000000684235 0.000000056545 0.000163702702 0.000000014652
-0.000018548205 0.000009721302 -0.000003645244 -0.000001165434 -0.000048620558 0.000008692711 -0.000001307976 0.000000527631 0.000000688877 0.000001854169 -0.000000032289 0.000000014652 0.000163741003

State 0 :
Natural orbital occupations
13
1.182086423288 0.817012507267 0.000369933543 0.000234896538 0.000234850068 0.000028113696 0.000007597859 0.000006859946 0.000006859313 0.000004245413 0.000003621931 0.000003620708 0.000000470429
Natural orbitals (in MO basis)
13 13
-0.926158649411 -0.287094542507 0.013809572947 -0.000004551908 0.000002289441 -0.213061861309 -0.003685772141 -0.000097222202 -0.000004355684 -0.004088519735 -0.000128244545 0.000097060681 -0.119123811474
-0.278465622016 0.957365902537 0.020651324105 0.000026315103 -0.000031025793 -0.045823963930 -0.006124522404 -0.000046684787 0.000002292401 0.001454363037 -0.000021466993 0.000033299926 -0.057805560301
0.249049780287 0.009032128369 -0.005351497529 -0.000123098564 0.000131023570 -0.910217137402 -0.017408396605 -0.000440370103 -0.000026665041 -0.025050872595 -0.000521537499 0.000331907053 -0.329298563979
0.017914096400 -0.013961780280 0.987085942945 0.002549699967 0.009306774558 -0.016434753932 0.152024321820 0.000172061772 0.000523221855 0.024587916349 -0.000380148183 0.000076083029 0.032647560409
-0.000194567222 0.000150308516 -0.008731036676 -0.136909972952 0.986470547804 0.000380211382 -0.001323931071 -0.076124022710 0.039615213908 -0.000239648934 -0.025958444051 0.003880304269 -0.000376564843
-0.000045269582 0.000035707789 -0.003798228748 0.986499283076 0.136880667709 -0.000098964516 -0.000575921139 0.039667699467 0.076194269019 0.000136637364 -0.003886499917 -0.025958703370 -0.000071468998
0.044084886162 -0.026667574256 0.101067529743 0.000224264875 -0.000259057617 0.311984875106 -0.469725395588 -0.002152442487 -0.000168084711 0.088087997174 0.000118528239 0.000389452228 -0.813258734068
-0.019895890450 0.006286298655 0.115737455221 0.000173397323 0.000040519679 -0.155504678062 -0.867443348876 -0.001934805858 -0.002018232573 0.024222679274 -0.000443199146 -0.000195077935 0.457094069012
0.000030454983 -0.000004059911 -0.000396863857 0.063009323939 0.049178790230 0.000292172893 0.001737786745 0.044506172216 -0.980004811606 0.000628307713 -0.110134064084 -0.138156141907 -0.000866862597
0.000045860815 -0.000010239280 -0.000245734362 -0.049215936523 0.062960485559 0.000093668036 -0.002831715810 0.980086161895 0.044395415982 -0.000284796837 -0.137454475073 0.110322459793 -0.000991065013
-0.000989244746 0.000201120571 -0.036255145526 -0.000807219757 0.000049881932 -0.047143962672 0.058476389525 0.001837421338 0.002274674791 0.995116160592 0.001069864210 -0.011803481924 0.051348415735
-0.000017079275 0.000005736845 -0.000547134065 0.038954932643 0.012569582797 -0.000508525537 0.001010005264 -0.052509865546 -0.165874471129 0.011080078137 0.312513967102 0.932878618127 0.001024864334
0.000009356443 -0.000011508862 0.000326729016 -0.012558061419 0.038887853285 -0.000376465526 -0.000957394158 0.165265389423 -0.052161232114 -0.004830151580 0.933070759038 -0.312491231436 -0.000529264444

State 1 :
Natural orbital occupations
13
1.916211403128 0.052732548339 0.010011370540 0.009821869344 0.009808579099 0.000308434320 0.000223610772 0.000192124987 0.000191946409 0.000172761387 0.000162634126 0.000162588705 0.000000128844
Natural orbitals (in MO basis)
13 13
-0.874761503414 -0.154892116201 0.036968842063 0.001574871023 0.002355530028 -0.118517801761 0.078531755124 -0.000278518080 0.000574228522 -0.010431449250 -0.000046829087 0.000174986417 -0.434859815694
0.455260561322 0.053748956172 0.098739739793 0.004187520371 0.006264450063 -0.160686355135 0.163108211962 -0.000558520972 0.001162392164 -0.021352237005 -0.000010580874 0.000270504715 -0.852737068616
-0.155426127442 0.976064751598 -0.067604599337 -0.002862200204 -0.004285662519 -0.136050723510 -0.001164043064 -0.000042558431 0.000046611892 0.004003369007 -0.000203978657 0.000148332076 -0.004016183582
-0.023639292703 0.068115917440 0.988842808981 0.044366292287 0.051438838411 0.019871542546 -0.059388960669 0.000217580506 0.000223763999 0.009899697388 0.000104164559 -0.000096030387 0.091416270025
0.000259535809 -0.000772224218 0.050794213207 0.026922786933 -0.996518772519 -0.000232961618 0.000291134964 -0.002280928627 0.058341658019 -0.000139766457 0.015118933250 -0.002454048155 -0.001033934399
0.000056601237 -0.000147671660 -0.045965428947 0.996811562427 0.024587973299 -0.000023151753 0.000388692215 0.058398473100 0.002277615263 0.000278520525 0.002456654593 0.015080694196 -0.000184498118
-0.050131610316 0.115748940828 0.009400002469 0.000358073212 0.000562188644 0.879855731229 0.440928338482 -0.001060219767 0.001906907647 -0.076425375354 0.001615714985 -0.000858093817 -0.097915000646
0.017298190963 -0.048769902085 0.041097833403 0.001712859232 0.002373266568 -0.407132480698 0.871756279598 -0.003058645738 0.001784152227 -0.065782096957 -0.000889836646 0.000608950352 0.256062136539
-0.000021965170 0.000070773729 -0.000599762547 0.052835178449 -0.028802043645 0.000659955526 -0.001619117300 -0.831278885472 -0.525807226231 -0.003303826193 -0.108164346419 -0.131022314730 -0.000592674039
-0.000032357417 0.000105033603 0.004411650553 -0.028713839663 -0.052679529050 0.000763421417 0.004062102674 0.525902248772 -0.831128056352 0.001513073365 -0.131995970994 0.107660638736 -0.000874184917
0.001248244692 -0.000591286224 0.003607380294 0.000271391640 0.000331253971 -0.036356492174 -0.096439696185 0.005024931443 -0.000874242866 -0.994513615673 0.005305880069 -0.006712057824 0.014350473425
0.000010244604 -0.000005038353 0.000245624773 -0.005054471710 0.000772950666 0.000328141329 -0.001139360609 -0.166326890092 -0.036166975622 -0.005254612906 0.324600539551 0.930379780393 0.000217004444
0.000011120576 -0.000007276223 -0.000353789379 0.000756847214 0.005030765186 -0.001675825857 0.001410349016 0.035858787710 -0.167411502403 0.007407368519 0.930185895810 -0.324585983328 0.000039063547

