Number of strings: 13 13, CI size = 169
String addressing array alpha: 1 13
0 1 2 3 4 5 6 7 8 9 10 11 12

Alpha strings 13 1
1
2
3
4
5
6
7
8
9
10
11
12
13

Is hamiltonian hermitian? 1
Implicit Hamiltonian constructed
E(core)= 0.000000000000
H(1,1) + E(core) energy = -0.721663375900
Davidson: iter=0 dim=0 root=0 eigenvalue=-0.721663375900
Davidson: iter=1 dim=1 root=0 eigenvalue=-0.756591687125
Davidson: iter=2 dim=2 root=0 eigenvalue=-0.759901751773
Davidson: iter=3 dim=3 root=0 eigenvalue=-0.760657286430
Davidson: iter=4 dim=4 root=0 eigenvalue=-0.760742066889
Davidson: iter=5 dim=5 root=0 eigenvalue=-0.760751839068
Davidson: iter=6 dim=6 root=0 eigenvalue=-0.760752841157
Davidson: iter=7 dim=7 root=0 eigenvalue=-0.760752941135
Davidson: iter=8 dim=8 root=0 eigenvalue=-0.760752948833
Davidson: iter=9 dim=9 root=0 eigenvalue=-0.760752949111
Davidson: iter=10 dim=10 root=0 eigenvalue=-0.760752949126
Davidson: iter=11 dim=11 root=0 eigenvalue=-0.760752949128
Davidson: iter=12 dim=12 root=0 eigenvalue=-0.760752949128
Davidson: iter=12 dim=12 root=1 eigenvalue=-0.510637333500
root no. 0 converged
Davidson: iter=13 dim=13 root=0 eigenvalue=-0.760752949128
Davidson: iter=13 dim=13 root=1 eigenvalue=-0.519137716029
Davidson: iter=14 dim=14 root=0 eigenvalue=-0.760752949128
Davidson: iter=14 dim=14 root=1 eigenvalue=-0.519873603018
Davidson: iter=15 dim=15 root=0 eigenvalue=-0.760752949128
Davidson: iter=15 dim=15 root=1 eigenvalue=-0.519968719649
Davidson: iter=16 dim=16 root=0 eigenvalue=-0.760752949128
Davidson: iter=16 dim=16 root=1 eigenvalue=-0.519988327375
Davidson: iter=17 dim=17 root=0 eigenvalue=-0.760752949128
Davidson: iter=17 dim=17 root=1 eigenvalue=-0.519991108349
Davidson: iter=18 dim=18 root=0 eigenvalue=-0.760752949128
Davidson: iter=18 dim=18 root=1 eigenvalue=-0.519991354980
Davidson: iter=19 dim=19 root=0 eigenvalue=-0.760752949128
Davidson: iter=19 dim=19 root=1 eigenvalue=-0.519991407324
Davidson: iter=20 dim=20 root=0 eigenvalue=-0.760752949128
Davidson: iter=20 dim=20 root=1 eigenvalue=-0.519991413082
Davidson: iter=21 dim=21 root=0 eigenvalue=-0.760752949128
Davidson: iter=21 dim=21 root=1 eigenvalue=-0.519991416180
Davidson: iter=22 dim=22 root=0 eigenvalue=-0.760752949128
Davidson: iter=22 dim=22 root=1 eigenvalue=-0.519991417060
Davidson: iter=23 dim=23 root=0 eigenvalue=-0.760752949128
Davidson: iter=23 dim=23 root=1 eigenvalue=-0.519991417182
Davidson: iter=24 dim=24 root=0 eigenvalue=-0.760752949128
Davidson: iter=24 dim=24 root=1 eigenvalue=-0.519991417191
Davidson: iter=25 dim=25 root=0 eigenvalue=-0.760752949128
Davidson: iter=25 dim=25 root=1 eigenvalue=-0.519991417192
root no. 1 converged
Davidson converged in 25 iterations.
E(core)= 0.000000000000
E(0)= -0.760752949128
E(1)= -0.519991417192
FCI Excitation energies = 2
0.000000000000 0.240761531936

Vacuum coefficients in CI state 0 = -0.974702583037
Vacuum coefficients in CI state 1 = 0.084557240433
Eigenvector 0 in string basis
0: -0.974702583037 seniority 0 ... 1
1
 | 1
1

14: 0.189433898653 seniority 0 ... 1
2
 | 1
2

28: 0.063913469672 seniority 0 ... 1
3
 | 1
3

42: 0.064215144781 seniority 0 ... 1
4
 | 1
4

56: 0.064221723141 seniority 0 ... 1
5
 | 1
5

Eigenvector 1 in string basis
0: 0.084557240433 seniority 0 ... 1
1
 | 1
1

1: -0.601602403120 seniority 2 ... 1
1
 | 1
2

2: 0.064454025289 seniority 2 ... 1
1
 | 1
3

5: -0.221897833384 seniority 2 ... 1
1
 | 1
6

13: -0.601602403514 seniority 2 ... 1
2
 | 1
1

14: 0.352004605129 seniority 0 ... 1
2
 | 1
2

18: 0.114246454145 seniority 2 ... 1
2
 | 1
6

26: 0.064454025306 seniority 2 ... 1
3
 | 1
1

65: -0.221897833429 seniority 2 ... 1
6
 | 1
1

66: 0.114246454161 seniority 2 ... 1
6
 | 1
2

Seniority vectors for all roots (nroots/seniority)
2 2
0.999065456455 0.000934543545
0.133734676259 0.866265323741

Calculating transition densities
Root 0 MO occupations numbers (density matrix diagonal)
13
1.900996180219 0.071994858729 0.008348470716 0.008253405265 0.008255078733 0.000904239238 0.000252417606 0.000252388318 0.000230904359 0.000141620605 0.000123562441 0.000123280751 0.000123593019
Root 1 MO occupations numbers (density matrix diagonal)
13
0.846859878423 0.997874726850 0.013255698506 0.003302715849 0.003303414638 0.125387666360 0.002752714070 0.002754357858 0.003699258107 0.000071952962 0.000150265999 0.000151468627 0.000435881752
Transition densities done:
Trandens between roots 0 0
13 13
1.900996180219 0.016624037380 -0.016558705250 -0.000170135822 0.000076813930 0.030653304153 -0.000034018057 -0.000007682795 -0.004398536420 -0.000038069994 -0.000004926264 0.000013060267 -0.001047936178
0.016624037380 0.071994858729 -0.000028171082 -0.000001676334 -0.000000809118 0.000104407274 -0.000000596998 -0.000000155348 -0.000010196735 0.000004830993 -0.000006545638 -0.000001512663 0.000097677124
-0.016558705250 -0.000028171082 0.008348470716 -0.000007423472 -0.000001895563 0.000017798947 -0.000001268848 0.000001037618 0.000312061826 0.000000325554 0.000000333000 -0.000000277071 0.000002098445
-0.000170135822 -0.000001676334 -0.000007423472 0.008253405265 -0.000005088745 0.000000012562 0.000261074073 0.000043235580 0.000001527975 0.000003258240 -0.000018143810 0.000002938947 -0.000000689800
0.000076813930 -0.000000809118 -0.000001895563 -0.000005088745 0.008255078733 -0.000000267426 -0.000043675081 0.000261036715 -0.000002105453 0.000000333281 0.000003688384 0.000018221071 0.000000106173
0.030653304153 0.000104407274 0.000017798947 0.000000012562 -0.000000267426 0.000904239238 -0.000000581376 -0.000000144425 -0.000059437141 -0.000000260552 -0.000000607010 0.000000176343 -0.000010573337
-0.000034018057 -0.000000596998 -0.000001268848 0.000261074073 -0.000043675081 -0.000000581376 0.000252417606 -0.000000099729 -0.000000174561 -0.000001460802 0.000009166078 -0.000000119866 0.000000393518
-0.000007682795 -0.000000155348 0.000001037618 0.000043235580 0.000261036715 -0.000000144425 -0.000000099729 0.000252388318 -0.000000057001 -0.000000434108 -0.000000131692 -0.000009280590 -0.000000160715
-0.004398536420 -0.000010196735 0.000312061826 0.000001527975 -0.000002105453 -0.000059437141 -0.000000174561 -0.000000057001 0.000230904359 -0.000000585418 0.000000559803 0.000000141839 -0.000014289392
-0.000038069994 0.000004830993 0.000000325554 0.000003258240 0.000000333281 -0.000000260552 -0.000001460802 -0.000000434108 -0.000000585418 0.000141620605 0.000002057693 -0.000000584626 -0.000000443331
-0.000004926264 -0.000006545638 0.000000333000 -0.000018143810 0.000003688384 -0.000000607010 0.000009166078 -0.000000131692 0.000000559803 0.000002057693 0.000123562441 -0.000000144878 -0.000000108891
0.000013060267 -0.000001512663 -0.000000277071 0.000002938947 0.000018221071 0.000000176343 -0.000000119866 -0.000009280590 0.000000141839 -0.000000584626 -0.000000144878 0.000123280751 -0.000000013634
-0.001047936178 0.000097677124 0.000002098445 -0.000000689800 0.000000106173 -0.000010573337 0.000000393518 -0.000000160715 -0.000014289392 -0.000000443331 -0.000000108891 -0.000000013634 0.000123593019

Trandens between roots 0 1
13 13
-0.144005037323 1.161779792594 -0.126622991406 -0.000903771771 0.000176055872 0.430885165189 0.000332774470 -0.000007578437 0.056773561267 -0.000817666489 0.000292951018 0.000014560296 -0.021445858259
-0.229417564284 0.145952864484 -0.000079348289 0.000040265225 -0.000036242056 0.048001781848 0.000023910877 -0.000005362005 0.002975380412 0.000020983253 -0.000055823163 -0.000024130367 0.000261659542
0.008398991511 -0.009751038457 -0.003499332869 -0.000005825219 0.000007360776 -0.002587429049 -0.000036146131 0.000021680687 0.003268553433 -0.000022796344 0.000014484767 0.000005983489 -0.000574308497
0.000059251031 -0.000089511264 -0.000000986375 -0.002142337563 0.000015503545 -0.000029699945 0.004573753654 0.000762887128 0.000011136275 -0.000092461154 0.000566110088 -0.000101245129 0.000016896892
-0.000009458963 0.000032618624 0.000003833213 0.000015501941 -0.002145036507 0.000010828602 -0.000760371031 0.004574665150 -0.000020933223 -0.000008542816 -0.000104177126 -0.000571768557 -0.000007953172
-0.007937821531 0.021959306774 -0.001893758627 -0.000013349505 0.000001930717 0.006538066940 0.000006683200 0.000000269983 0.001179504918 -0.000013255438 0.000004720852 0.000000059442 -0.000349065053
0.000001164106 -0.000020446169 -0.000003234644 0.000735594115 -0.000121761038 -0.000007308922 -0.000040505661 0.000000399565 -0.000000522470 -0.000004460194 0.000025586004 -0.000000212996 0.000001236362
0.000001938139 -0.000005538816 0.000004017065 0.000123246806 0.000735811499 -0.000001651565 0.000000385969 -0.000040346080 -0.000000414509 -0.000001237197 -0.000000489363 -0.000025789696 -0.000000257443
-0.000161877331 -0.002522689574 0.000781378295 0.000003984990 -0.000003493938 -0.000852527568 -0.000000419755 -0.000000180450 -0.000178320964 0.000000408452 0.000000167937 0.000000414625 0.000015103716
-0.000008772009 -0.000010923665 -0.000002124465 -0.000015288678 -0.000001504583 -0.000005347846 0.000000350583 0.000000074368 -0.000001306186 -0.000099751150 0.000002797857 -0.000000772940 -0.000000228166
0.000022645308 -0.000020260611 0.000002836411 0.000091512239 -0.000016871602 -0.000005091332 -0.000003927116 0.000000204409 -0.000000262538 0.000002728344 -0.000117181519 -0.000000155147 -0.000000029193
0.000003744522 0.000003940907 0.000000142520 -0.000016361174 -0.000092437636 0.000001793615 -0.000000063695 0.000003875075 0.000000341835 -0.000000750511 -0.000000151032 -0.000117449793 -0.000000166115
-0.000123933471 -0.000396389606 -0.000043999171 0.000003096847 -0.000001335958 -0.000170202240 -0.000000393951 -0.000000079667 -0.000037216653 -0.000000156018 -0.000000282945 -0.000000065317 -0.000105631996

Trandens between roots 1 0
13 13
-0.144005037323 -0.229417564284 0.008398991511 0.000059251031 -0.000009458963 -0.007937821531 0.000001164106 0.000001938139 -0.000161877331 -0.000008772009 0.000022645308 0.000003744522 -0.000123933471
1.161779792594 0.145952864484 -0.009751038457 -0.000089511264 0.000032618624 0.021959306774 -0.000020446169 -0.000005538816 -0.002522689574 -0.000010923665 -0.000020260611 0.000003940907 -0.000396389606
-0.126622991406 -0.000079348289 -0.003499332869 -0.000000986375 0.000003833213 -0.001893758627 -0.000003234644 0.000004017065 0.000781378295 -0.000002124465 0.000002836411 0.000000142520 -0.000043999171
-0.000903771771 0.000040265225 -0.000005825219 -0.002142337563 0.000015501941 -0.000013349505 0.000735594115 0.000123246806 0.000003984990 -0.000015288678 0.000091512239 -0.000016361174 0.000003096847
0.000176055872 -0.000036242056 0.000007360776 0.000015503545 -0.002145036507 0.000001930717 -0.000121761038 0.000735811499 -0.000003493938 -0.000001504583 -0.000016871602 -0.000092437636 -0.000001335958
0.430885165189 0.048001781848 -0.002587429049 -0.000029699945 0.000010828602 0.006538066940 -0.000007308922 -0.000001651565 -0.000852527568 -0.000005347846 -0.000005091332 0.000001793615 -0.000170202240
0.000332774470 0.000023910877 -0.000036146131 0.004573753654 -0.000760371031 0.000006683200 -0.000040505661 0.000000385969 -0.000000419755 0.000000350583 -0.000003927116 -0.000000063695 -0.000000393951
-0.000007578437 -0.000005362005 0.000021680687 0.000762887128 0.004574665150 0.000000269983 0.000000399565 -0.000040346080 -0.000000180450 0.000000074368 0.000000204409 0.000003875075 -0.000000079667
0.056773561267 0.002975380412 0.003268553433 0.000011136275 -0.000020933223 0.001179504918 -0.000000522470 -0.000000414509 -0.000178320964 -0.000001306186 -0.000000262538 0.000000341835 -0.000037216653
-0.000817666489 0.000020983253 -0.000022796344 -0.000092461154 -0.000008542816 -0.000013255438 -0.000004460194 -0.000001237197 0.000000408452 -0.000099751150 0.000002728344 -0.000000750511 -0.000000156018
0.000292951018 -0.000055823163 0.000014484767 0.000566110088 -0.000104177126 0.000004720852 0.000025586004 -0.000000489363 0.000000167937 0.000002797857 -0.000117181519 -0.000000151032 -0.000000282945
0.000014560296 -0.000024130367 0.000005983489 -0.000101245129 -0.000571768557 0.000000059442 -0.000000212996 -0.000025789696 0.000000414625 -0.000000772940 -0.000000155147 -0.000117449793 -0.000000065317
-0.021445858259 0.000261659542 -0.000574308497 0.000016896892 -0.000007953172 -0.000349065053 0.000001236362 -0.000000257443 0.000015103716 -0.000000228166 -0.000000029193 -0.000000166115 -0.000105631996

Trandens between roots 1 1
13 13
0.846859878423 -0.575857906601 -0.004867079101 -0.000177617051 0.000155898072 -0.166792395200 -0.000100547152 0.000035665062 -0.010479004125 -0.000079113769 0.000202832275 0.000089296793 -0.001060295162
-0.575857906601 0.997874726850 -0.072508154629 -0.000437447081 0.000021984620 0.343923745383 0.000257051623 -0.000017603743 0.040606671762 -0.000437681799 0.000062164660 -0.000039923824 -0.012050277004
-0.004867079101 -0.072508154629 0.013255698506 0.000069382889 -0.000016332121 -0.028681768200 -0.000007761040 -0.000011699114 -0.006260565696 0.000074091914 -0.000033307933 -0.000005726637 0.001926464406
-0.000177617051 -0.000437447081 0.000069382889 0.003302715849 -0.000005340165 -0.000179290342 -0.001805095227 -0.000291968836 -0.000037272204 0.000027227575 -0.000175888340 0.000030495457 0.000007582613
0.000155898072 0.000021984620 -0.000016332121 -0.000005340165 0.003303414638 0.000019343681 0.000308964771 -0.001803923119 0.000016163226 0.000001939598 0.000033226407 0.000177190055 -0.000000899804
-0.166792395200 0.343923745383 -0.028681768200 -0.000179290342 0.000019343681 0.125387666360 0.000089263596 -0.000004450914 0.014696262315 -0.000173930313 0.000035138142 -0.000009840624 -0.004726624483
-0.000100547152 0.000257051623 -0.000007761040 -0.001805095227 0.000308964771 0.000089263596 0.002752714070 0.000002271596 0.000008370352 -0.000046968876 0.000304360244 -0.000003555416 0.000007350031
0.000035665062 -0.000017603743 -0.000011699114 -0.000291968836 -0.001803923119 -0.000004450914 0.000002271596 0.002754357858 -0.000001039770 -0.000012348046 -0.000004749782 -0.000307281642 -0.000004333400
-0.010479004125 0.040606671762 -0.006260565696 -0.000037272204 0.000016163226 0.014696262315 0.000008370352 -0.000001039770 0.003699258107 -0.000035664256 0.000015132497 0.000003180881 -0.000935806994
-0.000079113769 -0.000437681799 0.000074091914 0.000027227575 0.000001939598 -0.000173930313 -0.000046968876 -0.000012348046 -0.000035664256 0.000071952962 -0.000012225156 0.000003282332 0.000013740551
0.000202832275 0.000062164660 -0.000033307933 -0.000175888340 0.000033226407 0.000035138142 0.000304360244 -0.000004749782 0.000015132497 -0.000012225156 0.000150265999 0.000000625358 -0.000004357020
0.000089296793 -0.000039923824 -0.000005726637 0.000030495457 0.000177190055 -0.000009840624 -0.000003555416 -0.000307281642 0.000003180881 0.000003282332 0.000000625358 0.000151468627 -0.000000582590
-0.001060295162 -0.012050277004 0.001926464406 0.000007582613 -0.000000899804 -0.004726624483 0.000007350031 -0.000004333400 -0.000935806994 0.000013740551 -0.000004357020 -0.000000582590 0.000435881752

State 0 :
Natural orbital occupations
13
1.901797148022 0.071844603919 0.008268730266 0.008259334885 0.008221235623 0.000399239856 0.000244557364 0.000244381454 0.000214322430 0.000141879397 0.000122528999 0.000122360943 0.000119676841
Natural orbitals (in MO basis)
13 13
-0.999787680788 0.009028065811 -0.000867476382 0.001544925944 -0.008045978207 0.016422158932 -0.000006303429 -0.000009263095 0.001931777690 -0.000017624144 -0.000015708823 0.000024621284 0.001337885356
-0.009084264130 -0.999953254159 0.000190331724 -0.000355544569 0.001712759349 -0.002309433401 0.000006571005 0.000007937807 -0.000073662672 0.000022892528 0.000050762119 -0.000060882988 -0.001588595837
0.008743770834 -0.001912164027 -0.115599536689 0.190943399675 -0.973444677235 0.036686225589 0.000378044835 0.000202523688 -0.033742769019 0.000091377196 -0.000003884147 -0.000078660081 -0.004250130074
0.000089809399 0.000002422535 0.701293727453 -0.678445063298 -0.216342310501 0.000373221039 -0.021035501598 -0.025063038948 -0.000451694733 0.000280765776 0.004505944539 -0.002005513556 0.000067195994
-0.000040562944 0.000023700914 -0.702646607035 -0.708594071644 -0.055561218324 -0.000190583180 0.025069879774 -0.021031897238 0.000226097210 0.000041623526 0.001938800234 0.004521885864 -0.000030308662
-0.016122808372 0.002429427445 -0.003832737140 0.006869135945 -0.035778968817 -0.998870504038 0.000442405831 0.000657403817 -0.002938249270 0.000456841420 0.001317932242 -0.001011339364 -0.025251334909
0.000017901006 0.000004063050 0.026688257233 -0.018291959386 -0.006590140456 0.000642271032 0.756886510215 0.647565485195 0.008310826919 -0.004341940267 -0.068190275091 0.044174244903 -0.001360723329
0.000004042557 0.000001257238 -0.019110809348 -0.026739097031 -0.003111676809 0.000180467411 -0.647633856179 0.756885407595 0.001389134034 -0.001449171185 -0.044546548101 -0.067929315148 0.001460836202
0.002314604817 -0.000422178039 -0.003668542595 0.006582662002 -0.033352883433 -0.006184342376 -0.005332954132 -0.006506812789 0.983415541607 -0.002365336315 -0.002165238498 0.003698921154 0.177724906031
0.000019995069 -0.000072167563 0.000248120190 -0.000296739570 -0.000084826244 -0.001341413246 -0.007640467441 -0.011853053129 -0.008008694742 -0.992495706540 -0.112205516266 0.036021083895 0.028279029700
0.000002627707 0.000090609407 -0.001854243755 0.001178664664 0.000415849333 0.001986233840 0.061740240781 0.051263274449 0.006827365500 -0.114439074061 0.820915358685 -0.553453436910 -0.013986353162
-0.000006861967 0.000022753011 -0.001295006414 -0.001804922830 -0.000181225858 0.000099601991 0.052023786480 -0.062430422637 0.001852751837 0.032876223015 -0.553723461208 -0.828068256815 -0.000041079945
0.000550558233 -0.001494081535 0.000028648562 -0.000126581536 0.000932664014 -0.024335057141 0.004089037622 0.002034140555 -0.177644273980 0.027354688435 0.015278266082 -0.009476081013 0.983236765156

State 1 :
Natural orbital occupations
13
1.599212166671 0.378587489268 0.005114342633 0.004912120118 0.004891446362 0.004156510459 0.001198462511 0.001183169169 0.000318618917 0.000125636863 0.000115439519 0.000115106710 0.000069490801
Natural orbitals (in MO basis)
13 13
-0.622386086152 -0.774886653062 0.105762928248 0.004291006227 0.001952194216 0.021346467773 0.000112750823 -0.000054673198 0.019513931048 0.011904371037 -0.000054930206 -0.000109054016 -0.000063480975
0.742151710596 -0.554484721459 0.251836061174 0.009696130397 0.004238994802 0.278742468075 0.000079175016 0.000204622692 -0.022593215264 0.004033288115 0.000111863662 0.000032473979 -0.000019847646
-0.036551371976 0.141961670419 0.774766412369 0.025415256825 0.011648722321 -0.277531806555 -0.000900665316 0.004922695403 0.546886453973 0.036498043629 0.000016090559 -0.000535910171 -0.000351606840
-0.000164039666 0.001171682794 -0.024231296236 0.498052249463 0.566112445319 -0.000828999374 0.483179006831 -0.443963269689 0.003169489909 0.000311946137 -0.013668406894 0.010406432800 -0.000902059279
-0.000046923535 -0.000376420112 0.010820105664 -0.566772057524 0.497863914474 0.001049026031 0.444717517357 0.482400479430 -0.002568671651 0.000070795675 0.010513366701 0.013475398265 -0.000159115404
0.244603351939 -0.262211149113 -0.330002137943 -0.012143263211 -0.004733766076 -0.865556996299 0.000169028720 0.000155685669 0.111561351348 0.026603144717 0.000613944007 -0.000469467086 -0.000093118286
0.000172829192 -0.000244309746 0.026504226511 -0.504531444050 -0.412741534303 -0.000692836220 0.458774901730 -0.589557499743 0.000496838751 0.000604906741 -0.112702308357 0.060265115188 -0.001625141344
-0.000022406677 -0.000048041958 -0.008701830346 0.412166104644 -0.505997105569 0.000700903700 0.588890177645 0.459332747719 0.001116000789 0.002172198271 0.060282701347 0.112211935062 -0.000338530063
0.025375838546 -0.051110027963 -0.457865584498 -0.018751501400 -0.006569048171 0.307740591819 -0.001012784683 -0.000393417638 0.807443630312 0.200070255685 -0.000414382146 -0.002948659243 -0.000724696863
-0.000201256946 0.000957208874 0.002326653796 0.006545861578 0.008847735764 -0.001250979909 -0.014154434096 0.010714552669 -0.007860023281 0.037769913328 -0.106815023395 0.100214393019 -0.988238364208
-0.000043650349 -0.000546367489 0.001040967999 -0.055050723864 -0.043516158602 0.001312693631 0.063718096360 -0.085023495042 0.005334470573 -0.033059763019 0.872175168195 -0.448701233941 -0.143666064764
-0.000054611993 -0.000120177407 0.000094476394 -0.044153217918 0.055358326339 0.000455835944 -0.085055117979 -0.065106577113 0.002197969183 0.001783860089 0.458466430564 0.878458540964 0.040293747232
-0.005963018841 0.023969257250 0.071404277986 0.000371488571 0.000245661323 -0.030391126582 0.001312990494 -0.003828112586 -0.188413387732 0.977366969827 0.032799752436 -0.020306946633 0.033423863524

