Number of strings: 13 13, CI size = 169
String addressing array alpha: 1 13
0 1 2 3 4 5 6 7 8 9 10 11 12

Alpha strings 13 1
1
2
3
4
5
6
7
8
9
10
11
12
13

Is hamiltonian hermitian? 1
Implicit Hamiltonian constructed
E(core)= 0.000000000000
H(1,1) + E(core) energy = -0.577269372500
Davidson: iter=0 dim=0 root=0 eigenvalue=-0.577269372500
Davidson: iter=1 dim=1 root=0 eigenvalue=-0.619661222917
Davidson: iter=2 dim=2 root=0 eigenvalue=-0.625460277082
Davidson: iter=3 dim=3 root=0 eigenvalue=-0.628613146510
Davidson: iter=4 dim=4 root=0 eigenvalue=-0.630819360130
Davidson: iter=5 dim=5 root=0 eigenvalue=-0.631388828502
Davidson: iter=6 dim=6 root=0 eigenvalue=-0.631495661868
Davidson: iter=7 dim=7 root=0 eigenvalue=-0.631503686277
Davidson: iter=8 dim=8 root=0 eigenvalue=-0.631504361173
Davidson: iter=9 dim=9 root=0 eigenvalue=-0.631504430643
Davidson: iter=10 dim=10 root=0 eigenvalue=-0.631504436499
Davidson: iter=11 dim=11 root=0 eigenvalue=-0.631504437229
Davidson: iter=12 dim=12 root=0 eigenvalue=-0.631504437348
Davidson: iter=13 dim=13 root=0 eigenvalue=-0.631504437354
Davidson: iter=14 dim=14 root=0 eigenvalue=-0.631504437355
Davidson: iter=14 dim=14 root=1 eigenvalue=-0.556515544161
root no. 0 converged
Davidson: iter=15 dim=15 root=0 eigenvalue=-0.631504437355
Davidson: iter=15 dim=15 root=1 eigenvalue=-0.557593609827
Davidson: iter=16 dim=16 root=0 eigenvalue=-0.631504437355
Davidson: iter=16 dim=16 root=1 eigenvalue=-0.557687135635
Davidson: iter=17 dim=17 root=0 eigenvalue=-0.631504437355
Davidson: iter=17 dim=17 root=1 eigenvalue=-0.557701148455
Davidson: iter=18 dim=18 root=0 eigenvalue=-0.631504437355
Davidson: iter=18 dim=18 root=1 eigenvalue=-0.557703125971
Davidson: iter=19 dim=19 root=0 eigenvalue=-0.631504437355
Davidson: iter=19 dim=19 root=1 eigenvalue=-0.557703354634
Davidson: iter=20 dim=20 root=0 eigenvalue=-0.631504437355
Davidson: iter=20 dim=20 root=1 eigenvalue=-0.557703380954
Davidson: iter=21 dim=21 root=0 eigenvalue=-0.631504437355
Davidson: iter=21 dim=21 root=1 eigenvalue=-0.557703383093
Davidson: iter=22 dim=22 root=0 eigenvalue=-0.631504437355
Davidson: iter=22 dim=22 root=1 eigenvalue=-0.557703383258
Davidson: iter=23 dim=23 root=0 eigenvalue=-0.631504437355
Davidson: iter=23 dim=23 root=1 eigenvalue=-0.557703383271
Davidson: iter=24 dim=24 root=0 eigenvalue=-0.631504437355
Davidson: iter=24 dim=24 root=1 eigenvalue=-0.557703383273
Davidson: iter=25 dim=25 root=0 eigenvalue=-0.631504437355
Davidson: iter=25 dim=25 root=1 eigenvalue=-0.557703383273
root no. 1 converged
Davidson converged in 25 iterations.
E(core)= 0.000000000000
E(0)= -0.631504437355
E(1)= -0.557703383273
FCI Excitation energies = 2
0.000000000000 0.073801054082

Vacuum coefficients in CI state 0 = -0.878747195508
Vacuum coefficients in CI state 1 = 0.402514410098
Eigenvector 0 in string basis
0: -0.878747195508 seniority 0 ... 1
1
 | 1
1

1: -0.150834707352 seniority 2 ... 1
1
 | 1
2

5: -0.104505534543 seniority 2 ... 1
1
 | 1
6

13: -0.150834707351 seniority 2 ... 1
2
 | 1
1

14: 0.387262336802 seniority 0 ... 1
2
 | 1
2

65: -0.104505534543 seniority 2 ... 1
6
 | 1
1

Eigenvector 1 in string basis
0: 0.402514410098 seniority 0 ... 1
1
 | 1
1

1: -0.484247326147 seniority 2 ... 1
1
 | 1
2

2: 0.082627252395 seniority 2 ... 1
1
 | 1
3

5: -0.263325976720 seniority 2 ... 1
1
 | 1
6

9: 0.078561219685 seniority 2 ... 1
1
 | 1
10

13: -0.484247326072 seniority 2 ... 1
2
 | 1
1

14: 0.379289794133 seniority 0 ... 1
2
 | 1
2

18: 0.131164371653 seniority 2 ... 1
2
 | 1
6

26: 0.082627252391 seniority 2 ... 1
3
 | 1
1

28: -0.066533177799 seniority 0 ... 1
3
 | 1
3

42: -0.059740335626 seniority 0 ... 1
4
 | 1
4

56: -0.059842814582 seniority 0 ... 1
5
 | 1
5

65: -0.263325976710 seniority 2 ... 1
6
 | 1
1

66: 0.131164371644 seniority 2 ... 1
6
 | 1
2

70: -0.065006301786 seniority 0 ... 1
6
 | 1
6

117: 0.078561219683 seniority 2 ... 1
10
 | 1
1

Seniority vectors for all roots (nroots/seniority)
2 2
0.927448296369 0.072551703631
0.322216239457 0.677783760543

Calculating transition densities
Root 0 MO occupations numbers (density matrix diagonal)
13
1.616264663165 0.345683426040 0.006320096452 0.003499466300 0.003496507484 0.022237831508 0.000133598917 0.000137925803 0.000138026304 0.001504499749 0.000052790554 0.000053751312 0.000477416412
Root 1 MO occupations numbers (density matrix diagonal)
13
0.961681091112 0.795923780335 0.024330519111 0.007227854434 0.007251402622 0.182118812380 0.000463915066 0.000220621532 0.000219925901 0.015399658035 0.000185824998 0.000196863932 0.004779730541
Transition densities done:
Trandens between roots 0 0
13 13
1.616264663165 0.147114251440 -0.066755671458 -0.000498650551 0.000190891540 0.182824615661 0.000643749494 0.000000874643 -0.000025422183 -0.043658777318 0.001150020965 -0.001649614429 -0.024386156408
0.147114251440 0.345683426040 -0.007283589078 -0.000080032554 0.000014021566 0.035250932859 -0.001296130352 0.000025018707 -0.000001196727 -0.013908730066 0.000315471415 -0.000471849194 -0.006806104075
-0.066755671458 -0.007283589078 0.006320096452 0.000019347078 -0.000009196598 -0.006751097195 -0.000400137393 0.000004444262 0.000002704788 0.001842477814 -0.000043209687 0.000064039169 0.000924033823
-0.000498650551 -0.000080032554 0.000019347078 0.003499466300 -0.000000284463 -0.000051854796 0.000001874381 0.000069101898 0.000385654467 0.000014023545 0.000080092618 -0.000020443561 0.000012598859
0.000190891540 0.000014021566 -0.000009196598 -0.000000284463 0.003496507484 0.000018640667 -0.000003497151 -0.000385451652 0.000069056567 -0.000005714932 0.000021356332 0.000080207148 -0.000005954118
0.182824615661 0.035250932859 -0.006751097195 -0.000051854796 0.000018640667 0.022237831508 -0.000107786038 0.000003219069 -0.000001517820 -0.005451093819 0.000141896418 -0.000204180273 -0.003010939701
0.000643749494 -0.001296130352 -0.000400137393 0.000001874381 -0.000003497151 -0.000107786038 0.000133598917 -0.000000065683 -0.000000023349 0.000017128524 -0.000001161901 0.000001242640 0.000024723975
0.000000874643 0.000025018707 0.000004444262 0.000069101898 -0.000385451652 0.000003219069 -0.000000065683 0.000137925803 0.000000024090 -0.000000574434 -0.000001323450 -0.000016744746 0.000000252397
-0.000025422183 -0.000001196727 0.000002704788 0.000385654467 0.000069056567 -0.000001517820 -0.000000023349 0.000000024090 0.000138026304 0.000000592356 0.000016720149 -0.000001283831 0.000001126706
-0.043658777318 -0.013908730066 0.001842477814 0.000014023545 -0.000005714932 -0.005451093819 0.000017128524 -0.000000574434 0.000000592356 0.001504499749 -0.000036772786 0.000053317139 0.000782814968
0.001150020965 0.000315471415 -0.000043209687 0.000080092618 0.000021356332 0.000141896418 -0.000001161901 -0.000001323450 0.000016720149 -0.000036772786 0.000052790554 -0.000001375192 -0.000020084132
-0.001649614429 -0.000471849194 0.000064039169 -0.000020443561 0.000080207148 -0.000204180273 0.000001242640 -0.000016744746 -0.000001283831 0.000053317139 -0.000001375192 0.000053751312 0.000028985639
-0.024386156408 -0.006806104075 0.000924033823 0.000012598859 -0.000005954118 -0.003010939701 0.000024723975 0.000000252397 0.000001126706 0.000782814968 -0.000020084132 0.000028985639 0.000477416412

Trandens between roots 0 1
13 13
-0.494825060750 0.704937986481 -0.146447515559 -0.001205890471 0.000409794834 0.438311379390 -0.011338185587 0.000209582199 -0.000010567269 -0.128558604215 0.003432493721 -0.004875963345 -0.072365735052
-0.499789511365 0.441612928305 -0.044054758167 -0.000426112061 0.000105061893 0.180464275342 -0.007245605343 0.000127166346 0.000014525691 -0.052666269994 0.001306070054 -0.001889865707 -0.027826948833
0.025505459145 -0.031338924447 0.001128054249 0.000049350552 -0.000013151306 -0.018857927534 0.000018269434 -0.000004095954 0.000001813479 0.005414606476 -0.000126633444 0.000186139939 0.002699322467
0.000226159966 -0.000267066085 0.000047225123 -0.004923452114 0.000000491461 -0.000154544884 0.000006966093 0.000066746462 0.000372334128 0.000043322736 0.000300693512 -0.000077269078 0.000042439590
-0.000063701869 0.000080609896 -0.000012800570 0.000000448512 -0.004930313297 0.000050290079 -0.000005373112 -0.000372225420 0.000066952235 -0.000016161599 0.000080079638 0.000301354580 -0.000018975987
-0.087401771576 0.104586951146 -0.019064632497 -0.000161615995 0.000052838764 0.056351055349 -0.001822092832 0.000032581549 0.000001142761 -0.016895827999 0.000450561158 -0.000639842599 -0.009496102007
0.001633943064 -0.001362484098 0.000433783142 -0.000000695893 0.000003216782 -0.000386954342 -0.000051995002 -0.000000544450 -0.000000168719 0.000131449671 -0.000004390141 0.000005720410 0.000092116203
-0.000034388079 0.000030633866 -0.000007181132 -0.000069901601 0.000390672140 0.000010572841 -0.000000653561 -0.000087383659 -0.000000007131 -0.000003274830 -0.000002146833 -0.000027820413 -0.000000885503
0.000006554974 -0.000008955239 0.000000372651 -0.000389864876 -0.000069922278 -0.000007090695 0.000000046169 0.000000023745 -0.000087239122 0.000001713301 0.000027642685 -0.000002116272 0.000002257829
0.026522986507 -0.030053755004 0.004927181403 0.000042859937 -0.000012748404 -0.016147381930 0.000489676199 -0.000008814445 -0.000000183418 0.004642001397 -0.000123252656 0.000176006637 0.002606451689
-0.000621690391 0.000730231353 -0.000129292882 -0.000058180361 -0.000014754917 0.000404716924 -0.000012179190 -0.000000132178 0.000004358123 -0.000118332569 -0.000075151933 -0.000004434796 -0.000065430878
0.000922172054 -0.001071470307 0.000185547693 0.000016433038 -0.000057736237 -0.000588233042 0.000017728574 -0.000004663172 -0.000000341649 0.000172017624 -0.000004507844 -0.000071866847 0.000095108730
0.013346819144 -0.015619436181 0.002747426199 0.000019660162 -0.000004983517 -0.008631254074 0.000259910519 -0.000004474011 0.000000134019 0.002523342595 -0.000065995898 0.000094235562 0.001318423424

Trandens between roots 1 0
13 13
-0.494825060750 -0.499789511365 0.025505459145 0.000226159966 -0.000063701869 -0.087401771576 0.001633943064 -0.000034388079 0.000006554974 0.026522986507 -0.000621690391 0.000922172054 0.013346819144
0.704937986481 0.441612928305 -0.031338924447 -0.000267066085 0.000080609896 0.104586951146 -0.001362484098 0.000030633866 -0.000008955239 -0.030053755004 0.000730231353 -0.001071470307 -0.015619436181
-0.146447515559 -0.044054758167 0.001128054249 0.000047225123 -0.000012800570 -0.019064632497 0.000433783142 -0.000007181132 0.000000372651 0.004927181403 -0.000129292882 0.000185547693 0.002747426199
-0.001205890471 -0.000426112061 0.000049350552 -0.004923452114 0.000000448512 -0.000161615995 -0.000000695893 -0.000069901601 -0.000389864876 0.000042859937 -0.000058180361 0.000016433038 0.000019660162
0.000409794834 0.000105061893 -0.000013151306 0.000000491461 -0.004930313297 0.000052838764 0.000003216782 0.000390672140 -0.000069922278 -0.000012748404 -0.000014754917 -0.000057736237 -0.000004983517
0.438311379390 0.180464275342 -0.018857927534 -0.000154544884 0.000050290079 0.056351055349 -0.000386954342 0.000010572841 -0.000007090695 -0.016147381930 0.000404716924 -0.000588233042 -0.008631254074
-0.011338185587 -0.007245605343 0.000018269434 0.000006966093 -0.000005373112 -0.001822092832 -0.000051995002 -0.000000653561 0.000000046169 0.000489676199 -0.000012179190 0.000017728574 0.000259910519
0.000209582199 0.000127166346 -0.000004095954 0.000066746462 -0.000372225420 0.000032581549 -0.000000544450 -0.000087383659 0.000000023745 -0.000008814445 -0.000000132178 -0.000004663172 -0.000004474011
-0.000010567269 0.000014525691 0.000001813479 0.000372334128 0.000066952235 0.000001142761 -0.000000168719 -0.000000007131 -0.000087239122 -0.000000183418 0.000004358123 -0.000000341649 0.000000134019
-0.128558604215 -0.052666269994 0.005414606476 0.000043322736 -0.000016161599 -0.016895827999 0.000131449671 -0.000003274830 0.000001713301 0.004642001397 -0.000118332569 0.000172017624 0.002523342595
0.003432493721 0.001306070054 -0.000126633444 0.000300693512 0.000080079638 0.000450561158 -0.000004390141 -0.000002146833 0.000027642685 -0.000123252656 -0.000075151933 -0.000004507844 -0.000065995898
-0.004875963345 -0.001889865707 0.000186139939 -0.000077269078 0.000301354580 -0.000639842599 0.000005720410 -0.000027820413 -0.000002116272 0.000176006637 -0.000004434796 -0.000071866847 0.000094235562
-0.072365735052 -0.027826948833 0.002699322467 0.000042439590 -0.000018975987 -0.009496102007 0.000092116203 -0.000000885503 0.000002257829 0.002606451689 -0.000065430878 0.000095108730 0.001318423424

Trandens between roots 1 1
13 13
0.961681091112 -0.837931881200 0.069725498299 0.000691919373 -0.000152996851 -0.301242353382 0.013451810698 -0.000237293798 -0.000026787436 0.094901576233 -0.002373931873 0.003425589066 0.050531713262
-0.837931881200 0.795923780335 -0.090588095816 -0.000830504731 0.000225837207 0.336282906560 -0.012987862160 0.000230567489 0.000018797732 -0.102384532205 0.002614650903 -0.003754245458 -0.055479646965
0.069725498299 -0.090588095816 0.024330519111 0.000149927936 -0.000055731333 -0.053955647739 0.002350964728 -0.000036483725 -0.000002672172 0.015479572800 -0.000434589178 0.000610041883 0.009135141913
0.000691919373 -0.000830504731 0.000149927936 0.007227854434 -0.000001600455 -0.000462829955 0.000008816791 -0.000131093122 -0.000728959241 0.000135965700 -0.000516076606 0.000139050935 0.000044225746
-0.000152996851 0.000225837207 -0.000055731333 -0.000001600455 0.007251402622 0.000146002392 0.000003994351 0.000730673653 -0.000131283685 -0.000038375642 -0.000134488850 -0.000515273987 -0.000004629344
-0.301242353382 0.336282906560 -0.053955647739 -0.000462829955 0.000146002392 0.182118812380 -0.005304697872 0.000096290742 0.000000508133 -0.052144610576 0.001346889263 -0.001929919096 -0.028535931519
0.013451810698 -0.012987862160 0.002350964728 0.000008816791 0.000003994351 -0.005304697872 0.000463915066 -0.000004051124 -0.000000312360 0.001660890767 -0.000045076231 0.000063415166 0.000955189542
-0.000237293798 0.000230567489 -0.000036483725 -0.000131093122 0.000730673653 0.000096290742 -0.000004051124 0.000220621532 -0.000000100691 -0.000029697397 -0.000001940954 -0.000034890356 -0.000015235334
-0.000026787436 0.000018797732 -0.000002672172 -0.000728959241 -0.000131283685 0.000000508133 -0.000000312360 -0.000000100691 0.000219925901 -0.000001092047 0.000033789910 -0.000002658638 0.000001098653
0.094901576233 -0.102384532205 0.015479572800 0.000135965700 -0.000038375642 -0.052144610576 0.001660890767 -0.000029697397 -0.000001092047 0.015399658035 -0.000395445211 0.000565615407 0.008369959138
-0.002373931873 0.002614650903 -0.000434589178 -0.000516076606 -0.000134488850 0.001346889263 -0.000045076231 -0.000001940954 0.000033789910 -0.000395445211 0.000185824998 -0.000014622740 -0.000217895737
0.003425589066 -0.003754245458 0.000610041883 0.000139050935 -0.000515273987 -0.001929919096 0.000063415166 -0.000034890356 -0.000002658638 0.000565615407 -0.000014622740 0.000196863932 0.000311438066
0.050531713262 -0.055479646965 0.009135141913 0.000044225746 -0.000004629344 -0.028535931519 0.000955189542 -0.000015235334 0.000001098653 0.008369959138 -0.000217895737 0.000311438066 0.004779730541

State 0 :
Natural orbital occupations
13
1.658581778177 0.329772045619 0.003831688567 0.003546454490 0.003543559648 0.000290899054 0.000094128051 0.000094020570 0.000087471997 0.000049284757 0.000048625594 0.000048568638 0.000011474837
Natural orbitals (in MO basis)
13 13
0.985696659743 0.120472949821 0.011639815824 0.000035883490 0.000051368333 0.106711895983 -0.000001199812 -0.000006867633 0.001442931397 0.002014358981 0.000106335965 0.000046244070 -0.048572545363
0.114076316168 -0.991360347654 -0.011619758125 0.000005308272 -0.000028264234 0.047648686502 0.000004989843 -0.000023483107 -0.001268710765 -0.003091452461 -0.000317483676 -0.000173265113 -0.042125291203
-0.040827928778 -0.001469845557 0.960562747192 -0.002546024187 0.006864645484 0.249624565619 0.000324653378 0.000032340921 -0.100264441271 0.008523087103 0.000685187174 0.000343272979 -0.056194342906
-0.000306808282 0.000067157303 0.001496115401 0.990105099464 0.077707573879 0.002010358765 -0.116632647429 0.003643843817 -0.000466014465 0.000516573509 -0.005420299953 -0.000711801327 -0.000473346839
0.000116257994 0.000025018489 -0.007076190231 -0.077694829770 0.990079730009 -0.000721041411 0.003632196715 0.116668954738 0.000109625619 -0.000155616189 -0.000736464297 0.005441090187 0.000114944093
0.112874631555 -0.042575795492 0.255358554795 0.001499920434 0.001245048101 -0.942094417630 -0.000274463212 -0.000123502541 -0.043761658776 -0.019537740590 -0.001409556953 -0.000818928888 0.174336977955
0.000295461080 0.004151276086 -0.105423023338 0.000877485838 -0.001797725885 0.020346964143 0.009495455980 0.010324115657 -0.975339781707 -0.191192209674 -0.017248351798 -0.010618858169 -0.001223663490
0.000002327608 -0.000075452798 0.002074527199 0.028887731065 -0.110586347659 -0.000341666199 0.202821601569 0.958970779601 0.011972935166 0.010304019476 -0.006664841973 -0.160860902950 -0.000014352712
-0.000015440478 -0.000005366703 0.000545989527 0.110566326014 0.028910529289 -0.000369514214 0.958986819641 -0.202894621875 0.006965768789 0.015091316587 -0.160564603806 0.007711221533 -0.000401746689
-0.027351450350 0.026709259758 0.004059368995 -0.000107215281 -0.000179021949 -0.153349187025 -0.000464061984 0.001283272962 0.097091549394 -0.502884169507 -0.045818887647 -0.015478272188 -0.842820237063
0.000716677383 -0.000550167675 0.001299676590 0.022841685731 0.007999824002 0.005437979641 0.152917082230 -0.045468799359 0.009225257373 -0.122696316629 0.970638702228 -0.127038938909 0.022655321952
-0.001029462074 0.000847444306 -0.001490909850 -0.007908714573 0.022837859866 -0.007008594644 -0.044965163823 -0.152893246001 -0.007915001308 0.094455446288 -0.114894282755 -0.975066827808 -0.032000923663
-0.015205801578 0.012017541282 -0.025483253601 0.001478790566 -0.000998178259 -0.111688762138 0.009759641562 0.005646791045 -0.164237491752 0.828115113261 0.128082140992 0.082382197422 -0.500429626084

State 1 :
Natural orbital occupations
13
1.866297167800 0.109894171609 0.007368276833 0.007343365684 0.006768475107 0.001422731568 0.000161427497 0.000160926244 0.000151067263 0.000118067091 0.000117829253 0.000117639432 0.000078854620
Natural orbitals (in MO basis)
13 13
-0.704878192969 0.557608683002 0.000207092272 0.000122024413 0.003596971014 0.405393109286 -0.000294610746 0.000415484396 0.006980486498 0.000039456611 0.025730334352 0.005533390924 0.164684741219
0.649607056530 0.265379270444 -0.000728645014 -0.000373758180 -0.071123212061 0.641457326741 -0.000172742314 0.000366708370 -0.009354946666 -0.000050103357 0.027498935700 0.005915137530 0.300298133218
-0.067184210597 -0.307502770470 0.007748830631 0.002176107388 0.892883586467 0.285493102761 -0.000473195384 0.000343749201 0.043320242308 0.001402339261 0.139045398640 0.029284677784 0.006780133648
-0.000630736237 -0.002279638447 0.046370696305 0.990783587658 -0.004200094719 0.001755043722 -0.000771084740 0.030577780193 -0.000935933849 -0.004896229044 -0.025224926255 0.120725143481 -0.000154858082
0.000161928776 0.001006888755 -0.990772856014 0.046403948517 0.009054994278 -0.000742183320 0.030858323727 0.000683534603 0.000556771222 0.123097574703 -0.002134104148 0.004643863852 0.000302354288
0.261192722197 0.695988229861 0.005137261439 0.004177690457 0.417527289529 -0.519265941353 0.000124125709 -0.000386442440 -0.012847455204 0.000331267587 0.050647902590 0.010946796245 0.022767781852
-0.010524595223 -0.006785566399 -0.000006603170 -0.000231839462 0.132914233881 0.037731506861 0.000340601074 -0.004269179323 -0.671817162075 -0.013308902294 -0.711845471613 -0.147569082470 0.026812262406
0.000186500751 0.000136987039 -0.102480634282 -0.013489797908 -0.000400334214 -0.000378742828 -0.750866062240 0.116749046508 -0.003795227987 -0.635551008516 -0.004225395435 0.089010340954 -0.002240861290
0.000017128806 -0.000063677473 0.013509674869 -0.102595129311 -0.000270374761 -0.000557250657 0.116558716472 0.749267043178 -0.008511722893 0.088311550875 -0.127613616550 0.624617680287 -0.000665333665
-0.080201696135 -0.171130589897 -0.001027116851 -0.000235475750 -0.045383264351 -0.220964852276 0.009490795705 -0.006934183423 -0.445608914054 -0.002866878669 0.413087161002 0.085808247474 0.732583137122
0.002033518656 0.004853012416 0.015454691136 -0.072206478277 -0.003074123198 0.007381789095 -0.150906300303 -0.632957254375 -0.024597002533 0.163771863675 -0.127831537276 0.725605924298 -0.027875733978
-0.002924903952 -0.006806597137 0.072120979969 0.015298237391 0.002173136527 -0.009862851629 -0.631231816410 0.149809541643 0.019071466570 0.738029680408 0.002495216635 -0.164505194597 0.037301809841
-0.043195142633 -0.101395226250 -0.002401397120 -0.004069015504 0.059317281873 -0.150467641531 0.018561432827 -0.029806413028 0.588947944406 -0.037450512277 -0.515777935782 -0.059876114659 0.585290196221

