Number of strings: 13 13, CI size = 169
String addressing array alpha: 1 13
0 1 2 3 4 5 6 7 8 9 10 11 12

Alpha strings 13 1
1
2
3
4
5
6
7
8
9
10
11
12
13

Is hamiltonian hermitian? 1
Implicit Hamiltonian constructed
E(core)= 0.000000000000
H(1,1) + E(core) energy = -0.488361567100
Davidson: iter=0 dim=0 root=0 eigenvalue=-0.488361567100
Davidson: iter=1 dim=1 root=0 eigenvalue=-0.535093526694
Davidson: iter=2 dim=2 root=0 eigenvalue=-0.552727316137
Davidson: iter=3 dim=3 root=0 eigenvalue=-0.564108814892
Davidson: iter=4 dim=4 root=0 eigenvalue=-0.569351804297
Davidson: iter=5 dim=5 root=0 eigenvalue=-0.570440711598
Davidson: iter=6 dim=6 root=0 eigenvalue=-0.570602794472
Davidson: iter=7 dim=7 root=0 eigenvalue=-0.570610905386
Davidson: iter=8 dim=8 root=0 eigenvalue=-0.570611526593
Davidson: iter=9 dim=9 root=0 eigenvalue=-0.570611642958
Davidson: iter=10 dim=10 root=0 eigenvalue=-0.570611660853
Davidson: iter=11 dim=11 root=0 eigenvalue=-0.570611661639
Davidson: iter=12 dim=12 root=0 eigenvalue=-0.570611661691
Davidson: iter=13 dim=13 root=0 eigenvalue=-0.570611661695
Davidson: iter=14 dim=14 root=0 eigenvalue=-0.570611661695
Davidson: iter=14 dim=14 root=1 eigenvalue=-0.511705951101
root no. 0 converged
Davidson: iter=15 dim=15 root=0 eigenvalue=-0.570611661695
Davidson: iter=15 dim=15 root=1 eigenvalue=-0.511989730232
Davidson: iter=16 dim=16 root=0 eigenvalue=-0.570611661695
Davidson: iter=16 dim=16 root=1 eigenvalue=-0.512009195515
Davidson: iter=17 dim=17 root=0 eigenvalue=-0.570611661695
Davidson: iter=17 dim=17 root=1 eigenvalue=-0.512010063962
Davidson: iter=18 dim=18 root=0 eigenvalue=-0.570611661695
Davidson: iter=18 dim=18 root=1 eigenvalue=-0.512010195844
Davidson: iter=19 dim=19 root=0 eigenvalue=-0.570611661695
Davidson: iter=19 dim=19 root=1 eigenvalue=-0.512010203802
Davidson: iter=20 dim=20 root=0 eigenvalue=-0.570611661695
Davidson: iter=20 dim=20 root=1 eigenvalue=-0.512010204275
Davidson: iter=21 dim=21 root=0 eigenvalue=-0.570611661695
Davidson: iter=21 dim=21 root=1 eigenvalue=-0.512010204290
Davidson: iter=22 dim=22 root=0 eigenvalue=-0.570611661695
Davidson: iter=22 dim=22 root=1 eigenvalue=-0.512010204290
root no. 1 converged
Davidson converged in 22 iterations.
E(core)= 0.000000000000
E(0)= -0.570611661695
E(1)= -0.512010204290
FCI Excitation energies = 2
0.000000000000 0.058601457405

Vacuum coefficients in CI state 0 = 0.570861391934
Vacuum coefficients in CI state 1 = 0.772454179474
Eigenvector 0 in string basis
0: 0.570861391934 seniority 0 ... 1
1
 | 1
1

1: 0.397340102636 seniority 2 ... 1
1
 | 1
2

2: -0.176773939164 seniority 2 ... 1
1
 | 1
3

13: 0.397340102637 seniority 2 ... 1
2
 | 1
1

14: -0.529106493479 seniority 0 ... 1
2
 | 1
2

15: -0.071672419269 seniority 2 ... 1
2
 | 1
3

26: -0.176773939164 seniority 2 ... 1
3
 | 1
1

27: -0.071672419269 seniority 2 ... 1
3
 | 1
2

Eigenvector 1 in string basis
0: 0.772454179474 seniority 0 ... 1
1
 | 1
1

1: -0.374658990896 seniority 2 ... 1
1
 | 1
2

2: 0.142956896138 seniority 2 ... 1
1
 | 1
3

13: -0.374658989581 seniority 2 ... 1
2
 | 1
1

14: 0.179046302516 seniority 0 ... 1
2
 | 1
2

15: -0.072130888468 seniority 2 ... 1
2
 | 1
3

26: 0.142956896075 seniority 2 ... 1
3
 | 1
1

27: -0.072130888207 seniority 2 ... 1
3
 | 1
2

28: -0.137533822927 seniority 0 ... 1
3
 | 1
3

42: -0.070059418002 seniority 0 ... 1
4
 | 1
4

56: -0.069897415400 seniority 0 ... 1
5
 | 1
5

70: -0.069887503458 seniority 0 ... 1
6
 | 1
6

Seniority vectors for all roots (nroots/seniority)
2 2
0.608444023302 0.391555976698
0.663026420503 0.336973579497

Calculating transition densities
Root 0 MO occupations numbers (density matrix diagonal)
13
1.032773230910 0.885985939188 0.077668296830 0.000312446388 0.000132371115 0.000132330906 0.002924284481 0.000053182840 0.000004570983 0.000004570559 0.000004305836 0.000002234523 0.000002235440
Root 1 MO occupations numbers (density matrix diagonal)
13
1.518828502285 0.356102578049 0.089304068441 0.009976776497 0.009802304291 0.009799470420 0.004954947051 0.000273950692 0.000225315127 0.000225375769 0.000179084937 0.000163811322 0.000163815119
Transition densities done:
Trandens between roots 0 0
13 13
1.032773230910 0.058187151566 -0.276656804464 -0.004306939547 0.000072291974 -0.000004081532 -0.041893054713 0.005892054411 0.000002042693 0.000003648976 0.001180496800 -0.000064902689 -0.000069024347
0.058187151566 0.885985939188 -0.071469722754 -0.005861230282 0.000096943002 -0.000005257660 -0.035197100978 0.002854580584 -0.000000283825 -0.000004394035 0.000609033511 -0.000029397229 -0.000029168997
-0.276656804464 -0.071469722754 0.077668296830 0.001509532606 -0.000025250741 0.000001412397 0.013293799441 -0.001737230685 -0.000000522126 -0.000000685390 -0.000349219381 0.000018933797 0.000020003238
-0.004306939547 -0.005861230282 0.001509532606 0.000312446388 -0.000003045879 0.000000192848 0.000393301239 0.000001226572 0.000000039153 0.000000147764 -0.000008878557 0.000000489900 0.000000468507
0.000072291974 0.000096943002 -0.000025250741 -0.000003045879 0.000132371115 0.000000003629 -0.000006549712 -0.000000032355 -0.000000715697 -0.000003670779 0.000000211914 0.000001456620 -0.000000225391
-0.000004081532 -0.000005257660 0.000001412397 0.000000192848 0.000000003629 0.000132330906 0.000000360757 0.000000001817 0.000003666411 -0.000000717175 -0.000000110939 -0.000000216826 -0.000001462212
-0.041893054713 -0.035197100978 0.013293799441 0.000393301239 -0.000006549712 0.000000360757 0.002924284481 -0.000330840441 -0.000000065327 0.000000031196 -0.000068251532 0.000003602711 0.000003752844
0.005892054411 0.002854580584 -0.001737230685 0.000001226572 -0.000000032355 0.000000001817 -0.000330840441 0.000053182840 0.000000021638 0.000000042778 0.000008276103 -0.000000442999 -0.000000467293
0.000002042693 -0.000000283825 -0.000000522126 0.000000039153 -0.000000715697 0.000003666411 -0.000000065327 0.000000021638 0.000004570983 -0.000000000200 -0.000000011138 -0.000000061024 -0.000000170976
0.000003648976 -0.000004394035 -0.000000685390 0.000000147764 -0.000003670779 -0.000000717175 0.000000031196 0.000000042778 -0.000000000200 0.000004570559 -0.000000004821 -0.000000170787 0.000000060418
0.001180496800 0.000609033511 -0.000349219381 -0.000008878557 0.000000211914 -0.000000110939 -0.000068251532 0.000008276103 -0.000000011138 -0.000000004821 0.000004305836 -0.000000116848 -0.000000119248
-0.000064902689 -0.000029397229 0.000018933797 0.000000489900 0.000001456620 -0.000000216826 0.000003602711 -0.000000442999 -0.000000061024 -0.000000170787 -0.000000116848 0.000002234523 0.000000007511
-0.000069024347 -0.000029168997 0.000020003238 0.000000468507 -0.000000225391 -0.000001462212 0.000003752844 -0.000000467293 -0.000000170976 0.000000060418 -0.000000119248 0.000000007511 0.000002235440

Trandens between roots 0 1
13 13
0.530400043527 -0.258478212067 0.155250642775 0.002597227384 -0.000041468200 0.000002256734 0.038146565379 -0.004914205055 -0.000002160653 -0.000002831738 -0.000610259854 0.000042170561 0.000039233610
0.990228044399 -0.477057359849 0.209562138512 0.011166386601 -0.000183015145 0.000008455423 0.056272466605 -0.004445308498 0.000000819451 0.000006808428 -0.002046881085 0.000128835551 0.000128555359
-0.204648303823 0.099398261045 -0.053707684164 -0.001392484953 0.000022507871 -0.000001130785 -0.013669660508 0.001581757635 0.000000517080 0.000000317048 0.000295498125 -0.000019602700 -0.000018812710
-0.008491054700 0.004184859199 -0.001904657111 0.001504374879 -0.000006835024 0.000000963500 -0.000491257515 0.000134159763 0.000000017341 -0.000000441685 0.000012676663 -0.000000777288 -0.000000801301
0.000141041762 -0.000069532362 0.000031624212 -0.000006631684 0.001138326755 0.000000065565 0.000008142803 -0.000002242242 -0.000013009957 -0.000066558253 -0.000000179051 0.000001146459 -0.000000148280
-0.000007723654 0.000003803456 -0.000001746562 0.000000802946 0.000000067180 0.001138103034 -0.000000441057 0.000000156157 0.000066531785 -0.000013023130 -0.000000023235 -0.000000183350 -0.000001144312
-0.056736045007 0.027440748455 -0.013949216284 -0.000461141789 0.000007462886 -0.000000340020 -0.003542751624 0.000360658637 0.000000066021 -0.000000112771 0.000099834140 -0.000006409326 -0.000006295371
0.005685134706 -0.002738523908 0.001484867167 0.000277552685 -0.000004747145 0.000000319503 0.000377267050 0.000007461724 0.000000046614 0.000000127781 -0.000009647618 0.000000630419 0.000000608331
0.000000597722 -0.000000271686 0.000000215455 0.000000203826 -0.000007449219 0.000038144567 0.000000057321 0.000000025501 0.000031081982 -0.000000001887 -0.000000047858 -0.000000221136 -0.000000619223
-0.000003312888 0.000001655892 -0.000000459880 0.000000440852 -0.000038176293 -0.000007463696 -0.000000131673 0.000000085338 -0.000000000893 0.000031084219 -0.000000014685 -0.000000618722 0.000000218752
0.001089112727 -0.000527881570 0.000335954538 0.000006421066 0.000000388025 -0.000000778390 0.000077441970 -0.000008408655 -0.000000099681 -0.000000040952 0.000019237256 -0.000000026163 -0.000000008444
-0.000055013819 0.000026675918 -0.000017695630 -0.000000094458 0.000011252833 -0.000001670517 -0.000003994204 0.000000444484 -0.000000436256 -0.000001226987 -0.000000054196 0.000019040044 0.000000007126
-0.000056112655 0.000027213288 -0.000018369134 -0.000000353576 -0.000001665218 -0.000011235054 -0.000004126964 0.000000456593 -0.000001226370 0.000000434932 -0.000000032836 0.000000006957 0.000019042218

Trandens between roots 1 0
13 13
0.530400043527 0.990228044399 -0.204648303823 -0.008491054700 0.000141041762 -0.000007723654 -0.056736045007 0.005685134706 0.000000597722 -0.000003312888 0.001089112727 -0.000055013819 -0.000056112655
-0.258478212067 -0.477057359849 0.099398261045 0.004184859199 -0.000069532362 0.000003803456 0.027440748455 -0.002738523908 -0.000000271686 0.000001655892 -0.000527881570 0.000026675918 0.000027213288
0.155250642775 0.209562138512 -0.053707684164 -0.001904657111 0.000031624212 -0.000001746562 -0.013949216284 0.001484867167 0.000000215455 -0.000000459880 0.000335954538 -0.000017695630 -0.000018369134
0.002597227384 0.011166386601 -0.001392484953 0.001504374879 -0.000006631684 0.000000802946 -0.000461141789 0.000277552685 0.000000203826 0.000000440852 0.000006421066 -0.000000094458 -0.000000353576
-0.000041468200 -0.000183015145 0.000022507871 -0.000006835024 0.001138326755 0.000000067180 0.000007462886 -0.000004747145 -0.000007449219 -0.000038176293 0.000000388025 0.000011252833 -0.000001665218
0.000002256734 0.000008455423 -0.000001130785 0.000000963500 0.000000065565 0.001138103034 -0.000000340020 0.000000319503 0.000038144567 -0.000007463696 -0.000000778390 -0.000001670517 -0.000011235054
0.038146565379 0.056272466605 -0.013669660508 -0.000491257515 0.000008142803 -0.000000441057 -0.003542751624 0.000377267050 0.000000057321 -0.000000131673 0.000077441970 -0.000003994204 -0.000004126964
-0.004914205055 -0.004445308498 0.001581757635 0.000134159763 -0.000002242242 0.000000156157 0.000360658637 0.000007461724 0.000000025501 0.000000085338 -0.000008408655 0.000000444484 0.000000456593
-0.000002160653 0.000000819451 0.000000517080 0.000000017341 -0.000013009957 0.000066531785 0.000000066021 0.000000046614 0.000031081982 -0.000000000893 -0.000000099681 -0.000000436256 -0.000001226370
-0.000002831738 0.000006808428 0.000000317048 -0.000000441685 -0.000066558253 -0.000013023130 -0.000000112771 0.000000127781 -0.000000001887 0.000031084219 -0.000000040952 -0.000001226987 0.000000434932
-0.000610259854 -0.002046881085 0.000295498125 0.000012676663 -0.000000179051 -0.000000023235 0.000099834140 -0.000009647618 -0.000000047858 -0.000000014685 0.000019237256 -0.000000054196 -0.000000032836
0.000042170561 0.000128835551 -0.000019602700 -0.000000777288 0.000001146459 -0.000000183350 -0.000006409326 0.000000630419 -0.000000221136 -0.000000618722 -0.000000026163 0.000019040044 0.000000006957
0.000039233610 0.000128555359 -0.000018812710 -0.000000801301 -0.000000148280 -0.000001144312 -0.000006295371 0.000000608331 -0.000000619223 0.000000218752 -0.000000008444 0.000000007126 0.000019042218

Trandens between roots 1 1
13 13
1.518828502285 -0.735367305086 0.234719345052 0.012626829610 -0.000206374848 0.000009770017 0.077606828508 -0.006838228290 0.000000048019 0.000006351202 -0.002582780582 0.000165425839 0.000163238366
-0.735367305086 0.356102578049 -0.112716474852 -0.005590148488 0.000091009402 -0.000004179062 -0.037515301919 0.003351326905 0.000000091315 -0.000002786154 0.001238341344 -0.000079403847 -0.000078301892
0.234719345052 -0.112716474852 0.089304068441 0.002943228406 -0.000047908231 0.000002071018 0.018071055581 -0.001730055930 -0.000000179560 0.000001042686 -0.000510401381 0.000032180404 0.000031915721
0.012626829610 -0.005590148488 0.002943228406 0.009976776497 -0.000009203477 0.000006450733 0.000802939537 0.000321335862 -0.000000716480 -0.000006205967 -0.000041741232 0.000002699157 0.000002677377
-0.000206374848 0.000091009402 -0.000047908231 -0.000009203477 0.009802304291 0.000000779025 -0.000013286109 -0.000005436837 -0.000120400156 -0.000615957945 0.000000399959 -0.000002765427 0.000000425055
0.000009770017 -0.000004179062 0.000002071018 0.000006450733 0.000000779025 0.009799470420 0.000000713486 0.000000726448 0.000615646283 -0.000120523892 0.000000590581 0.000000265134 0.000002605208
0.077606828508 -0.037515301919 0.018071055581 0.000802939537 -0.000013286109 0.000000713486 0.004954947051 -0.000432382039 0.000000011718 0.000000371331 -0.000148434169 0.000009580861 0.000009416791
-0.006838228290 0.003351326905 -0.001730055930 0.000321335862 -0.000005436837 0.000000726448 -0.000432382039 0.000273950692 0.000000202995 0.000000235080 0.000010301834 -0.000000669388 -0.000000667599
0.000000048019 0.000000091315 -0.000000179560 -0.000000716480 -0.000120400156 0.000615646283 0.000000011718 0.000000202995 0.000225315127 -0.000000006701 -0.000000101384 -0.000000509994 -0.000001419821
0.000006351202 -0.000002786154 0.000001042686 -0.000006205967 -0.000615957945 -0.000120523892 0.000000371331 0.000000235080 -0.000000006701 0.000225375769 -0.000000063396 -0.000001412511 0.000000500729
-0.002582780582 0.001238341344 -0.000510401381 -0.000041741232 0.000000399959 0.000000590581 -0.000148434169 0.000010301834 -0.000000101384 -0.000000063396 0.000179084937 -0.000001106000 -0.000000911038
0.000165425839 -0.000079403847 0.000032180404 0.000002699157 -0.000002765427 0.000000265134 0.000009580861 -0.000000669388 -0.000000509994 -0.000001412511 -0.000001106000 0.000163811322 0.000000081277
0.000163238366 -0.000078301892 0.000031915721 0.000002677377 0.000000425055 0.000002605208 0.000009416791 -0.000000667599 -0.000001419821 0.000000500729 -0.000000911038 0.000000081277 0.000163815119

State 0 :
Natural orbital occupations
13
1.132743436574 0.866682100198 0.000266024419 0.000132460153 0.000132442460 0.000021832623 0.000005507794 0.000004470361 0.000004469508 0.000002576705 0.000002203507 0.000002202052 0.000000273646
Natural orbitals (in MO basis)
13 13
0.916716606053 0.305427512272 0.003816356867 -0.000002990655 -0.000007835014 -0.224144547893 0.001886319298 0.000003292979 -0.000006699864 -0.000430855864 0.000103887785 -0.000065346089 -0.126829006845
0.298637787915 -0.951688004001 0.007074988759 -0.000000835718 0.000001769431 -0.043580942021 0.001786810378 0.000000556791 0.000000675908 -0.003816452142 0.000041297351 -0.000053524124 -0.056020515208
-0.261208681955 -0.020478739908 -0.001738087739 -0.000009780556 -0.000036187459 -0.901343623042 0.010643665752 0.000015598379 -0.000031278680 0.015810181789 0.000281338569 -0.000065184893 -0.344331181334
-0.005396507832 0.004895134243 0.985752314966 0.006389105902 0.015859104098 -0.007592381386 -0.166427192457 -0.000056669174 0.000219196405 -0.003424546264 -0.000051657208 0.000166150152 0.013397512915
0.000090179186 -0.000080586604 -0.016810531418 0.433397318349 0.900495046591 0.000085247191 0.002901683946 0.000069415538 0.029867573587 -0.000081957662 -0.003694919501 0.008866279444 -0.000230334703
-0.000005031248 0.000004313203 0.001113024654 0.900634173591 -0.433443177901 0.000005154109 -0.000144506727 0.029859278420 -0.000057061482 0.000001663938 0.008875458542 0.003671991452 0.000007944793
-0.046371906603 0.023654094742 0.036866086514 -0.000014880089 0.000017947784 0.359639032690 0.133801140965 0.000039546535 -0.000258925280 -0.142091832574 0.000993984888 -0.001431253250 -0.910216923630
0.005935386603 -0.001026183220 0.163025957029 -0.000043332428 0.000051054847 -0.038676313181 0.976603641448 0.000678834330 -0.003028110967 0.041515100332 -0.000265189108 0.000514260981 0.128071279671
0.000001701239 0.000001042370 0.000239130399 0.023409530312 -0.017472895118 0.000012275921 0.001216954862 -0.978772814462 0.193302479648 0.000756842957 0.060317332598 0.012013681549 0.000023956052
0.000001950640 0.000006129148 0.000760044648 -0.017492546468 -0.023413944570 -0.000035627364 0.002757935403 0.193327283134 0.978782167193 0.000706168498 0.012256619387 -0.059974143521 0.000149426638
0.001199342869 -0.000246422045 -0.001916733670 -0.000499710222 0.000783562483 -0.067159237767 0.022427838095 0.003775959201 -0.002765395236 -0.984698627181 0.087499689505 -0.025460209090 0.130471769379
-0.000064793719 0.000009062359 0.000114805009 0.003383964284 0.010892136782 0.004081165846 -0.001365220918 0.009047792268 -0.060274638312 0.066492003989 0.511232066385 -0.854580307824 -0.007040138857
-0.000068322080 0.000007338111 0.000082795556 -0.010877992164 0.003376334239 0.004339724286 -0.001460717954 0.060333835293 0.008807969953 0.061288792453 0.852703696756 0.514984079778 -0.007938903553

State 1 :
Natural orbital occupations
13
1.916258030911 0.052778057245 0.009889606222 0.009842996692 0.009838675525 0.000296028632 0.000220712313 0.000184549564 0.000184522012 0.000174668132 0.000163630794 0.000163588434 0.000004933522
Natural orbitals (in MO basis)
13 13
-0.890040428386 -0.124314223548 -0.016167249965 0.001057895623 -0.002861416113 0.099731501883 0.043219687870 -0.000043502616 -0.000114408293 0.018475773008 0.000026110459 0.000276544524 -0.424202266177
0.430870689941 0.077881087987 -0.042299029212 0.002769084842 -0.007481740502 0.137680155811 0.094442079753 -0.000089874561 -0.000243336214 0.039795537817 -0.000008243963 0.000643356797 -0.881460625730
-0.141402394300 0.982815984228 0.023692154211 -0.001554060941 0.004184146862 0.111131556831 -0.007153272541 -0.000005345801 0.000006942090 -0.001491972311 0.000121496463 -0.000120449494 0.033063818770
-0.007395993000 0.022695141304 -0.978088107413 0.078464495157 -0.181113355412 -0.008771517865 -0.045493936212 0.000777325827 0.000401773391 -0.000747228323 0.000003916932 -0.000082626133 0.040831248689
0.000120815271 -0.000370827939 0.152635150862 0.881191716661 -0.442676178786 0.000137682719 0.001006238660 0.060909002522 0.022350604321 0.000228323031 0.001360470703 -0.005339067282 -0.000649315268
-0.000005699343 0.000016470246 -0.125132055133 0.461633666154 0.875783898160 -0.000002078943 -0.000224294190 0.022358658651 -0.060898012076 0.000100732922 -0.005341403500 -0.001349717177 0.000013875839
-0.045937599457 0.109044642336 -0.002036525794 0.000123290624 -0.000343554883 -0.968318275883 0.161843006062 -0.000179848417 -0.000412712518 -0.019909771181 -0.000956038818 0.000597580283 -0.147524260609
0.004067060588 -0.011982048597 -0.040195983577 0.002657226436 -0.007081406898 0.144198031985 0.977408604115 -0.002758252222 -0.003822356006 -0.077297851378 0.000183810014 -0.000715444063 0.126683035949
0.000000004989 -0.000002625676 -0.009802117702 0.018513051737 0.061643132853 0.000077534858 0.003344249888 -0.157128029402 0.982132357503 -0.000095038272 0.080365808587 0.004271769280 0.000118478370
-0.000003676700 0.000002692775 -0.007536623872 -0.062271485500 0.017501351174 0.000156767819 0.003523827138 0.982155997626 0.157096506616 0.003580041010 0.004543319554 -0.080021278578 0.000377640300
0.001519606316 -0.001927185619 0.001852326212 -0.000118890166 0.000399635346 0.015183704442 -0.074200693991 0.000749332468 -0.006220208719 -0.991408983722 0.081856868264 -0.046188950941 -0.049890804316
-0.000097314467 0.000113956993 -0.000167355461 -0.000218975675 0.000120701758 -0.002064734228 0.004689213458 -0.070662119178 -0.038593015554 0.073961330727 0.382083535890 -0.917619174703 0.002832420515
-0.000096026674 0.000115433811 -0.000147504404 0.000168977386 0.000184311629 -0.001557685673 0.004330208160 0.038322465717 -0.070607904739 0.057670446343 0.916952002551 0.386507787672 0.003082725889

