Number of strings: 13 13, CI size = 169
String addressing array alpha: 1 13
0 1 2 3 4 5 6 7 8 9 10 11 12

Alpha strings 13 1
1
2
3
4
5
6
7
8
9
10
11
12
13

Is hamiltonian hermitian? 1
Implicit Hamiltonian constructed
E(core)= 0.000000000000
H(1,1) + E(core) energy = -0.501155313600
Davidson: iter=0 dim=0 root=0 eigenvalue=-0.501155313600
Davidson: iter=1 dim=1 root=0 eigenvalue=-0.547751888459
Davidson: iter=2 dim=2 root=0 eigenvalue=-0.563765394654
Davidson: iter=3 dim=3 root=0 eigenvalue=-0.573395894296
Davidson: iter=4 dim=4 root=0 eigenvalue=-0.578204125699
Davidson: iter=5 dim=5 root=0 eigenvalue=-0.579658192085
Davidson: iter=6 dim=6 root=0 eigenvalue=-0.579837311874
Davidson: iter=7 dim=7 root=0 eigenvalue=-0.579847733718
Davidson: iter=8 dim=8 root=0 eigenvalue=-0.579849717116
Davidson: iter=9 dim=9 root=0 eigenvalue=-0.579849897968
Davidson: iter=10 dim=10 root=0 eigenvalue=-0.579849917131
Davidson: iter=11 dim=11 root=0 eigenvalue=-0.579849918734
Davidson: iter=12 dim=12 root=0 eigenvalue=-0.579849918850
Davidson: iter=13 dim=13 root=0 eigenvalue=-0.579849918857
Davidson: iter=14 dim=14 root=0 eigenvalue=-0.579849918858
Davidson: iter=14 dim=14 root=1 eigenvalue=-0.522197683562
root no. 0 converged
Davidson: iter=15 dim=15 root=0 eigenvalue=-0.579849918858
Davidson: iter=15 dim=15 root=1 eigenvalue=-0.522434916276
Davidson: iter=16 dim=16 root=0 eigenvalue=-0.579849918858
Davidson: iter=16 dim=16 root=1 eigenvalue=-0.522449652378
Davidson: iter=17 dim=17 root=0 eigenvalue=-0.579849918858
Davidson: iter=17 dim=17 root=1 eigenvalue=-0.522450796231
Davidson: iter=18 dim=18 root=0 eigenvalue=-0.579849918858
Davidson: iter=18 dim=18 root=1 eigenvalue=-0.522450890006
Davidson: iter=19 dim=19 root=0 eigenvalue=-0.579849918858
Davidson: iter=19 dim=19 root=1 eigenvalue=-0.522450892760
Davidson: iter=20 dim=20 root=0 eigenvalue=-0.579849918858
Davidson: iter=20 dim=20 root=1 eigenvalue=-0.522450893025
Davidson: iter=21 dim=21 root=0 eigenvalue=-0.579849918858
Davidson: iter=21 dim=21 root=1 eigenvalue=-0.522450893047
Davidson: iter=22 dim=22 root=0 eigenvalue=-0.579849918858
Davidson: iter=22 dim=22 root=1 eigenvalue=-0.522450893050
Davidson: iter=23 dim=23 root=0 eigenvalue=-0.579849918858
Davidson: iter=23 dim=23 root=1 eigenvalue=-0.522450893050
root no. 1 converged
Davidson converged in 23 iterations.
E(core)= 0.000000000000
E(0)= -0.579849918858
E(1)= -0.522450893050
FCI Excitation energies = 2
0.000000000000 0.057399025808

Vacuum coefficients in CI state 0 = -0.606596119080
Vacuum coefficients in CI state 1 = -0.744719170739
Eigenvector 0 in string basis
0: -0.606596119080 seniority 0 ... 1
1
 | 1
1

1: -0.373882519734 seniority 2 ... 1
1
 | 1
2

2: 0.176436319927 seniority 2 ... 1
1
 | 1
3

13: -0.373882519676 seniority 2 ... 1
2
 | 1
1

14: 0.526218673113 seniority 0 ... 1
2
 | 1
2

15: 0.058969477216 seniority 2 ... 1
2
 | 1
3

26: 0.176436319924 seniority 2 ... 1
3
 | 1
1

27: 0.058969477227 seniority 2 ... 1
3
 | 1
2

Eigenvector 1 in string basis
0: -0.744719170739 seniority 0 ... 1
1
 | 1
1

1: 0.389182577115 seniority 2 ... 1
1
 | 1
2

2: -0.157632389749 seniority 2 ... 1
1
 | 1
3

13: 0.389182576496 seniority 2 ... 1
2
 | 1
1

14: -0.200918191486 seniority 0 ... 1
2
 | 1
2

15: 0.077591420351 seniority 2 ... 1
2
 | 1
3

26: -0.157632389714 seniority 2 ... 1
3
 | 1
1

27: 0.077591420233 seniority 2 ... 1
3
 | 1
2

28: 0.131594001259 seniority 0 ... 1
3
 | 1
3

42: 0.069752507670 seniority 0 ... 1
4
 | 1
4

56: 0.069820779198 seniority 0 ... 1
5
 | 1
5

70: 0.069855404966 seniority 0 ... 1
6
 | 1
6

Seniority vectors for all roots (nroots/seniority)
2 2
0.647264081683 0.352735918317
0.627600236843 0.372399763157

Calculating transition densities
Root 0 MO occupations numbers (density matrix diagonal)
13
1.081309149159 0.840476871914 0.073415011986 0.000900734951 0.000233352217 0.000233120103 0.002909294162 0.000491702455 0.000008283534 0.000008257728 0.000005985369 0.000004121919 0.000004114504
Root 1 MO occupations numbers (density matrix diagonal)
13
1.467572533474 0.397416643191 0.096593812340 0.011151247434 0.009776927679 0.009786040235 0.005842290743 0.000904283177 0.000226074503 0.000226079847 0.000176446318 0.000163822555 0.000163798504
Transition densities done:
Trandens between roots 0 0
13 13
1.081309149159 0.080289119693 -0.274771560690 0.016400433009 0.000361754749 -0.000071633597 -0.042204966165 -0.019939908282 0.000243147959 0.000187791841 -0.001039123187 0.000093595253 -0.000010744185
0.080289119693 0.840476871914 -0.074957476375 0.016804207292 0.000366377929 -0.000075250800 -0.035478272566 -0.011171064500 0.000116600478 0.000095224988 -0.000493355397 0.000037361363 -0.000003381211
-0.274771560690 -0.074957476375 0.073415011986 -0.005186695925 -0.000114132721 0.000022798582 0.012831090992 0.005696390679 -0.000068171550 -0.000052995562 0.000290104314 -0.000025656344 0.000002880832
0.016400433009 0.016804207292 -0.005186695925 0.000900734951 0.000014675083 -0.000003111825 -0.001280482286 -0.000441934543 0.000005122463 0.000004032185 -0.000036619184 0.000003223319 -0.000000614197
0.000361754749 0.000366377929 -0.000114132721 0.000014675083 0.000233352217 -0.000000065625 -0.000028056354 -0.000010050228 -0.000014607541 -0.000010484010 -0.000000744333 0.000001042182 0.000009353659
-0.000071633597 -0.000075250800 0.000022798582 -0.000003111825 -0.000000065625 0.000233120103 0.000005678050 0.000001917062 0.000010563989 -0.000014750531 0.000001056926 0.000009280060 -0.000000973127
-0.042204966165 -0.035478272566 0.012831090992 -0.001280482286 -0.000028056354 0.000005678050 0.002909294162 0.001147901605 -0.000013208796 -0.000010412777 0.000058306354 -0.000004985128 0.000000545893
-0.019939908282 -0.011171064500 0.005696390679 -0.000441934543 -0.000010050228 0.000001917062 0.001147901605 0.000491702455 -0.000005694157 -0.000004443539 0.000022356178 -0.000001931324 0.000000180414
0.000243147959 0.000116600478 -0.000068171550 0.000005122463 -0.000014607541 0.000010563989 -0.000013208796 -0.000005694157 0.000008283534 0.000000051586 -0.000000182269 0.000000668732 -0.000001142527
0.000187791841 0.000095224988 -0.000052995562 0.000004032185 -0.000010484010 -0.000014750531 -0.000010412777 -0.000004443539 0.000000051586 0.000008257728 -0.000000305690 -0.000001115853 -0.000000653514
-0.001039123187 -0.000493355397 0.000290104314 -0.000036619184 -0.000000744333 0.000001056926 0.000058306354 0.000022356178 -0.000000182269 -0.000000305690 0.000005985369 -0.000000167900 0.000000031405
0.000093595253 0.000037361363 -0.000025656344 0.000003223319 0.000001042182 0.000009280060 -0.000004985128 -0.000001931324 0.000000668732 -0.000001115853 -0.000000167900 0.000004121919 -0.000000002506
-0.000010744185 -0.000003381211 0.000002880832 -0.000000614197 0.000009353659 -0.000000973127 0.000000545893 0.000000180414 -0.000001142527 -0.000000653514 0.000000031405 -0.000000002506 0.000004114504

Trandens between roots 0 1
13 13
0.552333078032 -0.292184094220 0.180533015433 -0.013221082390 -0.000289274506 0.000054363358 0.044161707044 0.018532948284 -0.000221088300 -0.000170209720 0.001063433081 -0.000103312545 0.000021124363
0.948676041733 -0.493782607944 0.214907735006 -0.033059216753 -0.000716225218 0.000142865943 0.059666872693 0.018968509496 -0.000201333489 -0.000161645494 0.001330419256 -0.000129491566 0.000029636857
-0.201689014617 0.106130115605 -0.058410831735 0.005458962558 0.000118956596 -0.000022813544 -0.014935775081 -0.005865557803 0.000068339618 0.000053038222 -0.000356791566 0.000034694085 -0.000007297035
0.025998783943 -0.013810541827 0.006454156249 0.001065149891 -0.000008862683 0.000000635315 0.001685552724 0.000696690924 -0.000006903728 -0.000005631708 0.000037591763 -0.000003602704 0.000000655773
0.000568894453 -0.000302167922 0.000141334650 -0.000009102553 0.001507805687 -0.000000050428 0.000036859272 0.000013693284 -0.000075054002 -0.000053907485 0.000000955465 -0.000000074593 0.000000167336
-0.000116108863 0.000061739025 -0.000028580304 0.000000942956 -0.000000046265 0.001509004316 -0.000007438559 -0.000003242253 0.000053916332 -0.000074971470 -0.000000184812 0.000000148634 -0.000000003430
-0.056335120095 0.029517522138 -0.015014565107 0.001586153769 0.000034464494 -0.000006624721 -0.003879493509 -0.001423849637 0.000016128517 0.000012622649 -0.000088722888 0.000008611148 -0.000001860412
-0.020400653031 0.010673335841 -0.005759217376 0.000808150690 0.000015522261 -0.000003683946 -0.001482633568 -0.000503174945 0.000006153777 0.000004876546 -0.000035215766 0.000003415791 -0.000000782051
0.000226412699 -0.000118358752 0.000065673376 -0.000008140682 -0.000092045338 0.000066131088 0.000016805004 0.000006195372 0.000042967475 -0.000000069774 0.000000512050 0.000000995658 -0.000001814520
0.000180932868 -0.000094627355 0.000051880599 -0.000006721691 -0.000066120933 -0.000091946253 0.000013304236 0.000004940029 -0.000000069108 0.000042999475 0.000000148473 -0.000001842389 -0.000001037116
-0.000935783138 0.000499001819 -0.000295582331 -0.000031522518 -0.000000368118 0.000005208786 -0.000068670696 -0.000030697572 0.000000673541 -0.000000145231 0.000025713018 -0.000000094975 0.000000049630
0.000076142926 -0.000040730788 0.000025093732 0.000003389788 0.000005556144 0.000052468824 0.000005686243 0.000002607894 0.000002637869 -0.000004702894 -0.000000115906 0.000024688540 -0.000000002846
-0.000007661961 0.000004146570 -0.000002730831 -0.000001839180 0.000052834749 -0.000005503225 -0.000000569995 -0.000000388841 -0.000004701875 -0.000002685770 0.000000067832 -0.000000004624 0.000024701698

Trandens between roots 1 0
13 13
0.552333078032 0.948676041733 -0.201689014617 0.025998783943 0.000568894453 -0.000116108863 -0.056335120095 -0.020400653031 0.000226412699 0.000180932868 -0.000935783138 0.000076142926 -0.000007661961
-0.292184094220 -0.493782607944 0.106130115605 -0.013810541827 -0.000302167922 0.000061739025 0.029517522138 0.010673335841 -0.000118358752 -0.000094627355 0.000499001819 -0.000040730788 0.000004146570
0.180533015433 0.214907735006 -0.058410831735 0.006454156249 0.000141334650 -0.000028580304 -0.015014565107 -0.005759217376 0.000065673376 0.000051880599 -0.000295582331 0.000025093732 -0.000002730831
-0.013221082390 -0.033059216753 0.005458962558 0.001065149891 -0.000009102553 0.000000942956 0.001586153769 0.000808150690 -0.000008140682 -0.000006721691 -0.000031522518 0.000003389788 -0.000001839180
-0.000289274506 -0.000716225218 0.000118956596 -0.000008862683 0.001507805687 -0.000000046265 0.000034464494 0.000015522261 -0.000092045338 -0.000066120933 -0.000000368118 0.000005556144 0.000052834749
0.000054363358 0.000142865943 -0.000022813544 0.000000635315 -0.000000050428 0.001509004316 -0.000006624721 -0.000003683946 0.000066131088 -0.000091946253 0.000005208786 0.000052468824 -0.000005503225
0.044161707044 0.059666872693 -0.014935775081 0.001685552724 0.000036859272 -0.000007438559 -0.003879493509 -0.001482633568 0.000016805004 0.000013304236 -0.000068670696 0.000005686243 -0.000000569995
0.018532948284 0.018968509496 -0.005865557803 0.000696690924 0.000013693284 -0.000003242253 -0.001423849637 -0.000503174945 0.000006195372 0.000004940029 -0.000030697572 0.000002607894 -0.000000388841
-0.000221088300 -0.000201333489 0.000068339618 -0.000006903728 -0.000075054002 0.000053916332 0.000016128517 0.000006153777 0.000042967475 -0.000000069108 0.000000673541 0.000002637869 -0.000004701875
-0.000170209720 -0.000161645494 0.000053038222 -0.000005631708 -0.000053907485 -0.000074971470 0.000012622649 0.000004876546 -0.000000069774 0.000042999475 -0.000000145231 -0.000004702894 -0.000002685770
0.001063433081 0.001330419256 -0.000356791566 0.000037591763 0.000000955465 -0.000000184812 -0.000088722888 -0.000035215766 0.000000512050 0.000000148473 0.000025713018 -0.000000115906 0.000000067832
-0.000103312545 -0.000129491566 0.000034694085 -0.000003602704 -0.000000074593 0.000000148634 0.000008611148 0.000003415791 0.000000995658 -0.000001842389 -0.000000094975 0.000024688540 -0.000000004624
0.000021124363 0.000029636857 -0.000007297035 0.000000655773 0.000000167336 -0.000000003430 -0.000001860412 -0.000000782051 -0.000001814520 -0.000001037116 0.000000049630 -0.000000002846 0.000024701698

Trandens between roots 1 1
13 13
1.467572533474 -0.763505121882 0.252577775028 -0.039448792875 -0.000854695160 0.000170597374 0.083322879563 0.027843447856 -0.000304035356 -0.000241609020 0.002102023964 -0.000204803859 0.000045041917
-0.763505121882 0.397416643191 -0.132902838017 0.019457892669 0.000421375316 -0.000083330082 -0.043558459011 -0.014674907774 0.000161123691 0.000127679997 -0.001101840758 0.000107309301 -0.000023477354
0.252577775028 -0.132902838017 0.096593812340 -0.009882368715 -0.000214146041 0.000041065170 0.020917126532 0.007495943683 -0.000084036335 -0.000066038930 0.000408426219 -0.000039514347 0.000008819732
-0.039448792875 0.019457892669 -0.009882368715 0.011151247434 0.000035167831 -0.000013816852 -0.002787162139 -0.000540607433 0.000012615624 0.000008334926 -0.000023694521 0.000002710390 -0.000000543403
-0.000854695160 0.000421375316 -0.000214146041 0.000035167831 0.009776927679 -0.000001263674 -0.000060926311 -0.000021210394 -0.000468819685 -0.000336603961 0.000000082423 -0.000005145279 -0.000049454876
0.000170597374 -0.000083330082 0.000041065170 -0.000013816852 -0.000001263674 0.009786040235 0.000012312422 0.000001218772 0.000337540658 -0.000469849916 -0.000004848145 -0.000049206127 0.000005268796
0.083322879563 -0.043558459011 0.020917126532 -0.002787162139 -0.000060926311 0.000012312422 0.005842290743 0.001937930646 -0.000021277599 -0.000016937534 0.000130982372 -0.000012836358 0.000002947047
0.027843447856 -0.014674907774 0.007495943683 -0.000540607433 -0.000021210394 0.000001218772 0.001937930646 0.000904283177 -0.000007737370 -0.000005856095 0.000040785655 -0.000003999425 0.000000829027
-0.000304035356 0.000161123691 -0.000084036335 0.000012615624 -0.000468819685 0.000337540658 -0.000021277599 -0.000007737370 0.000226074503 -0.000000050930 -0.000000404220 0.000001016453 -0.000001711775
-0.000241609020 0.000127679997 -0.000066038930 0.000008334926 -0.000336603961 -0.000469849916 -0.000016937534 -0.000005856095 -0.000000050930 0.000226079847 -0.000000541133 -0.000001650780 -0.000000990211
0.002102023964 -0.001101840758 0.000408426219 -0.000023694521 0.000000082423 -0.000004848145 0.000130982372 0.000040785655 -0.000000404220 -0.000000541133 0.000176446318 -0.000001191119 0.000000462079
-0.000204803859 0.000107309301 -0.000039514347 0.000002710390 -0.000005145279 -0.000049206127 -0.000012836358 -0.000003999425 0.000001016453 -0.000001650780 -0.000001191119 0.000163822555 -0.000000037813
0.000045041917 -0.000023477354 0.000008819732 -0.000000543403 -0.000049454876 0.000005268796 0.000002947047 0.000000829027 -0.000001711775 -0.000000990211 0.000000462079 -0.000000037813 0.000163798504

State 0 :
Natural orbital occupations
13
1.182095001141 0.817004003799 0.000369783114 0.000234947526 0.000234871363 0.000028116436 0.000007593844 0.000006862699 0.000006861737 0.000004242742 0.000003624765 0.000003620492 0.000000470341
Natural orbitals (in MO basis)
13 13
-0.926161061148 -0.287087984025 0.013817220053 0.000007905822 -0.000007233650 0.213051073411 0.003635916496 -0.000039085706 -0.000028941839 -0.004076184657 0.000031308789 -0.000081965578 0.119141333894
-0.278442262272 0.957368542613 0.020622137418 -0.000016762575 0.000006012324 0.045872405236 0.006088101357 -0.000058373411 -0.000008703447 0.001460472852 0.000042590602 -0.000022762733 0.057850030169
0.249059118414 0.008972425692 -0.005573515998 0.000113018688 -0.000036148218 0.910206524900 0.017308013370 -0.000094563129 -0.000149090179 -0.025051909076 -0.000009020634 -0.000288543043 0.329324725762
-0.017969608856 0.013931857865 -0.986877578807 0.004872922626 -0.022319340902 -0.016615831494 0.151935057520 0.000678458119 -0.000832958501 -0.024733815890 0.000496144276 -0.000052736825 0.032561178045
-0.000395292884 0.000302280086 -0.021963573747 0.032011517996 0.995196842217 -0.000311935700 0.002804259989 -0.084276645948 0.016451141917 0.000049535093 -0.026341859885 -0.000544181022 0.000717834844
0.000078960691 -0.000063028780 0.005544389818 0.995432325628 -0.031893042916 -0.000061436975 -0.000952130170 -0.016448179181 -0.084293672549 0.000026097867 0.000554924440 -0.026255669009 -0.000153325756
0.044274985129 -0.026727783171 0.099903903260 -0.000139763104 0.000135812249 -0.313353524158 0.461573895417 -0.001787602105 -0.001068651597 0.088517848670 0.001040269121 -0.000288139209 0.817473375191
0.019512127743 -0.006069784223 -0.116578411608 0.000022246208 -0.001589202567 -0.152717920792 -0.871695988864 -0.013113077974 0.004949482955 -0.025611678102 0.003080763162 -0.000062418703 0.449389384495
-0.000232995634 0.000051000322 0.002221586642 0.044530703485 -0.066319335313 0.002094325787 0.010969727463 -0.672109155984 0.714342513338 -0.001401681629 0.146193735372 -0.100297828108 -0.006235185473
-0.000181252866 0.000045454829 0.001364277664 -0.066373508756 -0.044480829079 0.001458977259 0.004590055500 -0.714309742470 -0.672295150252 -0.001266139404 0.100508448981 0.145764490604 -0.004572132721
0.000994591598 -0.000212491096 0.036368185389 0.003844612595 0.000156336978 -0.047018542626 0.059020069416 0.003046956384 0.016559411579 -0.990392263184 -0.014742081706 0.094554849029 0.051469620339
-0.000087804865 0.000010842035 -0.003349528949 0.040670585616 0.002935161866 0.004672875310 -0.005084063374 0.050793210463 0.165705379051 0.094132343331 0.083387081219 0.975912495384 -0.004544530453
0.000009851344 -0.000000181321 0.000525854738 -0.002943720870 0.040987103632 -0.000754512366 0.001462162997 0.167011741844 -0.050981351166 -0.022565911509 0.980127382188 -0.081592918507 0.000279115513

State 1 :
Natural orbital occupations
13
1.916211568444 0.052732544895 0.010010046244 0.009820779146 0.009810877804 0.000308484847 0.000223512538 0.000192096891 0.000191964834 0.000172728417 0.000162665854 0.000162603561 0.000000126526
Natural orbitals (in MO basis)
13 13
0.874757882024 0.154903845491 -0.037028710556 -0.001691271637 -0.000948390053 0.118707726683 -0.078310110771 0.000276435046 0.000346203671 0.010379021827 0.000316470172 -0.000066896989 -0.434852317944
-0.455256923718 -0.053792934874 -0.098873455761 -0.004496635857 -0.002517001179 0.161071967795 -0.162773681857 0.000554215768 0.000705222178 0.021263138789 0.000577790856 -0.000068104931 -0.852732211143
0.155451349320 -0.976044933532 0.067867450605 0.003096494276 0.001679148100 0.136083873752 0.001371909369 0.000030721774 -0.000018999889 -0.004036493472 0.000032579436 -0.000134396622 -0.003968691949
-0.023648618078 0.068250889067 0.988791729263 0.050704344627 0.046114834057 0.019913757522 -0.059398167423 0.000438190842 -0.000738807709 0.009965678264 0.000003013409 0.000011200888 -0.091384976359
-0.000512418762 0.001490899398 0.049649102367 -0.070133921920 -0.994468158727 0.000334955931 -0.001287047320 -0.004655457897 0.058169322188 -0.000409204338 0.015356304274 0.000148059048 -0.001917833576
0.000102036707 -0.000270596187 -0.047543744961 0.994401335026 -0.072504755987 -0.000072298517 0.000534412342 0.058248473142 0.004666418431 -0.000052771573 -0.000167929918 0.015278609519 0.000368968536
0.050287682421 -0.116205145936 -0.009125379394 -0.000372719244 -0.000188047993 -0.882621083710 -0.434673077182 0.001353650991 0.000265356301 0.076563515656 0.000314573083 0.001051219231 -0.100291206265
0.016870758776 -0.047774572922 0.041239284595 0.001867810570 0.002048873278 -0.400808049580 0.874777134207 -0.004134885246 0.015350979785 -0.066999321546 0.002090337708 0.000060336702 -0.255140046352
-0.000184551731 0.000555606458 -0.003817727803 0.038426352138 0.046120386288 0.004827087668 -0.013654912151 -0.635727861365 0.750285775093 -0.006645443941 0.139716321338 -0.097537238230 0.003829750363
-0.000146538714 0.000430516699 0.000574398305 -0.046229524886 0.038495526301 0.003587281771 -0.005709062405 0.750653717707 0.635581213676 -0.004430495063 0.098262976621 0.138589801657 0.002840541953
0.001258697216 -0.000619245180 0.003673123355 -0.000344323748 0.000068837036 -0.036392463009 -0.096744247153 -0.015208093030 -0.005489672136 -0.989559830778 -0.029061449554 0.093620558036 -0.014180914737
-0.000122612060 0.000056009254 -0.000101678895 -0.005030342178 0.000896081454 0.004329363025 0.008847461365 -0.166534428330 -0.030695674777 0.091296403324 0.094995243692 0.976647293176 0.001355768505
0.000026962795 -0.000016442327 -0.000200708109 0.000902703662 0.005047070398 -0.001551395392 -0.002791598456 0.031145085964 -0.168798944523 -0.036688041659 0.980160356772 -0.091869559954 -0.000132625572

