Number of strings: 13 13, CI size = 169
String addressing array alpha: 1 13
0 1 2 3 4 5 6 7 8 9 10 11 12

Alpha strings 13 1
1
2
3
4
5
6
7
8
9
10
11
12
13

Is hamiltonian hermitian? 1
Implicit Hamiltonian constructed
E(core)= 0.000000000000
H(1,1) + E(core) energy = -0.721663375500
Davidson: iter=0 dim=0 root=0 eigenvalue=-0.721663375500
Davidson: iter=1 dim=1 root=0 eigenvalue=-0.756787987201
Davidson: iter=2 dim=2 root=0 eigenvalue=-0.759917331262
Davidson: iter=3 dim=3 root=0 eigenvalue=-0.760655469035
Davidson: iter=4 dim=4 root=0 eigenvalue=-0.760734879829
Davidson: iter=5 dim=5 root=0 eigenvalue=-0.760744051275
Davidson: iter=6 dim=6 root=0 eigenvalue=-0.760744988827
Davidson: iter=7 dim=7 root=0 eigenvalue=-0.760745082599
Davidson: iter=8 dim=8 root=0 eigenvalue=-0.760745089282
Davidson: iter=9 dim=9 root=0 eigenvalue=-0.760745089593
Davidson: iter=10 dim=10 root=0 eigenvalue=-0.760745089618
Davidson: iter=11 dim=11 root=0 eigenvalue=-0.760745089620
Davidson: iter=12 dim=12 root=0 eigenvalue=-0.760745089620
Davidson: iter=12 dim=12 root=1 eigenvalue=-0.510166223608
root no. 0 converged
Davidson: iter=13 dim=13 root=0 eigenvalue=-0.760745089620
Davidson: iter=13 dim=13 root=1 eigenvalue=-0.518228436691
Davidson: iter=14 dim=14 root=0 eigenvalue=-0.760745089620
Davidson: iter=14 dim=14 root=1 eigenvalue=-0.519805951350
Davidson: iter=15 dim=15 root=0 eigenvalue=-0.760745089620
Davidson: iter=15 dim=15 root=1 eigenvalue=-0.519885514268
Davidson: iter=16 dim=16 root=0 eigenvalue=-0.760745089620
Davidson: iter=16 dim=16 root=1 eigenvalue=-0.519903776539
Davidson: iter=17 dim=17 root=0 eigenvalue=-0.760745089620
Davidson: iter=17 dim=17 root=1 eigenvalue=-0.519908707312
Davidson: iter=18 dim=18 root=0 eigenvalue=-0.760745089620
Davidson: iter=18 dim=18 root=1 eigenvalue=-0.519909408094
Davidson: iter=19 dim=19 root=0 eigenvalue=-0.760745089620
Davidson: iter=19 dim=19 root=1 eigenvalue=-0.519909823985
Davidson: iter=20 dim=20 root=0 eigenvalue=-0.760745089620
Davidson: iter=20 dim=20 root=1 eigenvalue=-0.519909939882
Davidson: iter=21 dim=21 root=0 eigenvalue=-0.760745089620
Davidson: iter=21 dim=21 root=1 eigenvalue=-0.519909958116
Davidson: iter=22 dim=22 root=0 eigenvalue=-0.760745089620
Davidson: iter=22 dim=22 root=1 eigenvalue=-0.519909960059
Davidson: iter=23 dim=23 root=0 eigenvalue=-0.760745089620
Davidson: iter=23 dim=23 root=1 eigenvalue=-0.519909960201
Davidson: iter=24 dim=24 root=0 eigenvalue=-0.760745089620
Davidson: iter=24 dim=24 root=1 eigenvalue=-0.519909960222
Davidson: iter=25 dim=25 root=0 eigenvalue=-0.760745089620
Davidson: iter=25 dim=25 root=1 eigenvalue=-0.519909960230
Davidson: iter=26 dim=26 root=0 eigenvalue=-0.760745089620
Davidson: iter=26 dim=26 root=1 eigenvalue=-0.519909960234
Davidson: iter=27 dim=27 root=0 eigenvalue=-0.760745089620
Davidson: iter=27 dim=27 root=1 eigenvalue=-0.519909960234
root no. 1 converged
Davidson converged in 27 iterations.
E(core)= 0.000000000000
E(0)= -0.760745089620
E(1)= -0.519909960234
FCI Excitation energies = 2
0.000000000000 0.240835129386

Vacuum coefficients in CI state 0 = -0.974701935189
Vacuum coefficients in CI state 1 = -0.084803257262
Eigenvector 0 in string basis
0: -0.974701935189 seniority 0 ... 1
1
 | 1
1

14: 0.189471178935 seniority 0 ... 1
2
 | 1
2

28: 0.064390806886 seniority 0 ... 1
3
 | 1
3

42: 0.063938056751 seniority 0 ... 1
4
 | 1
4

56: 0.063889719667 seniority 0 ... 1
5
 | 1
5

Eigenvector 1 in string basis
0: -0.084803257262 seniority 0 ... 1
1
 | 1
1

1: 0.601817170407 seniority 2 ... 1
1
 | 1
2

2: -0.062097885761 seniority 2 ... 1
1
 | 1
3

5: -0.221998357919 seniority 2 ... 1
1
 | 1
6

13: 0.601817176867 seniority 2 ... 1
2
 | 1
1

14: -0.352022503899 seniority 0 ... 1
2
 | 1
2

18: 0.114324091328 seniority 2 ... 1
2
 | 1
6

26: -0.062097886037 seniority 2 ... 1
3
 | 1
1

65: -0.221998358660 seniority 2 ... 1
6
 | 1
1

66: 0.114324091594 seniority 2 ... 1
6
 | 1
2

Seniority vectors for all roots (nroots/seniority)
2 2
0.999067672841 0.000932327159
0.133698250054 0.866301749946

Calculating transition densities
Root 0 MO occupations numbers (density matrix diagonal)
13
1.900991838638 0.072027817315 0.008464777290 0.008182209706 0.008169823177 0.000904253287 0.000249518998 0.000250158243 0.000231553276 0.000143550716 0.000138788870 0.000122953379 0.000122757106
Root 1 MO occupations numbers (density matrix diagonal)
13
0.846993113573 0.998462827241 0.012646334134 0.003205492425 0.003229504070 0.125520919202 0.002757044157 0.002748028621 0.003744424939 0.000072022858 0.000072175144 0.000180821795 0.000367291843
Transition densities done:
Trandens between roots 0 0
13 13
1.900991838638 0.016796359013 -0.016221317018 -0.000046522694 -0.000135340182 -0.030663769185 0.000017218281 0.000013778962 0.004267873212 0.000035802147 0.000242245336 0.000433993980 0.001177745254
0.016796359013 0.072027817315 0.000006108703 0.000000301108 0.000000701794 -0.000109325707 0.000002677577 -0.000005406212 0.000005432860 0.000003984222 0.000009144661 -0.000026640830 -0.000075887630
-0.016221317018 0.000006108703 0.008464777290 0.000020592107 -0.000014392798 -0.000024704196 -0.000003561577 0.000000011178 -0.000317049854 0.000000091635 -0.000001135526 -0.000003699012 -0.000009758061
-0.000046522694 0.000000301108 0.000020592107 0.008182209706 -0.000051203322 -0.000002821218 0.000237891025 -0.000101434048 -0.000008940355 -0.000000879895 -0.000000931918 0.000009530419 0.000001404578
-0.000135340182 0.000000701794 -0.000014392798 -0.000051203322 0.008169823177 0.000002041282 0.000093307012 0.000240340181 0.000002056124 -0.000000453144 0.000001881246 0.000007419722 -0.000007216907
-0.030663769185 -0.000109325707 -0.000024704196 -0.000002821218 0.000002041282 0.000904253287 -0.000000377998 0.000000078808 -0.000055772161 -0.000000964580 -0.000005234914 -0.000005794529 -0.000015717815
0.000017218281 0.000002677577 -0.000003561577 0.000237891025 0.000093307012 -0.000000377998 0.000249518998 -0.000000411848 0.000000000564 0.000000223081 -0.000000127310 -0.000008593912 0.000001451152
0.000013778962 -0.000005406212 0.000000011178 -0.000101434048 0.000240340181 0.000000078808 -0.000000411848 0.000250158243 -0.000000120769 -0.000000091874 -0.000000522178 -0.000002940704 0.000004250445
0.004267873212 0.000005432860 -0.000317049854 -0.000008940355 0.000002056124 -0.000055772161 0.000000000564 -0.000000120769 0.000231553276 0.000000224531 0.000000085838 -0.000003959261 -0.000011143071
0.000035802147 0.000003984222 0.000000091635 -0.000000879895 -0.000000453144 -0.000000964580 0.000000223081 -0.000000091874 0.000000224531 0.000143550716 -0.000000536832 0.000000425623 0.000000218396
0.000242245336 0.000009144661 -0.000001135526 -0.000000931918 0.000001881246 -0.000005234914 -0.000000127310 -0.000000522178 0.000000085838 -0.000000536832 0.000138788870 -0.000000227697 0.000000765658
0.000433993980 -0.000026640830 -0.000003699012 0.000009530419 0.000007419722 -0.000005794529 -0.000008593912 -0.000002940704 -0.000003959261 0.000000425623 -0.000000227697 0.000122953379 0.000000269413
0.001177745254 -0.000075887630 -0.000009758061 0.000001404578 -0.000007216907 -0.000015717815 0.000001451152 0.000004250445 -0.000011143071 0.000000218396 0.000000765658 0.000000269413 0.000122757106

Trandens between roots 0 1
13 13
0.144403791402 -1.162120133669 0.122030574451 -0.004556866614 0.005103351527 0.431053660938 -0.000281372122 0.001107110574 0.057562409739 0.000198867378 -0.000197150689 -0.006998391865 -0.018650470548
0.229564246982 -0.146123606039 -0.000055644526 -0.000273084685 0.000215965526 0.048091972293 -0.000089535986 0.000202792871 0.003075813319 -0.000005101902 0.000043441033 0.000063086916 0.000242708261
-0.008053264262 0.009453533776 0.003594945297 -0.000069526968 0.000079504586 -0.002472353508 0.000081474926 -0.000036807744 0.003287215305 -0.000000152020 -0.000045668167 -0.000187556789 -0.000515005665
0.000302301076 -0.000052154476 -0.000110679124 0.001976795041 0.000100661911 -0.000002898587 -0.004268018828 0.001744348170 0.000092832565 0.000011959341 0.000012168897 0.000397538636 -0.000003544778
-0.000335240216 0.000139809042 0.000113723282 0.000101243238 0.002001789684 -0.000023947495 -0.001738086537 -0.004270784240 -0.000014722973 0.000014706616 0.000007092108 0.000356050264 -0.000261367469
-0.007963459147 0.021977195169 -0.001814452537 0.000078646195 -0.000085221623 -0.006542948976 0.000003186651 -0.000018050841 -0.001192157332 -0.000003529427 0.000001526899 0.000113253878 0.000301623091
0.000019397844 -0.000022112853 0.000012440919 -0.000690267567 -0.000281583117 0.000004939206 0.000043885166 -0.000001295071 0.000001381498 0.000000067428 0.000000531727 0.000022248008 -0.000003939769
-0.000040770369 0.000016248316 -0.000001287682 0.000281472250 -0.000690271908 -0.000000552861 -0.000001451745 0.000045814743 -0.000000503466 0.000000337151 0.000000965883 0.000007629654 -0.000011071150
-0.000208060885 -0.002422761797 0.000758978111 0.000004768989 0.000008305293 0.000819838504 0.000000410493 0.000001163987 0.000176125735 0.000000417163 0.000002139440 -0.000004327942 -0.000010225893
0.000015672567 -0.000031139173 0.000002663274 0.000000882289 0.000001978971 0.000010072530 0.000000262597 0.000000126765 0.000001508350 0.000101633000 -0.000000297618 0.000000030928 -0.000000483252
0.000054872546 -0.000167459315 0.000008426270 0.000000542955 0.000002966676 0.000057361747 0.000000119053 -0.000000327510 0.000009287991 -0.000000268445 0.000099781838 -0.000000065475 -0.000001647964
-0.000009005086 -0.000200222264 -0.000009936635 0.000063473403 0.000058442624 0.000078253722 -0.000001115244 0.000000108946 0.000014869907 0.000000255880 0.000000697589 0.000115834827 -0.000004057830
-0.000038476342 -0.000533984507 -0.000026951836 -0.000002833456 -0.000039606601 0.000209911675 -0.000000093832 0.000001750751 0.000040014345 -0.000000034546 0.000000463539 -0.000004119724 0.000106158282

Trandens between roots 1 0
13 13
0.144403791402 0.229564246982 -0.008053264262 0.000302301076 -0.000335240216 -0.007963459147 0.000019397844 -0.000040770369 -0.000208060885 0.000015672567 0.000054872546 -0.000009005086 -0.000038476342
-1.162120133669 -0.146123606039 0.009453533776 -0.000052154476 0.000139809042 0.021977195169 -0.000022112853 0.000016248316 -0.002422761797 -0.000031139173 -0.000167459315 -0.000200222264 -0.000533984507
0.122030574451 -0.000055644526 0.003594945297 -0.000110679124 0.000113723282 -0.001814452537 0.000012440919 -0.000001287682 0.000758978111 0.000002663274 0.000008426270 -0.000009936635 -0.000026951836
-0.004556866614 -0.000273084685 -0.000069526968 0.001976795041 0.000101243238 0.000078646195 -0.000690267567 0.000281472250 0.000004768989 0.000000882289 0.000000542955 0.000063473403 -0.000002833456
0.005103351527 0.000215965526 0.000079504586 0.000100661911 0.002001789684 -0.000085221623 -0.000281583117 -0.000690271908 0.000008305293 0.000001978971 0.000002966676 0.000058442624 -0.000039606601
0.431053660938 0.048091972293 -0.002472353508 -0.000002898587 -0.000023947495 -0.006542948976 0.000004939206 -0.000000552861 0.000819838504 0.000010072530 0.000057361747 0.000078253722 0.000209911675
-0.000281372122 -0.000089535986 0.000081474926 -0.004268018828 -0.001738086537 0.000003186651 0.000043885166 -0.000001451745 0.000000410493 0.000000262597 0.000000119053 -0.000001115244 -0.000000093832
0.001107110574 0.000202792871 -0.000036807744 0.001744348170 -0.004270784240 -0.000018050841 -0.000001295071 0.000045814743 0.000001163987 0.000000126765 -0.000000327510 0.000000108946 0.000001750751
0.057562409739 0.003075813319 0.003287215305 0.000092832565 -0.000014722973 -0.001192157332 0.000001381498 -0.000000503466 0.000176125735 0.000001508350 0.000009287991 0.000014869907 0.000040014345
0.000198867378 -0.000005101902 -0.000000152020 0.000011959341 0.000014706616 -0.000003529427 0.000000067428 0.000000337151 0.000000417163 0.000101633000 -0.000000268445 0.000000255880 -0.000000034546
-0.000197150689 0.000043441033 -0.000045668167 0.000012168897 0.000007092108 0.000001526899 0.000000531727 0.000000965883 0.000002139440 -0.000000297618 0.000099781838 0.000000697589 0.000000463539
-0.006998391865 0.000063086916 -0.000187556789 0.000397538636 0.000356050264 0.000113253878 0.000022248008 0.000007629654 -0.000004327942 0.000000030928 -0.000000065475 0.000115834827 -0.000004119724
-0.018650470548 0.000242708261 -0.000515005665 -0.000003544778 -0.000261367469 0.000301623091 -0.000003939769 -0.000011071150 -0.000010225893 -0.000000483252 -0.000001647964 -0.000004057830 0.000106158282

Trandens between roots 1 1
13 13
0.846993113573 -0.576430429931 -0.005430463369 -0.000987905155 0.000725086718 0.167074302422 -0.000455515356 0.000977284515 0.010973476002 -0.000007635872 0.000217196711 0.000264477241 0.000987340180
-0.576430429931 0.998462827241 -0.069494055054 0.003262409849 -0.003443664399 -0.344188925220 0.000358753807 -0.001093318461 -0.041284082521 -0.000110088789 0.000010688746 0.003972975806 0.010438685127
-0.005430463369 -0.069494055054 0.012646334134 -0.000397130949 0.000435787802 0.027596202031 0.000071170382 -0.000043508080 0.006162597753 0.000013859724 -0.000043591716 -0.000608499745 -0.001638699698
-0.000987905155 0.003262409849 -0.000397130949 0.003205492425 0.000069214146 -0.001195510842 -0.001639534434 0.000609333162 -0.000160907205 0.000005526852 0.000006541234 0.000140131343 0.000047056121
0.000725086718 -0.003443664399 0.000435787802 0.000069214146 0.003229504070 0.001285747837 -0.000713739475 -0.001609443370 0.000212669355 0.000006208155 -0.000002062538 0.000088279375 -0.000137352967
0.167074302422 -0.344188925220 0.027596202031 -0.001195510842 0.001285747837 0.125520919202 -0.000111198486 0.000361623992 0.014936777018 0.000040939429 -0.000027441435 -0.001555902546 -0.004106056209
-0.000455515356 0.000358753807 0.000071170382 -0.001639534434 -0.000713739475 -0.000111198486 0.002757044157 0.000006074090 -0.000019301302 -0.000010150789 -0.000008141410 -0.000269354519 0.000051586490
0.000977284515 -0.001093318461 -0.000043508080 0.000609333162 -0.001609443370 0.000361623992 0.000006074090 0.002748028621 0.000048298028 -0.000004933937 0.000000702907 -0.000098888876 0.000121183104
0.010973476002 -0.041284082521 0.006162597753 -0.000160907205 0.000212669355 0.014936777018 -0.000019301302 0.000048298028 0.003744424939 0.000006557166 -0.000022721809 -0.000302713255 -0.000820431425
-0.000007635872 -0.000110088789 0.000013859724 0.000005526852 0.000006208155 0.000040939429 -0.000010150789 -0.000004933937 0.000006557166 0.000072022858 -0.000000148887 0.000000446905 -0.000002995554
0.000217196711 0.000010688746 -0.000043591716 0.000006541234 -0.000002062538 -0.000027441435 -0.000008141410 0.000000702907 -0.000022721809 -0.000000148887 0.000072175144 0.000004752725 0.000006865174
0.000264477241 0.003972975806 -0.000608499745 0.000140131343 0.000088279375 -0.001555902546 -0.000269354519 -0.000098888876 -0.000302713255 0.000000446905 0.000004752725 0.000180821795 0.000080224777
0.000987340180 0.010438685127 -0.001638699698 0.000047056121 -0.000137352967 -0.004106056209 0.000051586490 0.000121183104 -0.000820431425 -0.000002995554 0.000006865174 0.000080224777 0.000367291843

State 0 :
Natural orbital occupations
13
1.901790136682 0.071874505940 0.008351307661 0.008230486022 0.008132615606 0.000398891291 0.000241969248 0.000241862221 0.000214505043 0.000143620413 0.000138708237 0.000121917506 0.000119474130
Natural orbitals (in MO basis)
13 13
-0.999788354282 0.009118557638 0.007869358080 0.001789533083 0.000008117958 -0.016409169469 -0.000004683351 0.000015533446 -0.002056190546 -0.000001283812 0.000087590740 0.000142041398 -0.001205148421
-0.009178501053 -0.999951646518 -0.002226822496 -0.000506240974 0.000008321599 0.002312226193 -0.000003803623 -0.000123603447 0.000210698251 -0.000024706252 0.000078129614 -0.000138346112 0.001346375583
0.008565959276 -0.002430687379 0.974646991426 0.217717778628 0.009130010531 -0.036669062527 0.000355851435 0.001303881531 0.033618513442 -0.000016843089 -0.000390768932 -0.000573308437 0.004736769535
0.000024637128 -0.000012272462 0.168631307893 -0.727185566182 -0.664607263489 -0.000430863218 -0.022338448459 -0.023454840271 0.001813715213 0.000100980856 -0.000232743289 0.002915441070 -0.000802317654
0.000071402284 -0.000029740397 -0.138226847164 0.650123772255 -0.746441430201 -0.000042866066 -0.022848653808 0.022875678150 -0.001037555109 0.000058609754 0.000288988543 0.003016693945 0.001407617202
0.016128379142 -0.002399266505 -0.035451918048 -0.007702444977 -0.000017264184 -0.998979358107 0.000065926439 0.002379527713 -0.014229389171 0.000719856033 -0.004684936168 0.001635805830 -0.014996994296
-0.000009078017 -0.000035162540 0.002948987734 -0.014169158962 -0.028892903460 0.000979905648 0.913182477555 0.398939742548 -0.011953351096 -0.000806262659 0.001063124442 -0.075690535074 0.005089352368
-0.000007211004 0.000077199548 -0.006195937864 0.028826618155 -0.014204637638 -0.002173433228 0.397679922251 -0.915385675875 0.029199316301 0.000626331053 -0.003907121469 -0.033678479157 -0.029006564886
-0.002245856360 0.000479790115 -0.033899472197 -0.006640896295 0.000196119565 -0.015083761332 -0.001070016700 0.026822791204 0.986586120827 -0.000181594724 -0.010113823309 -0.017391292244 0.155229931313
-0.000018850314 -0.000050952332 0.000037075920 0.000052799770 0.000114990000 0.001457798341 0.001732376337 0.001775909536 0.001522180318 0.993516985722 -0.111495269355 0.016894767878 -0.014026877215
-0.000127453776 -0.000096453407 0.000066692697 0.000260562657 -0.000097741084 0.005030595061 -0.003013822234 0.004455804621 -0.006516721799 -0.111368222488 -0.993023981784 -0.026342949561 -0.026640576571
-0.000228101499 0.000426722449 0.000095214574 -0.000248428950 -0.001449902737 -0.004382448661 -0.078902033373 -0.007687186634 -0.053051171642 0.021923648204 0.017574711507 -0.968024380630 0.230257721194
-0.000618989535 0.001208052603 0.000252030833 -0.000665361336 0.000532928874 -0.011873727912 0.026238974685 -0.032152437555 -0.146464376721 0.006234076086 -0.031974489647 0.234014991251 0.959613493706

State 1 :
Natural orbital occupations
13
1.600154308710 0.377878050257 0.005202301480 0.004874413787 0.004618856749 0.004154555403 0.001219443803 0.001208045309 0.000305124655 0.000125241568 0.000115972468 0.000072017308 0.000071668504
Natural orbitals (in MO basis)
13 13
0.622418644820 0.775109319078 0.101795044039 0.000615493682 0.024587662306 -0.019143158387 0.000034962817 0.000025751656 -0.018580879009 0.011027357243 0.000114813838 -0.000053642259 0.000284546869
-0.742166616539 0.555082546810 0.243657265219 0.001253440018 0.086506913573 -0.271226644502 0.003377705501 0.000187524828 0.025145055671 0.002933484154 0.000130262505 -0.000372947033 0.001351836202
0.034720604841 -0.137956474489 0.753863021075 -0.000942166922 0.152960317469 0.298288060728 -0.016718274370 0.005114976422 -0.545411183184 0.036037542931 0.000613837932 0.000430579402 -0.001110634531
-0.002095137919 0.003801873835 -0.137201041649 0.499063282288 0.537205709233 0.057574601917 -0.486386038111 -0.451081279972 0.000968759870 -0.003797405895 -0.011223527792 -0.000057493173 -0.001016315786
0.002092421124 -0.004697655650 0.123460879539 0.564018087752 -0.475078611240 -0.048600253761 0.457473319328 -0.478590452303 -0.007109314843 0.003630986014 -0.012535787753 -0.000556189114 0.001024462658
0.244678070066 -0.262463902837 0.323619096270 0.001402095240 0.174244143156 -0.850325004963 -0.000544835735 -0.000191801283 0.111349980955 -0.026414351438 -0.000524574674 -0.000380474019 0.001769494461
-0.000358579555 -0.000366445905 0.077425175774 -0.586384108942 -0.284104010242 -0.026663989549 -0.308380492922 -0.678563185987 0.015556205784 -0.018878994845 -0.112148317018 0.003169764482 0.000684768449
0.000940809266 0.000188949140 -0.142186401574 -0.289949171114 0.577941168869 0.059582743870 0.676159821472 -0.309738375323 -0.022506178689 0.038354238236 -0.055096444957 0.001183984009 0.000962006297
0.025898164478 -0.051324167374 0.438189932426 0.006536576800 0.095294308139 0.321512732689 0.024868144886 0.004445354309 0.809547393226 -0.190102559741 -0.000425456733 -0.002044621970 0.006482002956
0.000054768697 -0.000211974989 -0.000179267760 0.002850491170 0.000043923315 0.000367812034 -0.000525505357 0.002791889653 0.000346438808 0.007369878506 -0.003829957227 0.896064179005 0.443828198760
0.000073983051 0.000499952247 -0.005737387779 0.001418986172 -0.000017223857 -0.000860527455 -0.000589636391 0.002872667587 -0.012984950189 -0.034715678614 -0.029912591083 -0.443214541695 0.895124456370
-0.001996391727 0.007731219569 -0.023967894847 0.065184381485 0.002348833978 -0.008917811121 0.007451195526 0.099055132181 -0.061396315841 -0.326787244568 -0.934315379662 0.016606251763 -0.037146845196
-0.005135659380 0.020944965116 -0.065832820374 -0.024411455711 0.006844852891 -0.025544744532 0.029839152364 -0.034886049436 -0.170426163510 -0.922946326354 0.332036895093 0.018375936854 -0.018359828167

