Number of strings: 13 13, CI size = 169
String addressing array alpha: 1 13
0 1 2 3 4 5 6 7 8 9 10 11 12

Alpha strings 13 1
1
2
3
4
5
6
7
8
9
10
11
12
13

Is hamiltonian hermitian? 1
Implicit Hamiltonian constructed
E(core)= 0.000000000000
H(1,1) + E(core) energy = -0.528731633900
Davidson: iter=0 dim=0 root=0 eigenvalue=-0.528731633900
Davidson: iter=1 dim=1 root=0 eigenvalue=-0.574583498449
Davidson: iter=2 dim=2 root=0 eigenvalue=-0.586315184485
Davidson: iter=3 dim=3 root=0 eigenvalue=-0.591741271570
Davidson: iter=4 dim=4 root=0 eigenvalue=-0.595544312146
Davidson: iter=5 dim=5 root=0 eigenvalue=-0.597179566355
Davidson: iter=6 dim=6 root=0 eigenvalue=-0.597360631173
Davidson: iter=7 dim=7 root=0 eigenvalue=-0.597372843585
Davidson: iter=8 dim=8 root=0 eigenvalue=-0.597375010813
Davidson: iter=9 dim=9 root=0 eigenvalue=-0.597375160210
Davidson: iter=10 dim=10 root=0 eigenvalue=-0.597375178009
Davidson: iter=11 dim=11 root=0 eigenvalue=-0.597375181096
Davidson: iter=12 dim=12 root=0 eigenvalue=-0.597375181208
Davidson: iter=13 dim=13 root=0 eigenvalue=-0.597375181214
Davidson: iter=14 dim=14 root=0 eigenvalue=-0.597375181215
Davidson: iter=14 dim=14 root=1 eigenvalue=-0.539797171521
root no. 0 converged
Davidson: iter=15 dim=15 root=0 eigenvalue=-0.597375181215
Davidson: iter=15 dim=15 root=1 eigenvalue=-0.541009626816
Davidson: iter=16 dim=16 root=0 eigenvalue=-0.597375181215
Davidson: iter=16 dim=16 root=1 eigenvalue=-0.541041464143
Davidson: iter=17 dim=17 root=0 eigenvalue=-0.597375181215
Davidson: iter=17 dim=17 root=1 eigenvalue=-0.541043300334
Davidson: iter=18 dim=18 root=0 eigenvalue=-0.597375181215
Davidson: iter=18 dim=18 root=1 eigenvalue=-0.541043533935
Davidson: iter=19 dim=19 root=0 eigenvalue=-0.597375181215
Davidson: iter=19 dim=19 root=1 eigenvalue=-0.541043552824
Davidson: iter=20 dim=20 root=0 eigenvalue=-0.597375181215
Davidson: iter=20 dim=20 root=1 eigenvalue=-0.541043553779
Davidson: iter=21 dim=21 root=0 eigenvalue=-0.597375181215
Davidson: iter=21 dim=21 root=1 eigenvalue=-0.541043553816
Davidson: iter=22 dim=22 root=0 eigenvalue=-0.597375181215
Davidson: iter=22 dim=22 root=1 eigenvalue=-0.541043553818
Davidson: iter=23 dim=23 root=0 eigenvalue=-0.597375181215
Davidson: iter=23 dim=23 root=1 eigenvalue=-0.541043553819
root no. 1 converged
Davidson converged in 23 iterations.
E(core)= 0.000000000000
E(0)= -0.597375181215
E(1)= -0.541043553819
FCI Excitation energies = 2
0.000000000000 0.056331627396

Vacuum coefficients in CI state 0 = 0.714135570401
Vacuum coefficients in CI state 1 = 0.644683647715
Eigenvector 0 in string basis
0: 0.714135570401 seniority 0 ... 1
1
 | 1
1

1: -0.298711664072 seniority 2 ... 1
1
 | 1
2

2: -0.158474197665 seniority 2 ... 1
1
 | 1
3

3: -0.057943050924 seniority 2 ... 1
1
 | 1
4

13: -0.298711664075 seniority 2 ... 1
2
 | 1
1

14: -0.496999861292 seniority 0 ... 1
2
 | 1
2

26: -0.158474197665 seniority 2 ... 1
3
 | 1
1

39: -0.057943050924 seniority 2 ... 1
4
 | 1
1

Eigenvector 1 in string basis
0: 0.644683647715 seniority 0 ... 1
1
 | 1
1

1: 0.429130284066 seniority 2 ... 1
1
 | 1
2

2: 0.191177369550 seniority 2 ... 1
1
 | 1
3

3: 0.079695660536 seniority 2 ... 1
1
 | 1
4

9: 0.057859123774 seniority 2 ... 1
1
 | 1
10

13: 0.429130283804 seniority 2 ... 1
2
 | 1
1

14: 0.268052713582 seniority 0 ... 1
2
 | 1
2

15: 0.086940597445 seniority 2 ... 1
2
 | 1
3

26: 0.191177369526 seniority 2 ... 1
3
 | 1
1

27: 0.086940597402 seniority 2 ... 1
3
 | 1
2

28: -0.111058881395 seniority 0 ... 1
3
 | 1
3

39: 0.079695660527 seniority 2 ... 1
4
 | 1
1

42: -0.068523060859 seniority 0 ... 1
4
 | 1
4

56: -0.068698698574 seniority 0 ... 1
5
 | 1
5

70: -0.068739579496 seniority 0 ... 1
6
 | 1
6

117: 0.057859123768 seniority 2 ... 1
10
 | 1
1

Seniority vectors for all roots (nroots/seniority)
2 2
0.758896591240 0.241103408760
0.514611113985 0.485388886015

Calculating transition densities
Root 0 MO occupations numbers (density matrix diagonal)
13
1.258796342204 0.674063868627 0.053464411649 0.007939645488 0.000873310209 0.000873018859 0.000847345878 0.000035221730 0.000035238191 0.003006316818 0.000035960799 0.000014699140 0.000014620408
Root 1 MO occupations numbers (density matrix diagonal)
13
1.294218457201 0.533995024501 0.113274206527 0.027149457026 0.009449894167 0.009461176526 0.003027614609 0.000211636191 0.000211413619 0.008443586862 0.000224769888 0.000166472154 0.000166290729
Transition densities done:
Trandens between roots 0 0
13 13
1.258796342204 -0.136660527049 -0.252247346594 -0.083607482576 0.000036711875 0.000106189778 0.022018310332 0.000027286813 -0.000022491335 -0.051353865836 0.004397354034 -0.000240261566 0.000001803622
-0.136660527049 0.674063868627 0.070056851457 0.038904613279 -0.000010454949 -0.000043557810 -0.018935737254 -0.000018860239 0.000014677839 0.029947935680 -0.001774561667 0.000091278095 0.000004422222
-0.252247346594 0.070056851457 0.053464411649 0.018412752213 -0.000007777875 -0.000022999093 -0.005430762914 -0.000006489076 0.000005291331 0.011852954329 -0.000943684231 0.000051147032 -0.000000048340
-0.083607482576 0.038904613279 0.018412752213 0.007939645488 -0.000001946503 -0.000008640962 -0.002372244297 -0.000002665354 0.000002212204 0.004490627117 -0.000413635561 0.000022350756 0.000000136090
0.000036711875 -0.000010454949 -0.000007777875 -0.000001946503 0.000873310209 -0.000000133683 0.000000762558 0.000005452205 0.000107426323 -0.000001803796 -0.000002073433 -0.000040361327 0.000000721882
0.000106189778 -0.000043557810 -0.000022999093 -0.000008640962 -0.000000133683 0.000873018859 0.000002821171 -0.000107404120 0.000005449757 -0.000005552939 0.000000389059 0.000000569816 0.000040368689
0.022018310332 -0.018935737254 -0.005430762914 -0.002372244297 0.000000762558 0.000002821171 0.000847345878 0.000000878344 -0.000000723797 -0.001503928906 0.000121100062 -0.000006486770 -0.000000082765
0.000027286813 -0.000018860239 -0.000006489076 -0.000002665354 0.000005452205 -0.000107404120 0.000000878344 0.000035221730 -0.000000001518 -0.000001688002 0.000000127443 -0.000000472129 -0.000007118741
-0.000022491335 0.000014677839 0.000005291331 0.000002212204 0.000107426323 0.000005449757 -0.000000723797 -0.000000001518 0.000035238191 0.000001351896 -0.000000501098 -0.000007107968 0.000000490820
-0.051353865836 0.029947935680 0.011852954329 0.004490627117 -0.000001803796 -0.000005552939 -0.001503928906 -0.000001688002 0.000001351896 0.003006316818 -0.000225467261 0.000012121046 0.000000092183
0.004397354034 -0.001774561667 -0.000943684231 -0.000413635561 -0.000002073433 0.000000389059 0.000121100062 0.000000127443 -0.000000501098 -0.000225467261 0.000035960799 -0.000001158535 -0.000000008386
-0.000240261566 0.000091278095 0.000051147032 0.000022350756 -0.000040361327 0.000000569816 -0.000006486770 -0.000000472129 -0.000007107968 0.000012121046 -0.000001158535 0.000014699140 -0.000000008294
0.000001803622 0.000004422222 -0.000000048340 0.000000136090 0.000000721882 0.000040368689 -0.000000082765 -0.000007118741 0.000000490820 0.000000092183 -0.000000008386 -0.000000008294 0.000014620408

Trandens between roots 0 1
13 13
0.589084320396 0.416921905955 0.258251837396 0.095398922546 -0.000041287994 -0.000121240734 -0.037227462341 -0.000040219299 0.000028317548 0.071300625458 -0.006143552771 0.000355245237 0.000001181593
-0.803769727205 -0.519342378020 -0.206098601448 -0.096660164936 0.000038611062 0.000113855723 0.037637360227 0.000036601711 -0.000025263358 -0.060512106903 0.004475247221 -0.000260411015 -0.000003662845
-0.168927431988 -0.115728406859 -0.062163337738 -0.025341130190 0.000010086464 0.000031546606 0.009680553374 0.000010161003 -0.000007183429 -0.017716890899 0.001474254822 -0.000085490214 -0.000000457694
-0.074496120627 -0.050631639486 -0.025874912708 -0.007316458972 0.000007246164 0.000012903002 0.003955297162 0.000004024201 -0.000002528108 -0.007183138642 0.000613981628 -0.000035353129 -0.000000302019
0.000023855925 0.000016426812 0.000008707712 0.000006273115 0.002858852300 -0.000000089085 -0.000001619435 0.000006253305 0.000123172387 0.000002440871 0.000002069128 0.000040788736 -0.000000740116
0.000087680905 0.000059669019 0.000031153324 0.000012477182 -0.000000087160 0.002860058368 -0.000004732581 -0.000123320002 0.000006236415 0.000008523759 -0.000000697372 -0.000000533054 -0.000040854431
0.028901769004 0.019280514360 0.009164410397 0.003446339258 -0.000001828475 -0.000004308868 -0.001420559365 -0.000001515627 0.000000973855 0.002587287896 -0.000204411273 0.000011813864 0.000000114287
0.000030374111 0.000020362701 0.000009991283 0.000003761422 0.000015940562 -0.000314987482 -0.000001618338 0.000080414731 -0.000000000674 0.000002848268 -0.000000218667 0.000000035078 0.000000388940
-0.000024758798 -0.000016553634 -0.000007962984 -0.000002807553 0.000314784201 0.000016020017 0.000001230818 -0.000000002799 0.000080390290 -0.000002300634 0.000000203897 0.000000376403 -0.000000027166
-0.050734479238 -0.034166151846 -0.017298030995 -0.007159043851 0.000002783926 0.000008583801 0.002765662597 0.000002852905 -0.000002007125 -0.004827004716 0.000393902946 -0.000022802644 -0.000000176019
0.003454690632 0.002380152398 0.001333972293 0.000357438929 -0.000006252623 -0.000000795446 -0.000189826561 -0.000000205611 -0.000000384067 0.000359293155 0.000018094453 0.000001491514 0.000000021985
-0.000181555514 -0.000125516163 -0.000071636823 -0.000018819932 -0.000109372095 0.000001637327 0.000010060674 -0.000000591502 -0.000009207456 -0.000019144848 0.000001369605 0.000043774671 0.000000003165
-0.000004719229 -0.000002939379 -0.000000775127 -0.000000319097 0.000001966647 0.000109513408 0.000000186424 -0.000009217944 0.000000634385 -0.000000273914 0.000000025278 0.000000003457 0.000043833601

Trandens between roots 1 0
13 13
0.589084320396 -0.803769727205 -0.168927431988 -0.074496120627 0.000023855925 0.000087680905 0.028901769004 0.000030374111 -0.000024758798 -0.050734479238 0.003454690632 -0.000181555514 -0.000004719229
0.416921905955 -0.519342378020 -0.115728406859 -0.050631639486 0.000016426812 0.000059669019 0.019280514360 0.000020362701 -0.000016553634 -0.034166151846 0.002380152398 -0.000125516163 -0.000002939379
0.258251837396 -0.206098601448 -0.062163337738 -0.025874912708 0.000008707712 0.000031153324 0.009164410397 0.000009991283 -0.000007962984 -0.017298030995 0.001333972293 -0.000071636823 -0.000000775127
0.095398922546 -0.096660164936 -0.025341130190 -0.007316458972 0.000006273115 0.000012477182 0.003446339258 0.000003761422 -0.000002807553 -0.007159043851 0.000357438929 -0.000018819932 -0.000000319097
-0.000041287994 0.000038611062 0.000010086464 0.000007246164 0.002858852300 -0.000000087160 -0.000001828475 0.000015940562 0.000314784201 0.000002783926 -0.000006252623 -0.000109372095 0.000001966647
-0.000121240734 0.000113855723 0.000031546606 0.000012903002 -0.000000089085 0.002860058368 -0.000004308868 -0.000314987482 0.000016020017 0.000008583801 -0.000000795446 0.000001637327 0.000109513408
-0.037227462341 0.037637360227 0.009680553374 0.003955297162 -0.000001619435 -0.000004732581 -0.001420559365 -0.000001618338 0.000001230818 0.002765662597 -0.000189826561 0.000010060674 0.000000186424
-0.000040219299 0.000036601711 0.000010161003 0.000004024201 0.000006253305 -0.000123320002 -0.000001515627 0.000080414731 -0.000000002799 0.000002852905 -0.000000205611 -0.000000591502 -0.000009217944
0.000028317548 -0.000025263358 -0.000007183429 -0.000002528108 0.000123172387 0.000006236415 0.000000973855 -0.000000000674 0.000080390290 -0.000002007125 -0.000000384067 -0.000009207456 0.000000634385
0.071300625458 -0.060512106903 -0.017716890899 -0.007183138642 0.000002440871 0.000008523759 0.002587287896 0.000002848268 -0.000002300634 -0.004827004716 0.000359293155 -0.000019144848 -0.000000273914
-0.006143552771 0.004475247221 0.001474254822 0.000613981628 0.000002069128 -0.000000697372 -0.000204411273 -0.000000218667 0.000000203897 0.000393902946 0.000018094453 0.000001369605 0.000000025278
0.000355245237 -0.000260411015 -0.000085490214 -0.000035353129 0.000040788736 -0.000000533054 0.000011813864 0.000000035078 0.000000376403 -0.000022802644 0.000001491514 0.000043774671 0.000000003457
0.000001181593 -0.000003662845 -0.000000457694 -0.000000302019 -0.000000740116 -0.000040854431 0.000000114287 0.000000388940 -0.000000027166 -0.000000176019 0.000000021985 0.000000003165 0.000043833601

Trandens between roots 1 1
13 13
1.294218457201 0.828661824125 0.275799429319 0.130390243426 -0.000048163080 -0.000153344404 -0.055837032087 -0.000055241436 0.000038135915 0.091511391772 -0.007183168085 0.000418964307 0.000004989861
0.828661824125 0.533995024501 0.189823904689 0.086363310076 -0.000033530337 -0.000102931887 -0.036861510390 -0.000036651958 0.000025215397 0.061076898555 -0.004830668265 0.000281359166 0.000003182030
0.275799429319 0.189823904689 0.113274206527 0.042478586127 -0.000022988099 -0.000053021970 -0.016443375353 -0.000016817554 0.000011375680 0.029006457877 -0.002324058522 0.000133884692 0.000001128976
0.130390243426 0.086363310076 0.042478586127 0.027149457026 0.000001714011 -0.000019765985 -0.007121499741 -0.000007480942 0.000006000355 0.012181751615 -0.000782625936 0.000046299040 0.000000232973
-0.000048163080 -0.000033530337 -0.000022988099 0.000001714011 0.009449894167 0.000001100055 0.000002113683 0.000015129074 0.000298208829 -0.000005552008 0.000012084062 0.000210120999 -0.000003826862
-0.000153344404 -0.000102931887 -0.000053021970 -0.000019765985 0.000001100055 0.009461176526 0.000008616783 -0.000298886647 0.000015087885 -0.000015159847 0.000001314898 -0.000003039889 -0.000210618902
-0.055837032087 -0.036861510390 -0.016443375353 -0.007121499741 0.000002113683 0.000008616783 0.003027614609 0.000002850594 -0.000002131150 -0.004794342565 0.000380902413 -0.000022211488 -0.000000218727
-0.000055241436 -0.000036651958 -0.000016817554 -0.000007480942 0.000015129074 -0.000298886647 0.000002850594 0.000211636191 -0.000000026790 -0.000004830620 0.000000393054 0.000000129225 0.000002408162
0.000038135915 0.000025215397 0.000011375680 0.000006000355 0.000298208829 0.000015087885 -0.000002131150 -0.000000026790 0.000211413619 0.000003279919 -0.000000118966 0.000002407376 -0.000000164428
0.091511391772 0.061076898555 0.029006457877 0.012181751615 -0.000005552008 -0.000015159847 -0.004794342565 -0.000004830620 0.000003279919 0.008443586862 -0.000651148849 0.000037879545 0.000000347702
-0.007183168085 -0.004830668265 -0.002324058522 -0.000782625936 0.000012084062 0.000001314898 0.000380902413 0.000000393054 -0.000000118966 -0.000651148849 0.000224769888 -0.000003374921 -0.000000022854
0.000418964307 0.000281359166 0.000133884692 0.000046299040 0.000210120999 -0.000003039889 -0.000022211488 0.000000129225 0.000002407376 0.000037879545 -0.000003374921 0.000166472154 0.000000001909
0.000004989861 0.000003182030 0.000001128976 0.000000232973 -0.000003826862 -0.000210618902 -0.000000218727 0.000002408162 -0.000000164428 0.000000347702 -0.000000022854 0.000000001909 0.000166290729

State 0 :
Natural orbital occupations
13
1.351562480175 0.645328381797 0.001143629195 0.000888861571 0.000888465834 0.000081492301 0.000022086299 0.000022069855 0.000021864712 0.000013753385 0.000012279784 0.000012267071 0.000002368021
Natural orbitals (in MO basis)
13 13
0.951771384916 -0.231067300873 -0.007195403690 -0.000000725340 0.000004122078 -0.178103513770 -0.000193059150 -0.000005805022 0.005098658757 0.000817122783 0.000089949289 -0.000015273809 -0.094550453269
-0.218872844580 -0.971696803563 0.028494400068 -0.000073895183 0.000023117944 0.057473975872 0.000448984475 0.000012153779 -0.009796033093 -0.006022084843 -0.000019303185 0.000003127389 0.060434884229
-0.198210141900 -0.018208052262 0.273376425351 -0.000964184856 0.000480027815 -0.896891937354 -0.002266154935 -0.000075756454 0.054576283473 -0.015941529815 0.000419630320 -0.000055346572 -0.279270846551
-0.068457715450 -0.029798462729 -0.947284636444 0.002913911072 -0.000049620059 -0.267633550180 0.007114541200 0.000055761401 -0.150186107699 0.023082726094 0.000146197495 -0.000109955052 -0.047977780167
0.000028870933 0.000003009634 -0.002968491586 -0.931074051865 0.339416380351 0.000324667325 0.132033118021 0.007363327126 0.006221511473 -0.000050304993 0.019052943853 0.000158891959 0.000002658203
0.000085915637 0.000028976004 0.000890430631 0.339427507319 0.931073707928 0.000370483738 0.007452889323 -0.132186274447 0.000249565035 -0.000005062635 0.000197616844 -0.018997775987 0.000075956088
0.019548899122 0.020982839605 0.152181911657 -0.000506382774 0.000195972465 -0.088319016206 0.042940601875 0.001676863869 -0.926166106089 -0.216542449089 0.000548331517 0.000156042828 0.248387525437
0.000023417105 0.000019031309 0.000016373246 -0.048804853029 -0.115396758995 -0.000143439043 0.005082745767 -0.968641288731 -0.001239600550 -0.000466860949 0.008485678717 0.214326728547 0.000405167321
-0.000019155128 -0.000014380501 -0.000429937433 -0.115365899757 0.048838655785 -0.000129902625 -0.967605900829 -0.005214695321 -0.044837547825 0.000325793836 0.214287640866 -0.009338257355 -0.000110901657
-0.043097150363 -0.027424817807 0.017761089733 -0.000007287734 -0.000073072522 0.280943306300 0.013319902007 0.000010812770 -0.285187991993 0.067419455873 0.000115804635 0.000103047655 -0.912190163398
0.003552374253 0.001156815117 0.059655822123 0.002152301002 -0.000913082821 -0.046841087421 0.020175667685 0.000319791145 -0.181023988204 0.972073030149 0.053258640441 -0.000327189751 0.115274723143
-0.000193093151 -0.000054617202 -0.003169436872 0.044185922924 -0.015379757442 0.003038782549 0.208559589481 0.014773896758 0.020175233294 -0.053014084978 0.974779192819 0.025026522308 -0.006167841891
0.000000552471 -0.000007314639 -0.000006250586 0.015236865213 0.044260558335 -0.000155699991 -0.015595850098 0.209662203721 -0.000566365413 0.001819641035 -0.024784450124 0.976211772826 0.000141895270

State 1 :
Natural orbital occupations
13
1.912180641638 0.057948153427 0.009475884661 0.009466204088 0.009416481207 0.000385846370 0.000220567314 0.000202434924 0.000202240434 0.000169909433 0.000161068780 0.000161025144 0.000009542581
Natural orbitals (in MO basis)
13 13
0.821240291313 0.279689999488 -0.002349740938 0.007624547207 0.037761959050 -0.260304903380 -0.058313367815 0.000149085100 0.000549911876 0.018590168616 0.000043081606 -0.000122879545 -0.417544297068
0.528276969085 -0.051643731019 0.007156265560 -0.023245807609 -0.114495995842 0.386768214180 0.127356645701 -0.000311119967 -0.001139454344 -0.035546061564 -0.000034180158 0.000141679869 0.733131059647
0.184980400576 -0.901551072491 0.016763050463 -0.054973714475 -0.270156545996 -0.255078529362 0.007830687809 -0.000007643875 -0.000005850603 0.003257088757 0.000119376427 -0.000222811788 -0.107532312237
0.085704028257 -0.280263903999 -0.059310806731 0.190019958064 0.931863217796 -0.007627541975 0.026322784880 -0.000030170480 -0.000130896973 -0.024824639981 0.000073223156 0.000020397765 0.068885381205
-0.000032465913 0.000195446854 -0.148386704208 0.966341038504 -0.206431732121 -0.000072668796 0.000329084688 0.002664291148 0.029527016813 -0.000011373124 -0.014698687805 0.021381476683 -0.000090511996
-0.000101448626 0.000384645434 -0.986192244558 -0.157938151993 -0.030434812920 0.000051119518 0.000025009781 0.029574718438 -0.002696161653 0.000018393770 0.021311752275 0.014759059120 -0.000058228670
-0.036282926931 0.069822413325 0.000342158709 -0.001159998589 -0.005214554869 -0.230157994081 0.966469431970 -0.002430476987 -0.007209596186 -0.079241375211 0.000995792279 -0.001078286893 -0.020115293694
-0.000036007712 0.000078305095 0.031583281158 0.006675212586 0.000618396777 -0.000403000050 0.001281961458 0.983985044480 -0.139660877650 -0.000260660496 0.090138377592 0.055668461335 0.000202627095
0.000024854870 -0.000054659244 -0.006391567494 0.030908905291 -0.006624758500 0.000172335682 -0.007793983924 -0.139633332927 -0.983907632477 0.000151617670 0.055872215892 -0.090584760398 -0.000311929021
0.059884868299 -0.150830129890 0.000571924291 -0.001773439475 -0.008700880580 0.809956742266 0.204650290737 0.000021080982 -0.001380797445 0.113980826189 -0.000448589567 0.000675264123 -0.512522231829
-0.004707657290 0.011777311005 -0.001463644662 0.005267606745 0.019753242745 -0.092129923681 0.060039670983 0.000717480005 0.005407523293 0.987737884456 0.029732785333 -0.045064488609 0.093571557166
0.000274330464 -0.000662742140 -0.002969704082 0.021681952099 -0.005729557270 0.006139618345 -0.003659317979 0.007941220716 0.106751283699 -0.053505518314 0.576906387706 -0.807629973504 -0.005267983726
0.000003168355 -0.000000024078 0.022382501222 0.003174603694 0.000749882927 -0.000160946868 -0.000267562865 -0.106417088566 0.007804826242 0.002031550396 0.808935653805 0.577686541363 0.000119939126

