Number of strings: 13 13, CI size = 169
String addressing array alpha: 1 13
0 1 2 3 4 5 6 7 8 9 10 11 12

Alpha strings 13 1
1
2
3
4
5
6
7
8
9
10
11
12
13

Is hamiltonian hermitian? 1
Implicit Hamiltonian constructed
E(core)= 0.000000000000
H(1,1) + E(core) energy = -0.549758820400
Davidson: iter=0 dim=0 root=0 eigenvalue=-0.549758820400
Davidson: iter=1 dim=1 root=0 eigenvalue=-0.594162993220
Davidson: iter=2 dim=2 root=0 eigenvalue=-0.602268616609
Davidson: iter=3 dim=3 root=0 eigenvalue=-0.606296699128
Davidson: iter=4 dim=4 root=0 eigenvalue=-0.609773917280
Davidson: iter=5 dim=5 root=0 eigenvalue=-0.611056502401
Davidson: iter=6 dim=6 root=0 eigenvalue=-0.611230328759
Davidson: iter=7 dim=7 root=0 eigenvalue=-0.611240460249
Davidson: iter=8 dim=8 root=0 eigenvalue=-0.611241708975
Davidson: iter=9 dim=9 root=0 eigenvalue=-0.611241857891
Davidson: iter=10 dim=10 root=0 eigenvalue=-0.611241872138
Davidson: iter=11 dim=11 root=0 eigenvalue=-0.611241874607
Davidson: iter=12 dim=12 root=0 eigenvalue=-0.611241874787
Davidson: iter=13 dim=13 root=0 eigenvalue=-0.611241874796
Davidson: iter=14 dim=14 root=0 eigenvalue=-0.611241874797
Davidson: iter=14 dim=14 root=1 eigenvalue=-0.549710348370
root no. 0 converged
Davidson: iter=15 dim=15 root=0 eigenvalue=-0.611241874797
Davidson: iter=15 dim=15 root=1 eigenvalue=-0.550692336654
Davidson: iter=16 dim=16 root=0 eigenvalue=-0.611241874797
Davidson: iter=16 dim=16 root=1 eigenvalue=-0.550741961807
Davidson: iter=17 dim=17 root=0 eigenvalue=-0.611241874797
Davidson: iter=17 dim=17 root=1 eigenvalue=-0.550751336438
Davidson: iter=18 dim=18 root=0 eigenvalue=-0.611241874797
Davidson: iter=18 dim=18 root=1 eigenvalue=-0.550752078655
Davidson: iter=19 dim=19 root=0 eigenvalue=-0.611241874797
Davidson: iter=19 dim=19 root=1 eigenvalue=-0.550752174903
Davidson: iter=20 dim=20 root=0 eigenvalue=-0.611241874797
Davidson: iter=20 dim=20 root=1 eigenvalue=-0.550752183675
Davidson: iter=21 dim=21 root=0 eigenvalue=-0.611241874797
Davidson: iter=21 dim=21 root=1 eigenvalue=-0.550752184524
Davidson: iter=22 dim=22 root=0 eigenvalue=-0.611241874797
Davidson: iter=22 dim=22 root=1 eigenvalue=-0.550752184565
Davidson: iter=23 dim=23 root=0 eigenvalue=-0.611241874797
Davidson: iter=23 dim=23 root=1 eigenvalue=-0.550752184566
Davidson: iter=24 dim=24 root=0 eigenvalue=-0.611241874797
Davidson: iter=24 dim=24 root=1 eigenvalue=-0.550752184566
root no. 1 converged
Davidson converged in 24 iterations.
E(core)= 0.000000000000
E(0)= -0.611241874797
E(1)= -0.550752184566
FCI Excitation energies = 2
0.000000000000 0.060489690230

Vacuum coefficients in CI state 0 = -0.798619324832
Vacuum coefficients in CI state 1 = 0.539834241791
Eigenvector 0 in string basis
0: -0.798619324832 seniority 0 ... 1
1
 | 1
1

1: -0.229642315217 seniority 2 ... 1
1
 | 1
2

2: 0.081358239584 seniority 2 ... 1
1
 | 1
3

5: -0.124197559970 seniority 2 ... 1
1
 | 1
6

13: -0.229642315216 seniority 2 ... 1
2
 | 1
1

14: 0.453528340016 seniority 0 ... 1
2
 | 1
2

26: 0.081358239584 seniority 2 ... 1
3
 | 1
1

65: -0.124197559970 seniority 2 ... 1
6
 | 1
1

Eigenvector 1 in string basis
0: 0.539834241791 seniority 0 ... 1
1
 | 1
1

1: -0.457047940950 seniority 2 ... 1
1
 | 1
2

2: 0.127095067008 seniority 2 ... 1
1
 | 1
3

5: -0.209744811275 seniority 2 ... 1
1
 | 1
6

9: -0.077167931567 seniority 2 ... 1
1
 | 1
10

13: -0.457047940998 seniority 2 ... 1
2
 | 1
1

14: 0.323529717315 seniority 0 ... 1
2
 | 1
2

18: 0.106019737708 seniority 2 ... 1
2
 | 1
6

26: 0.127095067011 seniority 2 ... 1
3
 | 1
1

28: -0.081446251848 seniority 0 ... 1
3
 | 1
3

42: -0.065850947426 seniority 0 ... 1
4
 | 1
4

56: -0.065962386915 seniority 0 ... 1
5
 | 1
5

65: -0.209744811279 seniority 2 ... 1
6
 | 1
1

66: 0.106019737714 seniority 2 ... 1
6
 | 1
2

70: -0.076776635361 seniority 0 ... 1
6
 | 1
6

117: -0.077167931568 seniority 2 ... 1
10
 | 1
1

Seniority vectors for all roots (nroots/seniority)
2 2
0.845766892926 0.154233107074
0.417929601818 0.582070398182

Calculating transition densities
Root 0 MO occupations numbers (density matrix diagonal)
13
1.428174734113 0.517269098455 0.015158197208 0.001868811348 0.001867768431 0.031955858977 0.000163458048 0.000077149327 0.000077220393 0.003156014258 0.000128133331 0.000054237638 0.000049318472
Root 1 MO occupations numbers (density matrix diagonal)
13
1.133823012547 0.657242417165 0.051214616158 0.008687344255 0.008723289757 0.123050031840 0.000840968235 0.000192692417 0.000192263578 0.014865638757 0.000622565802 0.000284198743 0.000260960746
Transition densities done:
Trandens between roots 0 0
13 13
1.428174734113 0.159005671762 -0.137493965655 -0.000104543281 -0.001502761306 0.202238857961 -0.006446497392 0.000065724737 0.000048110902 0.057581490727 -0.010953503294 0.005475210266 -0.004893489561
0.159005671762 0.517269098455 -0.028164555865 -0.000029526191 -0.000462456365 0.058214074176 -0.005816847032 0.000029679514 0.000040725676 0.026630272516 -0.003852979322 0.001927665959 -0.001721055823
-0.137493965655 -0.028164555865 0.015158197208 0.000010728614 0.000144662857 -0.019455028810 0.000514286375 -0.000008164050 -0.000003017569 -0.006032932026 0.001058943772 -0.000529705818 0.000473166263
-0.000104543281 -0.000029526191 0.000010728614 0.001868811348 0.000000429179 -0.000014955094 0.000001983736 0.000121349353 0.000200535215 -0.000005012958 -0.000034130345 -0.000014811396 0.000063488508
-0.001502761306 -0.000462456365 0.000144662857 0.000000429179 0.001867768431 -0.000226991864 0.000013081306 -0.000200447139 0.000121178892 -0.000072065258 0.000033064202 0.000058883861 0.000032131983
0.202238857961 0.058214074176 -0.019455028810 -0.000014955094 -0.000226991864 0.031955858977 -0.001434468211 0.000008648448 0.000012027581 0.009575098192 -0.001771398889 0.000885878464 -0.000791086706
-0.006446497392 -0.005816847032 0.000514286375 0.000001983736 0.000013081306 -0.001434468211 0.000163458048 -0.000000491567 -0.000000659174 -0.000465444261 0.000088489638 -0.000044081799 0.000039628385
0.000065724737 0.000029679514 -0.000008164050 0.000121349353 -0.000200447139 0.000008648448 -0.000000491567 0.000077149327 0.000000044821 0.000003492436 -0.000007082354 -0.000011537059 0.000001657772
0.000048110902 0.000040725676 -0.000003017569 0.000200535215 0.000121178892 0.000012027581 -0.000000659174 0.000000044821 0.000077220393 0.000003374337 -0.000004347795 0.000004368598 0.000012262793
0.057581490727 0.026630272516 -0.006032932026 -0.000005012958 -0.000072065258 0.009575098192 -0.000465444261 0.000003492436 0.000003374337 0.003156014258 -0.000545962890 0.000273013268 -0.000243905133
-0.010953503294 -0.003852979322 0.001058943772 -0.000034130345 0.000033064202 -0.001771398889 0.000088489638 -0.000007082354 -0.000004347795 -0.000545962890 0.000128133331 -0.000049367164 0.000044040253
0.005475210266 0.001927665959 -0.000529705818 -0.000014811396 0.000058883861 0.000885878464 -0.000044081799 -0.000011537059 0.000004368598 0.000273013268 -0.000049367164 0.000054237638 -0.000022054716
-0.004893489561 -0.001721055823 0.000473166263 0.000063488508 0.000032131983 -0.000791086706 0.000039628385 0.000001657772 0.000012262793 -0.000243905133 0.000044040253 -0.000022054716 0.000049318472

Trandens between roots 0 1
13 13
-0.573306666096 0.544215223350 -0.199039298966 -0.000156817742 -0.002368846030 0.308913260539 -0.019206743058 0.000126572908 0.000131294408 0.110411534321 -0.020199451968 0.010116457608 -0.009037741770
-0.662168091406 0.503445255387 -0.104136604036 -0.000102226317 -0.001490257041 0.192593761950 -0.015675750993 0.000061221344 0.000116491048 0.067826819133 -0.011276631364 0.005657392621 -0.005042485656
0.073229546932 -0.064684930384 0.017784129960 0.000016312435 0.000270139752 -0.034963243658 0.002104031898 -0.000013746594 -0.000014614653 -0.012000155100 0.002057526589 -0.001032166929 0.000920528732
0.000064872179 -0.000056816686 0.000016646350 -0.003990437331 0.000000784257 -0.000030239254 0.000001984617 -0.000012079555 -0.000020047977 -0.000010003478 -0.000065316252 -0.000028561118 0.000121802470
0.000993588890 -0.000858176512 0.000269973717 0.000000758591 -0.003990934948 -0.000432701233 0.000029286261 0.000020154655 -0.000012308973 -0.000149899820 0.000066387122 0.000111682840 0.000063023139
-0.128023631559 0.111373887209 -0.035466185019 -0.000030513050 -0.000437425066 0.053333644600 -0.003789106875 0.000021243026 0.000026463524 0.019689218651 -0.003584250537 0.001795829435 -0.001603227792
0.008832035883 -0.007144828736 0.002123628306 -0.000000723660 0.000017920452 -0.002807766519 0.000147656702 -0.000000920261 -0.000001814079 -0.001081681861 0.000196150181 -0.000098113898 0.000087829041
-0.000052094021 0.000043711229 -0.000010945712 -0.000218902836 0.000362085182 0.000025071973 -0.000001333823 -0.000098626399 0.000000029490 0.000007560162 -0.000006639440 -0.000008897316 0.000000918213
-0.000063512782 0.000051667309 -0.000016626111 -0.000361483713 -0.000219188413 0.000017540801 -0.000001808769 0.000000049119 -0.000098554141 0.000007818044 -0.000004348969 0.000003953562 0.000009539346
-0.046663241305 0.039480042223 -0.011491108208 -0.000009673550 -0.000146622490 0.018987910336 -0.001321136736 0.000007059453 0.000009408115 0.006658960493 -0.001187617138 0.000595135638 -0.000531237009
0.007408889199 -0.006441755544 0.002075803808 0.000057705882 -0.000007023560 -0.003188844162 0.000217495912 0.000001470826 -0.000000014678 -0.001148441803 0.000143526647 -0.000101729197 0.000090809339
-0.003706318378 0.003221867471 -0.001037305936 0.000022139804 -0.000117360376 0.001593807122 -0.000108816564 0.000005485376 -0.000000898356 0.000574157435 -0.000101489225 -0.000008830095 -0.000045387583
0.003309031171 -0.002877237128 0.000927194867 -0.000100049179 -0.000030901216 -0.001425043140 0.000097114745 -0.000001325617 -0.000005846076 -0.000513019226 0.000090686177 -0.000045436410 -0.000019124779

Trandens between roots 1 0
13 13
-0.573306666096 -0.662168091406 0.073229546932 0.000064872179 0.000993588890 -0.128023631559 0.008832035883 -0.000052094021 -0.000063512782 -0.046663241305 0.007408889199 -0.003706318378 0.003309031171
0.544215223350 0.503445255387 -0.064684930384 -0.000056816686 -0.000858176512 0.111373887209 -0.007144828736 0.000043711229 0.000051667309 0.039480042223 -0.006441755544 0.003221867471 -0.002877237128
-0.199039298966 -0.104136604036 0.017784129960 0.000016646350 0.000269973717 -0.035466185019 0.002123628306 -0.000010945712 -0.000016626111 -0.011491108208 0.002075803808 -0.001037305936 0.000927194867
-0.000156817742 -0.000102226317 0.000016312435 -0.003990437331 0.000000758591 -0.000030513050 -0.000000723660 -0.000218902836 -0.000361483713 -0.000009673550 0.000057705882 0.000022139804 -0.000100049179
-0.002368846030 -0.001490257041 0.000270139752 0.000000784257 -0.003990934948 -0.000437425066 0.000017920452 0.000362085182 -0.000219188413 -0.000146622490 -0.000007023560 -0.000117360376 -0.000030901216
0.308913260539 0.192593761950 -0.034963243658 -0.000030239254 -0.000432701233 0.053333644600 -0.002807766519 0.000025071973 0.000017540801 0.018987910336 -0.003188844162 0.001593807122 -0.001425043140
-0.019206743058 -0.015675750993 0.002104031898 0.000001984617 0.000029286261 -0.003789106875 0.000147656702 -0.000001333823 -0.000001808769 -0.001321136736 0.000217495912 -0.000108816564 0.000097114745
0.000126572908 0.000061221344 -0.000013746594 -0.000012079555 0.000020154655 0.000021243026 -0.000000920261 -0.000098626399 0.000000049119 0.000007059453 0.000001470826 0.000005485376 -0.000001325617
0.000131294408 0.000116491048 -0.000014614653 -0.000020047977 -0.000012308973 0.000026463524 -0.000001814079 0.000000029490 -0.000098554141 0.000009408115 -0.000000014678 -0.000000898356 -0.000005846076
0.110411534321 0.067826819133 -0.012000155100 -0.000010003478 -0.000149899820 0.019689218651 -0.001081681861 0.000007560162 0.000007818044 0.006658960493 -0.001148441803 0.000574157435 -0.000513019226
-0.020199451968 -0.011276631364 0.002057526589 -0.000065316252 0.000066387122 -0.003584250537 0.000196150181 -0.000006639440 -0.000004348969 -0.001187617138 0.000143526647 -0.000101489225 0.000090686177
0.010116457608 0.005657392621 -0.001032166929 -0.000028561118 0.000111682840 0.001795829435 -0.000098113898 -0.000008897316 0.000003953562 0.000595135638 -0.000101729197 -0.000008830095 -0.000045436410
-0.009037741770 -0.005042485656 0.000920528732 0.000121802470 0.000063023139 -0.001603227792 0.000087829041 0.000000918213 0.000009539346 -0.000531237009 0.000090809339 -0.000045387583 -0.000019124779

Trandens between roots 1 1
13 13
1.133823012547 -0.852149579650 0.152118249827 0.000147754253 0.002211299500 -0.285439972832 0.025023376455 -0.000104286029 -0.000183288417 -0.109844163509 0.018466797022 -0.009259669493 0.008260192163
-0.852149579650 0.657242417165 -0.135304793042 -0.000125026580 -0.001868458923 0.241781555967 -0.019965584547 0.000088447193 0.000145268842 0.090857951415 -0.015523641287 0.007782265840 -0.006943851971
0.152118249827 -0.135304793042 0.051214616158 0.000039974227 0.000530715350 -0.069687950552 0.005116511635 -0.000024153094 -0.000036878976 -0.024696694294 0.004645262352 -0.002324548865 0.002077730499
0.000147754253 -0.000125026580 0.000039974227 0.008687344255 -0.000003237713 -0.000058453201 0.000003190380 -0.000052332838 -0.000086075097 -0.000021690931 0.000189901407 0.000074882048 -0.000333809171
0.002211299500 -0.001868458923 0.000530715350 -0.000003237713 0.008723289757 -0.000885606691 0.000059803933 0.000085533516 -0.000052777244 -0.000318373104 -0.000053854322 -0.000375943288 -0.000116606472
-0.285439972832 0.241781555967 -0.069687950552 -0.000058453201 -0.000885606691 0.123050031840 -0.008018819980 0.000044044298 0.000056847936 0.041387784042 -0.007106829501 0.003561474281 -0.003179442770
0.025023376455 -0.019965584547 0.005116511635 0.000003190380 0.000059803933 -0.008018819980 0.000840968235 -0.000003046708 -0.000004677634 -0.002987075566 0.000529371236 -0.000265139392 0.000236803929
-0.000104286029 0.000088447193 -0.000024153094 -0.000052332838 0.000085533516 0.000044044298 -0.000003046708 0.000192692417 -0.000000220442 0.000015008277 -0.000003175364 0.000000325090 -0.000000981401
-0.000183288417 0.000145268842 -0.000036878976 -0.000086075097 -0.000052777244 0.000056847936 -0.000004677634 -0.000000220442 0.000192263578 0.000021418524 -0.000004137407 0.000002246995 -0.000000654714
-0.109844163509 0.090857951415 -0.024696694294 -0.000021690931 -0.000318373104 0.041387784042 -0.002987075566 0.000015008277 0.000021418524 0.014865638757 -0.002569426236 0.001287929199 -0.001149323738
0.018466797022 -0.015523641287 0.004645262352 0.000189901407 -0.000053854322 -0.007106829501 0.000529371236 -0.000003175364 -0.000004137407 -0.002569426236 0.000622565802 -0.000226905728 0.000202661690
-0.009259669493 0.007782265840 -0.002324548865 0.000074882048 -0.000375943288 0.003561474281 -0.000265139392 0.000000325090 0.000002246995 0.001287929199 -0.000226905728 0.000284198743 -0.000101480918
0.008260192163 -0.006943851971 0.002077730499 -0.000333809171 -0.000116606472 -0.003179442770 0.000236803929 -0.000000981401 -0.000000654714 -0.001149323738 0.000202661690 -0.000101480918 0.000260960746

State 0 :
Natural orbital occupations
13
1.501519050912 0.492051672770 0.002239334299 0.001901982501 0.001899134560 0.000163156375 0.000047898501 0.000047784585 0.000045490641 0.000027256025 0.000025818694 0.000025747512 0.000005672625
Natural orbitals (in MO basis)
13 13
0.969801301807 0.180158876168 0.004419989511 -0.000012184642 -0.000068209940 0.146292549745 0.000028584232 0.000032508537 0.001065502852 0.000255284078 -0.000045556002 0.000110279118 -0.074872869283
0.168968137165 -0.981898287395 -0.019106922779 0.000047780540 -0.000018475105 0.060450532090 0.000023769790 0.000115052561 -0.003890750679 0.005438493902 -0.000117517869 0.000196055000 -0.057108639221
-0.094945287506 0.008373813504 0.830192172859 -0.001856869251 -0.003244923744 0.519867361240 0.000368122292 0.001353035911 -0.099731612724 -0.007920755863 0.000080095559 -0.000018187541 -0.146318389343
-0.000073171242 0.000022668927 0.002337021534 0.984376362414 0.114559788205 0.000501649309 -0.131291864719 0.020878062370 0.000006678961 0.000338922483 0.013443760185 -0.004382598992 -0.000094093597
-0.001056662974 0.000403168158 -0.007408051976 0.114567541457 -0.984326437915 0.005585923515 -0.020891812278 -0.131337928823 -0.001348629998 -0.000343363377 0.004379146901 0.013382969602 -0.001429803363
0.141702192240 -0.046143558358 0.540063574708 0.000161400688 -0.008898952722 -0.800258851264 -0.000197092631 -0.000031449355 -0.095014321059 -0.000085178515 0.000286334485 -0.000205867183 0.191314549652
-0.005000237893 0.009426239121 -0.130883871511 0.001152735778 -0.000494577542 0.018505098254 0.009519856401 0.021601207075 -0.965639522587 0.220559134242 -0.002078363013 0.005939365044 -0.026621213430
0.000047361458 -0.000036526207 -0.000235907665 0.053010839786 0.116159529433 0.000728384986 0.366564082282 -0.900396499796 -0.015961723925 0.007942854073 0.044490961129 -0.190564171507 0.001061557295
0.000036990579 -0.000064983858 0.001449317524 0.116066062118 -0.053037579736 -0.000597951577 0.900325258624 0.366204913991 0.016943421385 0.000237105687 0.191633558300 0.044844761220 -0.000036478710
0.041565645929 -0.033287790154 0.005091583204 -0.000042102328 -0.000198298840 0.245599143684 0.000176388854 0.001950383260 -0.075365468325 -0.232153346722 0.004460868408 -0.005164358142 0.936586237435
-0.007758684303 0.003902361216 -0.032419110846 -0.017541870649 -0.012698969191 -0.049592579606 -0.081769767413 0.068041455151 -0.170271770755 -0.772670547690 0.376246871741 -0.422743731299 -0.195813723055
0.003878459522 -0.001954051845 0.015860460388 -0.003663209850 -0.036308793252 0.024715272345 -0.010352288312 0.174760230317 0.087146696196 0.406757145128 -0.095277612130 -0.880766690622 0.096254747114
-0.003466164640 0.001742843388 -0.014356828411 0.035637512620 -0.010094320534 -0.022448425047 0.174604929615 0.043029283498 -0.075757983089 -0.367194193304 -0.900240727250 -0.083376658932 -0.087227792257

State 1 :
Natural orbital occupations
13
1.898473219227 0.074228336065 0.008736047036 0.008706003516 0.008124254082 0.000655287675 0.000191912902 0.000191239100 0.000189395747 0.000155406290 0.000152261197 0.000151870351 0.000044766814
Natural orbitals (in MO basis)
13 13
-0.768496368096 0.410495945743 0.000230076347 -0.000002005247 0.017189486337 0.381450569848 0.000888093034 -0.000217207127 0.013759381667 -0.012792271223 0.000759478061 0.001099317023 0.307816110940
0.587441594336 0.155703018086 0.001241124090 0.000278282189 0.091961405862 0.581221301019 0.003082559008 -0.000827505783 0.051139956926 -0.021294002049 0.001257504487 0.001851991651 0.530385045794
-0.115396937956 -0.532047535114 -0.009928550611 -0.003304702990 -0.773320297852 0.304770388984 -0.002932788535 0.000936746931 -0.052929838776 -0.046159988155 0.001955482108 0.003007271270 0.087381566512
-0.000108856649 -0.000383407100 -0.123258339579 -0.991228545537 0.006083784560 -0.000006678823 -0.001056275656 0.007664567695 0.000175675923 0.003021106597 -0.003664944089 0.046408280220 -0.000036803383
-0.001625458677 -0.005305562931 0.991204404011 -0.123291874847 -0.007495924995 0.002077363133 0.007635838793 0.001002703007 -0.000333089824 -0.001814533795 -0.046341142026 -0.003377013452 0.000164409406
0.210090338501 0.696860587936 -0.000551586692 -0.004056810063 -0.623260689847 -0.283709566183 0.000073765674 0.000002709303 0.003227363717 -0.029647937119 0.000891105837 0.001773887417 -0.019805074968
-0.017643839903 -0.023740324591 -0.000832158984 -0.000050290909 -0.050272774137 0.044215287055 0.063800525145 -0.010024174032 0.981757573905 0.126115871660 -0.005821705684 -0.006285326987 -0.103172272367
0.000076544755 0.000231385358 0.010719903287 0.004848146453 -0.000408131883 0.001653939063 -0.909973917257 0.400377872261 0.062526098208 0.008919991246 0.070775744335 0.050012740550 -0.002021775399
0.000128718625 0.000152739191 -0.004828057945 0.010783185718 0.000430167850 -0.000805277507 0.400062254018 0.911980721709 -0.016705913566 0.002894887820 -0.051647674998 0.071723045308 0.001322877397
0.079335591320 0.189519661964 -0.000037068855 -0.000059467912 -0.009385220806 0.566901308554 -0.004887753864 0.001182472486 -0.131928824237 0.267558450522 -0.009884920336 -0.016896751992 -0.739541575161
-0.013465705446 -0.037598868441 -0.015700601401 -0.020195297489 -0.037552509635 -0.117150815253 -0.032956439807 0.038091187587 -0.075702872894 0.750970553057 -0.269514397032 -0.545251130973 0.201133210573
0.006751304890 0.018823310760 -0.041210798240 -0.003807430624 0.019024530015 0.058737462440 -0.077902043903 0.006533397048 0.043468568857 -0.439414441891 -0.853207318758 -0.234960007483 -0.099097620343
-0.006023203068 -0.016814278499 -0.011703777010 0.040932794203 -0.016980575961 -0.052791725982 -0.023876578154 -0.079572960366 -0.036346501476 0.389535943814 -0.435227824731 0.798337373938 0.089811658419

