Number of strings: 13 13, CI size = 169
String addressing array alpha: 1 13
0 1 2 3 4 5 6 7 8 9 10 11 12

Alpha strings 13 1
1
2
3
4
5
6
7
8
9
10
11
12
13

Is hamiltonian hermitian? 1
Implicit Hamiltonian constructed
E(core)= 0.000000000000
H(1,1) + E(core) energy = -0.660161846000
Davidson: iter=0 dim=0 root=0 eigenvalue=-0.660161846000
Davidson: iter=1 dim=1 root=0 eigenvalue=-0.697973449303
Davidson: iter=2 dim=2 root=0 eigenvalue=-0.701613606630
Davidson: iter=3 dim=3 root=0 eigenvalue=-0.702835452040
Davidson: iter=4 dim=4 root=0 eigenvalue=-0.702998577379
Davidson: iter=5 dim=5 root=0 eigenvalue=-0.703014621689
Davidson: iter=6 dim=6 root=0 eigenvalue=-0.703016725626
Davidson: iter=7 dim=7 root=0 eigenvalue=-0.703016884985
Davidson: iter=8 dim=8 root=0 eigenvalue=-0.703016899219
Davidson: iter=9 dim=9 root=0 eigenvalue=-0.703016899741
Davidson: iter=10 dim=10 root=0 eigenvalue=-0.703016899774
Davidson: iter=11 dim=11 root=0 eigenvalue=-0.703016899779
Davidson: iter=12 dim=12 root=0 eigenvalue=-0.703016899779
Davidson: iter=12 dim=12 root=1 eigenvalue=-0.525078848975
root no. 0 converged
Davidson: iter=13 dim=13 root=0 eigenvalue=-0.703016899779
Davidson: iter=13 dim=13 root=1 eigenvalue=-0.528069015232
Davidson: iter=14 dim=14 root=0 eigenvalue=-0.703016899779
Davidson: iter=14 dim=14 root=1 eigenvalue=-0.528226910431
Davidson: iter=15 dim=15 root=0 eigenvalue=-0.703016899779
Davidson: iter=15 dim=15 root=1 eigenvalue=-0.528235572079
Davidson: iter=16 dim=16 root=0 eigenvalue=-0.703016899779
Davidson: iter=16 dim=16 root=1 eigenvalue=-0.528236294529
Davidson: iter=17 dim=17 root=0 eigenvalue=-0.703016899779
Davidson: iter=17 dim=17 root=1 eigenvalue=-0.528236374928
Davidson: iter=18 dim=18 root=0 eigenvalue=-0.703016899779
Davidson: iter=18 dim=18 root=1 eigenvalue=-0.528236380027
Davidson: iter=19 dim=19 root=0 eigenvalue=-0.703016899779
Davidson: iter=19 dim=19 root=1 eigenvalue=-0.528236381355
Davidson: iter=20 dim=20 root=0 eigenvalue=-0.703016899779
Davidson: iter=20 dim=20 root=1 eigenvalue=-0.528236381711
Davidson: iter=21 dim=21 root=0 eigenvalue=-0.703016899779
Davidson: iter=21 dim=21 root=1 eigenvalue=-0.528236381763
Davidson: iter=22 dim=22 root=0 eigenvalue=-0.703016899779
Davidson: iter=22 dim=22 root=1 eigenvalue=-0.528236381777
Davidson: iter=23 dim=23 root=0 eigenvalue=-0.703016899779
Davidson: iter=23 dim=23 root=1 eigenvalue=-0.528236381780
Davidson: iter=24 dim=24 root=0 eigenvalue=-0.703016899779
Davidson: iter=24 dim=24 root=1 eigenvalue=-0.528236381780
root no. 1 converged
Davidson converged in 24 iterations.
E(core)= 0.000000000000
E(0)= -0.703016899779
E(1)= -0.528236381780
FCI Excitation energies = 2
0.000000000000 0.174780517999

Vacuum coefficients in CI state 0 = -0.961953299539
Vacuum coefficients in CI state 1 = -0.151899815206
Eigenvector 0 in string basis
0: -0.961953299539 seniority 0 ... 1
1
 | 1
1

14: 0.243382476075 seniority 0 ... 1
2
 | 1
2

28: 0.059272289898 seniority 0 ... 1
3
 | 1
3

42: 0.058880080198 seniority 0 ... 1
4
 | 1
4

56: 0.058901958888 seniority 0 ... 1
5
 | 1
5

Eigenvector 1 in string basis
0: -0.151899815206 seniority 0 ... 1
1
 | 1
1

1: 0.570424044611 seniority 2 ... 1
1
 | 1
2

2: -0.075331627894 seniority 2 ... 1
1
 | 1
3

5: -0.220152220163 seniority 2 ... 1
1
 | 1
6

13: 0.570424045063 seniority 2 ... 1
2
 | 1
1

14: -0.421856534417 seniority 0 ... 1
2
 | 1
2

18: 0.119576505127 seniority 2 ... 1
2
 | 1
6

26: -0.075331627913 seniority 2 ... 1
3
 | 1
1

65: -0.220152220213 seniority 2 ... 1
6
 | 1
1

66: 0.119576505152 seniority 2 ... 1
6
 | 1
2

Seniority vectors for all roots (nroots/seniority)
2 2
0.995776378974 0.004223621026
0.207126120477 0.792873879523

Calculating transition densities
Root 0 MO occupations numbers (density matrix diagonal)
13
1.854851562701 0.120520600966 0.007420972804 0.006949674238 0.006954801022 0.002209178283 0.000224686096 0.000224843113 0.000216620004 0.000105952526 0.000102841427 0.000102853794 0.000115413026
Root 1 MO occupations numbers (density matrix diagonal)
13
0.805462532291 1.035659530222 0.017346214777 0.004271638543 0.004256678961 0.127317792833 0.001673703923 0.001671984709 0.001585646850 0.000253253444 0.000193661039 0.000192490335 0.000114872072
Transition densities done:
Trandens between roots 0 0
13 13
1.854851562701 0.046045647443 -0.024280383736 -0.000095974717 -0.000021494819 -0.055979332766 -0.000031659618 -0.000048492302 -0.004862643268 -0.000324870259 0.000026164171 0.000013421205 -0.000033741641
0.046045647443 0.120520600966 -0.000276193939 -0.000007530367 -0.000004686881 -0.000956084374 -0.000001654049 -0.000002233798 -0.000291043670 0.000260239151 0.000006993764 0.000005600215 -0.000009905870
-0.024280383736 -0.000276193939 0.007420972804 -0.000010561046 -0.000010963525 0.000276667807 0.000002490786 0.000001722446 0.000443911623 -0.000027430660 -0.000000222037 -0.000001136812 0.000001005676
-0.000095974717 -0.000007530367 -0.000010561046 0.006949674238 0.000005251940 0.000002211301 -0.000237410160 0.000309463060 -0.000000477627 -0.000000561752 0.000006816861 0.000000048089 0.000000043728
-0.000021494819 -0.000004686881 -0.000010963525 0.000005251940 0.006954801022 0.000001107268 0.000309020548 0.000237754248 -0.000003862788 -0.000000337519 -0.000000736676 -0.000006605759 0.000000178214
-0.055979332766 -0.000956084374 0.000276667807 0.000002211301 0.000001107268 0.002209178283 0.000000890041 0.000001502263 0.000120080610 0.000004212066 -0.000000560535 -0.000000806393 0.000001167545
-0.000031659618 -0.000001654049 0.000002490786 -0.000237410160 0.000309020548 0.000000890041 0.000224686096 0.000000046730 -0.000000036370 0.000000153615 -0.000007145914 -0.000008599300 -0.000000404325
-0.000048492302 -0.000002233798 0.000001722446 0.000309463060 0.000237754248 0.000001502263 0.000000046730 0.000224843113 -0.000000308351 -0.000000079473 0.000008505924 -0.000006962260 0.000001023970
-0.004862643268 -0.000291043670 0.000443911623 -0.000000477627 -0.000003862788 0.000120080610 -0.000000036370 -0.000000308351 0.000216620004 -0.000016761694 -0.000000267873 -0.000000277627 0.000000448612
-0.000324870259 0.000260239151 -0.000027430660 -0.000000561752 -0.000000337519 0.000004212066 0.000000153615 -0.000000079473 -0.000016761694 0.000105952526 -0.000000023870 0.000000139426 0.000000071488
0.000026164171 0.000006993764 -0.000000222037 0.000006816861 -0.000000736676 -0.000000560535 -0.000007145914 0.000008505924 -0.000000267873 -0.000000023870 0.000102841427 -0.000000039357 -0.000001001085
0.000013421205 0.000005600215 -0.000001136812 0.000000048089 -0.000006605759 -0.000000806393 -0.000008599300 -0.000006962260 -0.000000277627 0.000000139426 -0.000000039357 0.000102853794 0.000000036819
-0.000033741641 -0.000009905870 0.000001005676 0.000000043728 0.000000178214 0.000001167545 -0.000000404325 0.000001023970 0.000000448612 0.000000071488 -0.000001001085 0.000000036819 0.000115413026

Trandens between roots 0 1
13 13
0.240876950538 -1.063111887879 0.145754263028 0.001035632155 0.000226079166 0.417828975985 -0.000116020237 -0.000013559489 -0.020796968800 0.008024531775 -0.000645852932 0.000329045826 0.000245305590
0.286417743717 -0.241337779720 0.011324044378 0.000105872629 0.000016967636 0.072389032530 -0.000013551733 -0.000000518280 -0.002056047599 -0.000905034777 -0.000122055128 0.000017050101 0.000080267223
-0.010293366145 0.015081262286 0.003305002299 -0.000016566727 -0.000015286518 -0.004682897190 -0.000016418664 -0.000011548546 -0.002526066360 0.000620651911 0.000018504801 0.000004382363 -0.000016673625
-0.000076213600 0.000079578247 -0.000011522524 0.004167662812 0.000006694244 -0.000024841092 0.001944990776 -0.002532119355 0.000003896261 0.000007048234 -0.000637580102 0.000017265139 -0.000059592357
-0.000018322647 0.000019909630 -0.000014923143 0.000006626859 0.004159742453 -0.000009285103 -0.002532523245 -0.001943982590 0.000025165161 -0.000012612196 0.000026126054 0.000635197601 -0.000016765875
-0.012940882427 0.035549305026 -0.004417486298 -0.000031881949 -0.000007076695 -0.011769796963 0.000005020069 0.000002816487 0.000946868624 -0.000277402094 0.000019584776 -0.000010777037 -0.000006712475
-0.000006080773 0.000019684630 -0.000004615634 0.000218767683 -0.000285114036 -0.000007021273 0.000024237247 0.000000261027 0.000000366593 -0.000000793255 0.000025943208 0.000031290926 0.000001665778
-0.000014126644 0.000031737266 -0.000005298775 -0.000284166698 -0.000218198725 -0.000010593956 0.000000185200 0.000024824772 0.000000458513 -0.000000085730 -0.000031092478 0.000025480884 -0.000003926083
-0.001156031106 0.003127466253 -0.000617990893 -0.000002651681 0.000001313633 -0.001059774513 0.000000369843 0.000000024928 0.000091789940 0.000020978524 0.000002459559 -0.000000815263 -0.000001427365
0.000617865480 -0.000374240527 0.000079992884 0.000000898175 -0.000001926196 0.000052662660 -0.000000037972 0.000000363623 0.000012032187 0.000109817854 -0.000000252884 -0.000000028795 0.000000035174
0.000020388769 -0.000027809457 0.000004031008 -0.000091531299 0.000003563946 0.000009516912 0.000004772224 -0.000005461192 -0.000000326301 -0.000000047104 0.000116435182 0.000000004499 0.000000049854
0.000016898581 -0.000019915151 0.000002193378 0.000002580536 0.000091324155 0.000005073879 0.000005609891 0.000004469361 -0.000000065171 -0.000000010129 0.000000005471 0.000116330737 -0.000000256099
-0.000029688794 0.000039005231 -0.000004952461 -0.000009022018 -0.000002535002 -0.000012003416 0.000000258124 -0.000000665973 0.000000351707 -0.000000160576 0.000000116342 -0.000000285267 0.000114782848

Trandens between roots 1 0
13 13
0.240876950538 0.286417743717 -0.010293366145 -0.000076213600 -0.000018322647 -0.012940882427 -0.000006080773 -0.000014126644 -0.001156031106 0.000617865480 0.000020388769 0.000016898581 -0.000029688794
-1.063111887879 -0.241337779720 0.015081262286 0.000079578247 0.000019909630 0.035549305026 0.000019684630 0.000031737266 0.003127466253 -0.000374240527 -0.000027809457 -0.000019915151 0.000039005231
0.145754263028 0.011324044378 0.003305002299 -0.000011522524 -0.000014923143 -0.004417486298 -0.000004615634 -0.000005298775 -0.000617990893 0.000079992884 0.000004031008 0.000002193378 -0.000004952461
0.001035632155 0.000105872629 -0.000016566727 0.004167662812 0.000006626859 -0.000031881949 0.000218767683 -0.000284166698 -0.000002651681 0.000000898175 -0.000091531299 0.000002580536 -0.000009022018
0.000226079166 0.000016967636 -0.000015286518 0.000006694244 0.004159742453 -0.000007076695 -0.000285114036 -0.000218198725 0.000001313633 -0.000001926196 0.000003563946 0.000091324155 -0.000002535002
0.417828975985 0.072389032530 -0.004682897190 -0.000024841092 -0.000009285103 -0.011769796963 -0.000007021273 -0.000010593956 -0.001059774513 0.000052662660 0.000009516912 0.000005073879 -0.000012003416
-0.000116020237 -0.000013551733 -0.000016418664 0.001944990776 -0.002532523245 0.000005020069 0.000024237247 0.000000185200 0.000000369843 -0.000000037972 0.000004772224 0.000005609891 0.000000258124
-0.000013559489 -0.000000518280 -0.000011548546 -0.002532119355 -0.001943982590 0.000002816487 0.000000261027 0.000024824772 0.000000024928 0.000000363623 -0.000005461192 0.000004469361 -0.000000665973
-0.020796968800 -0.002056047599 -0.002526066360 0.000003896261 0.000025165161 0.000946868624 0.000000366593 0.000000458513 0.000091789940 0.000012032187 -0.000000326301 -0.000000065171 0.000000351707
0.008024531775 -0.000905034777 0.000620651911 0.000007048234 -0.000012612196 -0.000277402094 -0.000000793255 -0.000000085730 0.000020978524 0.000109817854 -0.000000047104 -0.000000010129 -0.000000160576
-0.000645852932 -0.000122055128 0.000018504801 -0.000637580102 0.000026126054 0.000019584776 0.000025943208 -0.000031092478 0.000002459559 -0.000000252884 0.000116435182 0.000000005471 0.000000116342
0.000329045826 0.000017050101 0.000004382363 0.000017265139 0.000635197601 -0.000010777037 0.000031290926 0.000025480884 -0.000000815263 -0.000000028795 0.000000004499 0.000116330737 -0.000000285267
0.000245305590 0.000080267223 -0.000016673625 -0.000059592357 -0.000016765875 -0.000006712475 0.000001665778 -0.000003926083 -0.000001427365 0.000000035174 0.000000049854 -0.000000256099 0.000114782848

Trandens between roots 1 1
13 13
0.805462532291 -0.709230159894 0.026174063492 0.000284469487 0.000069534575 0.189747937786 -0.000040613447 0.000024884013 -0.005080213729 -0.002717625050 -0.000346868281 0.000050697591 0.000228720099
-0.709230159894 1.035659530222 -0.093436979345 -0.000726919689 -0.000157632212 -0.345176483679 0.000091257567 0.000007022116 0.015248538500 -0.002286997175 0.000567144629 -0.000202790858 -0.000280655104
0.026174063492 -0.093436979345 0.017346214777 0.000087796713 0.000007467954 0.037423650405 -0.000022356614 -0.000011964150 -0.004186468683 0.001181687030 -0.000049187715 0.000033475586 0.000012064943
0.000284469487 -0.000726919689 0.000087796713 0.004271638543 0.000004078396 0.000273903788 0.001521000116 -0.001984021190 -0.000012374789 0.000009473470 -0.000442998437 0.000012294107 -0.000039940096
0.000069534575 -0.000157632212 0.000007467954 0.000004078396 0.004256678961 0.000053688224 -0.001977397288 -0.001520752036 0.000018740765 -0.000008357989 0.000017898748 0.000439573811 -0.000011626493
0.189747937786 -0.345176483679 0.037423650405 0.000273903788 0.000053688224 0.127317792833 -0.000031288385 -0.000001975947 -0.005437652969 0.001328963353 -0.000198205550 0.000079150188 0.000091771523
-0.000040613447 0.000091257567 -0.000022356614 0.001521000116 -0.001977397288 -0.000031288385 0.001673703923 -0.000000852651 0.000000457972 0.000003999734 -0.000174232456 -0.000209787994 -0.000009395126
0.000024884013 0.000007022116 -0.000011964150 -0.001984021190 -0.001520752036 -0.000001975947 -0.000000852651 0.001671984709 -0.000000251924 -0.000001130704 0.000208080694 -0.000169880150 0.000023937986
-0.005080213729 0.015248538500 -0.004186468683 -0.000012374789 0.000018740765 -0.005437652969 0.000000457972 -0.000000251924 0.001585646850 -0.000336687434 0.000005399650 -0.000005410236 0.000001198657
-0.002717625050 -0.002286997175 0.001181687030 0.000009473470 -0.000008357989 0.001328963353 0.000003999734 -0.000001130704 -0.000336687434 0.000253253444 -0.000001790877 0.000001238075 -0.000001576028
-0.000346868281 0.000567144629 -0.000049187715 -0.000442998437 0.000017898748 -0.000198205550 -0.000174232456 0.000208080694 0.000005399650 -0.000001790877 0.000193661039 0.000000905838 0.000006736977
0.000050697591 -0.000202790858 0.000033475586 0.000012294107 0.000439573811 0.000079150188 -0.000209787994 -0.000169880150 -0.000005410236 0.000001238075 0.000000905838 0.000192490335 -0.000002338737
0.000228720099 -0.000280655104 0.000012064943 -0.000039940096 -0.000011626493 0.000091771523 -0.000009395126 0.000023937986 0.000001198657 -0.000001576028 0.000006736977 -0.000002338737 0.000114872072

State 0 :
Natural orbital occupations
13
1.858093657731 0.119303340280 0.007155533051 0.006979205835 0.006968828574 0.000486267045 0.000203449006 0.000203305939 0.000185625993 0.000115489879 0.000102005842 0.000101706205 0.000101584619
Natural orbitals (in MO basis)
13 13
0.999104539249 0.026336022801 -0.011146850915 0.001029525984 -0.000303772686 -0.031087881925 0.000039455439 0.000018219934 0.001691858787 -0.000007765725 0.001295065333 -0.000362091192 0.000005142172
0.026495338420 -0.999634556514 0.002548797480 -0.000172080065 0.000039831053 0.003772179099 0.000025615559 0.000013933067 0.001984628619 -0.000050006681 -0.001924287168 0.000587225282 0.000061219103
-0.013117101360 -0.003252716873 -0.991753410448 0.088865950314 -0.024054707406 -0.068710082585 -0.000675477792 -0.000350321036 -0.055022375292 -0.000073913379 -0.003974932173 0.001343781747 0.000144052534
-0.000051870138 0.000044733050 0.065614716747 0.498626392907 -0.862400535932 -0.000195808384 0.029590158297 0.049294647781 -0.000761750605 -0.000197750005 -0.000632207923 -0.001926035009 -0.004629621985
-0.000011609590 0.000036938411 0.064903588269 0.860296516396 0.502347336332 -0.000010062384 0.049235831990 -0.029577599875 -0.000437105890 -0.000143484945 -0.001239020398 -0.004460388553 0.001984120146
-0.030151921093 -0.004434762770 0.068910884473 -0.006329699505 0.001846826547 -0.996873169534 0.000824564097 0.000152852044 -0.002544202450 0.000255701606 0.022004801602 -0.005607102772 -0.000004411495
-0.000017076534 0.000006791576 0.000349267623 0.021861013866 0.053370803077 -0.000153864030 -0.363487062278 0.923704257161 0.004403397295 0.001093852497 0.013874890247 0.048938511386 -0.093343620106
-0.000026155718 0.000008111830 0.005004251287 0.053143358947 -0.021867144463 -0.000747956236 -0.923638904985 -0.363443214533 0.019936325840 0.003550374561 0.029149454309 0.087154959695 0.051151458913
-0.002624199950 0.001351417262 -0.054601624748 0.004460217021 -0.001557556344 -0.001939109050 0.020208268918 0.003178027595 0.980410503345 0.002100609806 0.179732607618 -0.055154993783 -0.003216357496
-0.000170833961 -0.002253841198 0.004629409324 -0.000507734746 0.000164299069 0.023138396297 -0.003334874055 0.001049873319 -0.187873618845 -0.012221182265 0.935411755916 -0.298287499342 -0.003021004951
0.000014179907 -0.000052843936 0.000051312865 0.000446382200 -0.000993192114 -0.000571287626 -0.050625316129 -0.092819745179 -0.000692880208 0.080496817441 -0.113390159326 -0.348926599275 -0.920724028672
0.000007318604 -0.000043946757 0.000069322657 -0.000916374177 -0.000530742868 0.001294224607 0.091743137538 -0.051883726729 -0.004513442045 -0.006002185360 0.278960131657 0.880516600384 -0.368380016264
-0.000018312114 0.000075558748 -0.000081085959 0.000039501410 -0.000000590679 -0.000595153415 -0.008259800865 -0.007476864087 0.004420726575 -0.996652663430 -0.021804214904 -0.029579524945 -0.072035112108

State 1 :
Natural orbital occupations
13
1.737476531488 0.239987155480 0.005838491929 0.005820712573 0.005381875188 0.004576402514 0.000156863416 0.000153996355 0.000145371223 0.000144682699 0.000143681021 0.000114074536 0.000060161579
Natural orbitals (in MO basis)
13 13
0.618474027886 0.765714880200 0.001521266883 0.002890740088 -0.113278063199 -0.133791523080 -0.000051773912 -0.000453017044 0.001076721087 0.000038154956 0.010006561670 0.000150100036 -0.018064182596
-0.747902110829 0.512166996948 0.002607273849 0.004621074223 -0.159935771799 -0.390767802950 0.000059585029 -0.000439185724 0.000738208089 -0.000382466516 0.002816715055 0.000294840238 0.003378201643
0.055161898566 -0.182989411993 0.013206919714 0.018875874487 -0.862859774296 0.004270600831 -0.002812445806 -0.004802652392 0.002774484112 0.000865924934 0.032940470710 0.000219206060 -0.466123958812
0.000455151325 -0.001123890053 -0.830674259407 0.184935730033 -0.008293345183 -0.001774992249 0.369127383104 -0.372301049037 0.027520052367 -0.008788044404 -0.002251376142 -0.000997899222 0.001380752509
0.000100321528 -0.000200044200 -0.184977647290 -0.830188265439 -0.020306297505 -0.002775737840 -0.373004756481 -0.368991282154 -0.008538360177 -0.027674776368 0.001172599511 0.000131206275 0.004828012113
0.234528174311 -0.341840542401 0.002689850454 0.002277187872 0.009711636267 -0.899791329704 0.000400469309 0.001390183523 -0.001791228319 -0.000373207277 -0.015477384935 -0.000556698369 0.134777984590
-0.000058421556 0.000121992380 -0.218294974891 0.469064017792 0.010022146208 0.000176510124 -0.820080499552 -0.103750510975 -0.180641600738 -0.126191699053 0.019203982384 0.002228314816 0.000269921420
0.000004530592 0.000118411518 0.468463661650 0.218185712997 0.014599195974 0.001205832968 0.103631494666 -0.820771118890 0.126793915948 -0.179403805168 -0.006644082723 -0.001699796534 0.002831235558
-0.009247526209 0.027475621228 -0.007266249132 -0.012812236750 0.455156511784 -0.138060374882 0.000039160888 -0.002866572790 0.023438292950 0.008196706611 0.266043409127 0.001054559724 -0.837442259737
0.000235807471 -0.016401688398 0.000645419258 0.003856903493 -0.094809255380 0.026144360526 -0.003202788514 0.001010833164 0.098982901857 0.030596407753 0.957023914050 0.023688993180 0.250683743236
-0.000396097428 0.000426621529 0.088568575603 -0.023640449185 -0.000704749639 0.000702542250 0.147815869048 -0.138096771275 -0.932174222882 0.258367686521 0.089651049548 -0.083161148655 0.004407662431
0.000117161626 -0.000410940400 -0.022140822839 -0.088491845538 -0.003395698363 0.000155908701 0.139171484086 0.146224030467 -0.257118273603 -0.938389553012 0.055949967003 0.033189613036 0.000601208312
0.000214990028 -0.000008651944 0.008605387664 0.000509838289 0.002084592374 -0.000790194824 0.010214953847 -0.017920488635 -0.071017537849 0.052092505770 -0.017502949201 0.995696267598 -0.004544399359

