Number of strings: 13 13, CI size = 169
String addressing array alpha: 1 13
0 1 2 3 4 5 6 7 8 9 10 11 12

Alpha strings 13 1
1
2
3
4
5
6
7
8
9
10
11
12
13

Is hamiltonian hermitian? 1
Implicit Hamiltonian constructed
E(core)= 0.000000000000
H(1,1) + E(core) energy = -0.577269372700
Davidson: iter=0 dim=0 root=0 eigenvalue=-0.577269372700
Davidson: iter=1 dim=1 root=0 eigenvalue=-0.619649315119
Davidson: iter=2 dim=2 root=0 eigenvalue=-0.625457812452
Davidson: iter=3 dim=3 root=0 eigenvalue=-0.628607987429
Davidson: iter=4 dim=4 root=0 eigenvalue=-0.630821793344
Davidson: iter=5 dim=5 root=0 eigenvalue=-0.631388348771
Davidson: iter=6 dim=6 root=0 eigenvalue=-0.631494374819
Davidson: iter=7 dim=7 root=0 eigenvalue=-0.631502357411
Davidson: iter=8 dim=8 root=0 eigenvalue=-0.631503037615
Davidson: iter=9 dim=9 root=0 eigenvalue=-0.631503107332
Davidson: iter=10 dim=10 root=0 eigenvalue=-0.631503113141
Davidson: iter=11 dim=11 root=0 eigenvalue=-0.631503113838
Davidson: iter=12 dim=12 root=0 eigenvalue=-0.631503113949
Davidson: iter=13 dim=13 root=0 eigenvalue=-0.631503113955
Davidson: iter=14 dim=14 root=0 eigenvalue=-0.631503113956
Davidson: iter=14 dim=14 root=1 eigenvalue=-0.556496273871
root no. 0 converged
Davidson: iter=15 dim=15 root=0 eigenvalue=-0.631503113956
Davidson: iter=15 dim=15 root=1 eigenvalue=-0.557578410541
Davidson: iter=16 dim=16 root=0 eigenvalue=-0.631503113956
Davidson: iter=16 dim=16 root=1 eigenvalue=-0.557673188308
Davidson: iter=17 dim=17 root=0 eigenvalue=-0.631503113956
Davidson: iter=17 dim=17 root=1 eigenvalue=-0.557687221181
Davidson: iter=18 dim=18 root=0 eigenvalue=-0.631503113956
Davidson: iter=18 dim=18 root=1 eigenvalue=-0.557689182181
Davidson: iter=19 dim=19 root=0 eigenvalue=-0.631503113956
Davidson: iter=19 dim=19 root=1 eigenvalue=-0.557689395277
Davidson: iter=20 dim=20 root=0 eigenvalue=-0.631503113956
Davidson: iter=20 dim=20 root=1 eigenvalue=-0.557689421450
Davidson: iter=21 dim=21 root=0 eigenvalue=-0.631503113956
Davidson: iter=21 dim=21 root=1 eigenvalue=-0.557689423616
Davidson: iter=22 dim=22 root=0 eigenvalue=-0.631503113956
Davidson: iter=22 dim=22 root=1 eigenvalue=-0.557689423789
Davidson: iter=23 dim=23 root=0 eigenvalue=-0.631503113956
Davidson: iter=23 dim=23 root=1 eigenvalue=-0.557689423800
Davidson: iter=24 dim=24 root=0 eigenvalue=-0.631503113956
Davidson: iter=24 dim=24 root=1 eigenvalue=-0.557689423802
Davidson: iter=25 dim=25 root=0 eigenvalue=-0.631503113956
Davidson: iter=25 dim=25 root=1 eigenvalue=-0.557689423802
root no. 1 converged
Davidson converged in 25 iterations.
E(core)= 0.000000000000
E(0)= -0.631503113956
E(1)= -0.557689423802
FCI Excitation energies = 2
0.000000000000 0.073813690154

Vacuum coefficients in CI state 0 = 0.878772237916
Vacuum coefficients in CI state 1 = -0.402460757960
Eigenvector 0 in string basis
0: 0.878772237916 seniority 0 ... 1
1
 | 1
1

1: 0.150777213400 seniority 2 ... 1
1
 | 1
2

5: 0.104471386418 seniority 2 ... 1
1
 | 1
6

13: 0.150777213401 seniority 2 ... 1
2
 | 1
1

14: -0.387240535028 seniority 0 ... 1
2
 | 1
2

65: 0.104471386418 seniority 2 ... 1
6
 | 1
1

Eigenvector 1 in string basis
0: -0.402460757960 seniority 0 ... 1
1
 | 1
1

1: 0.484197112165 seniority 2 ... 1
1
 | 1
2

2: 0.083005378090 seniority 2 ... 1
1
 | 1
3

5: 0.263308702017 seniority 2 ... 1
1
 | 1
6

9: -0.078622206885 seniority 2 ... 1
1
 | 1
10

13: 0.484197112263 seniority 2 ... 1
2
 | 1
1

14: -0.379259486165 seniority 0 ... 1
2
 | 1
2

18: -0.131215250501 seniority 2 ... 1
2
 | 1
6

26: 0.083005378095 seniority 2 ... 1
3
 | 1
1

28: 0.066560406472 seniority 0 ... 1
3
 | 1
3

42: 0.059657483499 seniority 0 ... 1
4
 | 1
4

56: 0.059932752113 seniority 0 ... 1
5
 | 1
5

65: 0.263308702030 seniority 2 ... 1
6
 | 1
1

66: -0.131215250513 seniority 2 ... 1
6
 | 1
2

70: 0.064913785697 seniority 0 ... 1
6
 | 1
6

117: -0.078622206888 seniority 2 ... 1
10
 | 1
1

Seniority vectors for all roots (nroots/seniority)
2 2
0.927473965454 0.072526034546
0.322142349588 0.677857650412

Calculating transition densities
Root 0 MO occupations numbers (density matrix diagonal)
13
1.616324080339 0.345616250910 0.006336690388 0.003503147241 0.003493290622 0.022227029568 0.000133610554 0.000137763616 0.000138065441 0.001506670727 0.000051811783 0.000054010596 0.000477578215
Root 1 MO occupations numbers (density matrix diagonal)
13
0.961617156851 0.795833841746 0.024482773218 0.007207376711 0.007273112836 0.182101459574 0.000462245059 0.000221275580 0.000219501978 0.015424509886 0.000176141643 0.000198678956 0.004781925962
Transition densities done:
Trandens between roots 0 0
13 13
1.616324080339 0.147052060806 0.066970748325 0.000290636291 0.000110319346 0.182746132048 0.000646170519 0.000026262671 -0.000008560101 -0.043679463461 0.000146412726 0.001724334357 0.024384783008
0.147052060806 0.345616250910 0.007360467017 0.000040911450 0.000012561829 0.035287305029 -0.001286302987 -0.000028411320 0.000012400497 -0.013926740610 0.000040752561 0.000489065974 0.006811992584
0.066970748325 0.007360467017 0.006336690388 0.000011805496 0.000005039037 0.006772463521 0.000400306538 0.000009668516 -0.000003829520 -0.001850198532 0.000005913029 0.000066355188 0.000927965569
0.000290636291 0.000040911450 0.000011805496 0.003503147241 -0.000006296068 0.000029841015 -0.000008626977 0.000301561334 -0.000249766124 -0.000008301765 -0.000074115779 -0.000037611345 0.000006980712
0.000110319346 0.000012561829 0.000005039037 -0.000006296068 0.003493290622 0.000010919664 -0.000002395513 0.000249207976 0.000301698004 -0.000002820908 -0.000037836625 0.000074096184 -0.000002777602
0.182746132048 0.035287305029 0.006772463521 0.000029841015 0.000010919664 0.022227029568 -0.000107735492 -0.000001702045 0.000000919583 -0.005453955835 0.000018107014 0.000213206167 0.003010786849
0.000646170519 -0.001286302987 0.000400306538 -0.000008626977 -0.000002395513 -0.000107735492 0.000133610554 -0.000000011742 0.000000041679 0.000016937851 0.000000312615 -0.000001562659 -0.000024605712
0.000026262671 -0.000028411320 0.000009668516 0.000301561334 0.000249207976 -0.000001702045 -0.000000011742 0.000137763616 -0.000000182473 0.000000091425 -0.000016389832 0.000003591567 -0.000000569375
-0.000008560101 0.000012400497 -0.000003829520 -0.000249766124 0.000301698004 0.000000919583 0.000000041679 -0.000000182473 0.000138065441 -0.000000064956 0.000003649046 0.000016389550 -0.000000800876
-0.043679463461 -0.013926740610 -0.001850198532 -0.000008301765 -0.000002820908 -0.005453955835 0.000016937851 0.000000091425 -0.000000064956 0.001506670727 -0.000004711385 -0.000055647232 -0.000783566428
0.000146412726 0.000040752561 0.000005913029 -0.000074115779 -0.000037836625 0.000018107014 0.000000312615 -0.000016389832 0.000003649046 -0.000004711385 0.000051811783 0.000000320996 0.000002540969
0.001724334357 0.000489065974 0.000066355188 -0.000037611345 0.000074096184 0.000213206167 -0.000001562659 0.000003591567 0.000016389550 -0.000055647232 0.000000320996 0.000054010596 0.000030285870
0.024384783008 0.006811992584 0.000927965569 0.000006980712 -0.000002777602 0.003010786849 -0.000024605712 -0.000000569375 -0.000000800876 -0.000783566428 0.000002540969 0.000030285870 0.000477578215

Trandens between roots 0 1
13 13
-0.494790058150 0.704899814240 0.147066596780 0.000683278181 0.000225908600 0.438271411452 -0.011293689374 -0.000250899301 0.000104713966 -0.128658629535 0.000429401080 0.005127507993 0.072382692945
-0.499716882300 0.441525539575 0.044319357476 0.000227406803 0.000075354520 0.180451668137 -0.007223090868 -0.000168525525 0.000069977578 -0.052704624471 0.000163668282 0.001980165720 0.027830448574
-0.025662407106 0.031505722665 0.001180424133 0.000027312512 0.000010339686 0.018943527553 -0.000019737933 -0.000000513046 0.000000366048 -0.005443657376 0.000017034978 0.000194132806 0.002713388766
-0.000123977269 0.000148218703 0.000026307938 -0.004919609401 -0.000010555742 0.000086979851 -0.000011204734 0.000291409342 -0.000241761757 -0.000025218261 -0.000278372437 -0.000141267178 0.000022854165
-0.000041716638 0.000052435956 0.000011152536 -0.000010576066 -0.004935480093 0.000031888367 -0.000003196714 0.000240886258 0.000291756824 -0.000008228341 -0.000142523236 0.000278110326 -0.000011483248
-0.087439780377 0.104603294149 0.019148196907 0.000090720464 0.000029999903 0.056346584905 -0.001816561002 -0.000041462948 0.000017164608 -0.016909168202 0.000056379760 0.000672857204 0.009498493229
0.001620588529 -0.001350846494 -0.000433675975 0.000008116291 0.000002485850 -0.000381800282 -0.000052196488 0.000000900291 -0.000000320241 0.000130187383 0.000000135472 -0.000006276635 -0.000091465263
0.000033472790 -0.000026268640 -0.000008985452 -0.000305325598 -0.000254555494 -0.000005375882 0.000000809584 -0.000087467923 -0.000000220810 0.000002120121 -0.000027177443 0.000005911494 -0.000001943178
-0.000015245309 0.000012404058 0.000004077077 0.000250410767 -0.000305249967 0.000003048165 -0.000000299434 -0.000000199501 -0.000087117039 -0.000001028834 0.000005982713 0.000027123465 -0.000000827251
0.026553609659 -0.030082055840 -0.004954797114 -0.000023669209 -0.000007980621 -0.016159793128 0.000488535062 0.000011084095 -0.000004600581 0.004649700838 -0.000015433480 -0.000185057646 -0.002609222295
-0.000080368164 0.000093846425 0.000016280111 0.000052656661 0.000027364363 0.000051690568 -0.000001454371 -0.000004294753 0.000000976310 -0.000015134179 -0.000078260231 0.000000696981 0.000008380920
-0.000956843848 0.001114499682 0.000195156761 0.000027382099 -0.000052359401 0.000613355957 -0.000018436407 0.000000514593 0.000004438349 -0.000179477518 0.000000686302 -0.000071211621 0.000099141396
-0.013355956769 0.015626153542 0.002760315492 0.000011107296 0.000007431305 0.008633231796 -0.000259128583 -0.000005917302 0.000002190119 -0.002526090681 0.000008280881 0.000098987281 0.001319151493

Trandens between roots 1 0
13 13
-0.494790058150 -0.499716882300 -0.025662407106 -0.000123977269 -0.000041716638 -0.087439780377 0.001620588529 0.000033472790 -0.000015245309 0.026553609659 -0.000080368164 -0.000956843848 -0.013355956769
0.704899814240 0.441525539575 0.031505722665 0.000148218703 0.000052435956 0.104603294149 -0.001350846494 -0.000026268640 0.000012404058 -0.030082055840 0.000093846425 0.001114499682 0.015626153542
0.147066596780 0.044319357476 0.001180424133 0.000026307938 0.000011152536 0.019148196907 -0.000433675975 -0.000008985452 0.000004077077 -0.004954797114 0.000016280111 0.000195156761 0.002760315492
0.000683278181 0.000227406803 0.000027312512 -0.004919609401 -0.000010576066 0.000090720464 0.000008116291 -0.000305325598 0.000250410767 -0.000023669209 0.000052656661 0.000027382099 0.000011107296
0.000225908600 0.000075354520 0.000010339686 -0.000010555742 -0.004935480093 0.000029999903 0.000002485850 -0.000254555494 -0.000305249967 -0.000007980621 0.000027364363 -0.000052359401 0.000007431305
0.438271411452 0.180451668137 0.018943527553 0.000086979851 0.000031888367 0.056346584905 -0.000381800282 -0.000005375882 0.000003048165 -0.016159793128 0.000051690568 0.000613355957 0.008633231796
-0.011293689374 -0.007223090868 -0.000019737933 -0.000011204734 -0.000003196714 -0.001816561002 -0.000052196488 0.000000809584 -0.000000299434 0.000488535062 -0.000001454371 -0.000018436407 -0.000259128583
-0.000250899301 -0.000168525525 -0.000000513046 0.000291409342 0.000240886258 -0.000041462948 0.000000900291 -0.000087467923 -0.000000199501 0.000011084095 -0.000004294753 0.000000514593 -0.000005917302
0.000104713966 0.000069977578 0.000000366048 -0.000241761757 0.000291756824 0.000017164608 -0.000000320241 -0.000000220810 -0.000087117039 -0.000004600581 0.000000976310 0.000004438349 0.000002190119
-0.128658629535 -0.052704624471 -0.005443657376 -0.000025218261 -0.000008228341 -0.016909168202 0.000130187383 0.000002120121 -0.000001028834 0.004649700838 -0.000015134179 -0.000179477518 -0.002526090681
0.000429401080 0.000163668282 0.000017034978 -0.000278372437 -0.000142523236 0.000056379760 0.000000135472 -0.000027177443 0.000005982713 -0.000015433480 -0.000078260231 0.000000686302 0.000008280881
0.005127507993 0.001980165720 0.000194132806 -0.000141267178 0.000278110326 0.000672857204 -0.000006276635 0.000005911494 0.000027123465 -0.000185057646 0.000000696981 -0.000071211621 0.000098987281
0.072382692945 0.027830448574 0.002713388766 0.000022854165 -0.000011483248 0.009498493229 -0.000091465263 -0.000001943178 -0.000000827251 -0.002609222295 0.000008380920 0.000099141396 0.001319151493

Trandens between roots 1 1
13 13
0.961617156851 -0.837857647273 -0.070188793666 -0.000364325329 -0.000122923053 -0.301282468854 0.013408641593 0.000313830397 -0.000130006148 0.094984589354 -0.000296746339 -0.003592955968 -0.050545504935
-0.837857647273 0.795833841746 0.091084695403 0.000451243789 0.000149692006 0.336283661162 -0.012944580607 -0.000299874382 0.000124417580 -0.102466696322 0.000326979997 0.003940506307 0.055491747702
-0.070188793666 0.091084695403 0.024482773218 0.000085827869 0.000023427508 0.054204064302 -0.002352744291 -0.000052546379 0.000021961959 -0.015566872476 0.000052785114 0.000648050457 0.009178568835
-0.000364325329 0.000451243789 0.000085827869 0.007207376711 0.000043962043 0.000258154395 0.000009703343 -0.000571574095 0.000469562529 -0.000074226535 0.000473075367 0.000242118741 0.000026341590
-0.000122923053 0.000149692006 0.000023427508 0.000043962043 0.007273112836 0.000085451847 0.000002610566 -0.000476480169 -0.000571609118 -0.000026189033 0.000244997751 -0.000471642150 0.000041645504
-0.301282468854 0.336283661162 0.054204064302 0.000258154395 0.000085451847 0.182101459574 -0.005285609868 -0.000119365071 0.000049852870 -0.052185087676 0.000168661038 0.002025919390 0.028541098051
0.013408641593 -0.012944580607 -0.002352744291 0.000009703343 0.000002610566 -0.005285609868 0.000462245059 0.000005507937 -0.000002311473 0.001656535910 -0.000004623495 -0.000067080799 -0.000952252250
0.000313830397 -0.000299874382 -0.000052546379 -0.000571574095 -0.000476480169 -0.000119365071 0.000005507937 0.000221275580 0.000000964757 0.000037804957 -0.000033294798 0.000005861044 -0.000022050635
-0.000130006148 0.000124417580 0.000021961959 0.000469562529 -0.000571609118 0.000049852870 -0.000002311473 0.000000964757 0.000219501978 -0.000015610763 0.000007340508 0.000033707405 0.000006932062
0.094984589354 -0.102466696322 -0.015566872476 -0.000074226535 -0.000026189033 -0.052185087676 0.001656535910 0.000037804957 -0.000015610763 0.015424509886 -0.000049548798 -0.000594501069 -0.008378801061
-0.000296746339 0.000326979997 0.000052785114 0.000473075367 0.000244997751 0.000168661038 -0.000004623495 -0.000033294798 0.000007340508 -0.000049548798 0.000176141643 0.000001091361 0.000027314802
-0.003592955968 0.003940506307 0.000648050457 0.000242118741 -0.000471642150 0.002025919390 -0.000067080799 0.000005861044 0.000033707405 -0.000594501069 0.000001091361 0.000198678956 0.000327226610
-0.050545504935 0.055491747702 0.009178568835 0.000026341590 0.000041645504 0.028541098051 -0.000952252250 -0.000022050635 0.000006932062 -0.008378801061 0.000027314802 0.000327226610 0.004781925962

State 0 :
Natural orbital occupations
13
1.658626727918 0.329726276052 0.003831928295 0.003553209910 0.003537284557 0.000290977855 0.000094345946 0.000093791841 0.000087467854 0.000049283119 0.000048749883 0.000048471100 0.000011485669
Natural orbitals (in MO basis)
13 13
-0.985702299899 -0.120447335420 -0.011650030622 -0.000016688458 0.000016822853 -0.106696309135 0.000009325645 0.000019120626 -0.001453599013 -0.002018027722 0.000109933691 -0.000062161747 0.048552934184
-0.114025924686 0.991354670137 0.011543750254 0.000002219944 -0.000018469065 -0.047832815830 0.000008741062 0.000015488664 0.001245736208 0.003077145167 -0.000308788754 0.000197774486 0.042209172571
-0.040962271041 -0.001301832014 0.960319855108 -0.001220460045 -0.004058256756 0.250558958176 0.000094352779 -0.000223154935 -0.100252588783 0.008449750614 -0.000665238163 0.000396673378 -0.056442754554
-0.000178406376 0.000021692065 0.002648453316 0.892017965786 0.436676088491 0.001150271796 -0.105446975719 0.049602188125 -0.000284304761 0.000316798927 0.005009276059 0.002189303458 -0.000252752120
-0.000067501734 -0.000000833462 0.003078391979 -0.436701256180 0.891976219722 0.000480854112 0.049447798745 0.105761637071 -0.000206894522 -0.000406657941 -0.002169830129 0.005018881434 -0.000099190073
-0.112826709671 0.042748097640 -0.256303026874 -0.000546456987 0.000109360629 0.941863886920 0.000086201270 -0.000184180576 0.044086336145 0.019605520096 -0.001449040736 0.000843449480 -0.174105617821
-0.000297656301 -0.004122937025 0.105505571586 -0.002077088457 -0.002207668159 -0.020620202525 -0.018757963919 0.017769903125 0.975084701222 0.191173942628 -0.019148198307 0.006657944703 0.000918160121
-0.000013815820 -0.000095316665 0.002886425627 0.046946660636 0.104219373843 -0.000633685137 0.418376795217 -0.886103017478 0.024050813795 0.003067283189 0.072849493895 0.144267049931 -0.000100983617
0.000004277066 0.000040564194 -0.000921801650 -0.103926123855 0.047129752124 0.000229788439 -0.886274262379 -0.418684687346 -0.009176002621 -0.018166141980 -0.143209977235 0.072629071774 0.000141784178
0.027364383224 -0.026767310749 -0.003861309560 -0.000040128790 0.000064535557 0.153289193984 -0.000422430583 -0.000533326563 -0.096709660971 0.502521560845 -0.039688257885 0.024720871530 0.843181350185
-0.000091285207 0.000071850865 -0.000152208069 -0.014497347082 -0.019414484045 -0.000593875986 -0.097972245948 0.126386794336 -0.000460656159 0.016748445249 0.625745339862 0.762885653126 -0.002803551289
-0.001075744834 0.000873698777 -0.001578946294 -0.019327177867 0.014515029596 -0.007683840477 -0.126099023635 -0.097790093785 -0.010331298871 0.146564374648 0.752423150415 -0.620508653999 -0.033600807042
-0.015204939529 0.012041408628 -0.025515276952 0.001231339145 -0.000746659329 -0.111608126036 0.007940950037 0.005100157829 -0.164588891708 0.829671006832 -0.120464783241 0.078741241614 -0.500269764387

State 1 :
Natural orbital occupations
13
1.866285137085 0.109905245202 0.007412165156 0.007301931918 0.006766797230 0.001423095235 0.000162259802 0.000160113399 0.000150981604 0.000118741241 0.000117751560 0.000116931919 0.000078848649
Natural orbitals (in MO basis)
13 13
0.704852497959 -0.557658864658 -0.000004859242 -0.000116834261 -0.003653814932 -0.405384832397 -0.000198753191 0.000355015049 0.007012932891 0.002001494276 -0.026387320765 0.000718630698 0.164618226640
-0.649574809759 -0.265247533312 0.000128506794 0.000513351389 0.071008701324 -0.641567388692 -0.000157123749 0.000288100746 -0.009270748174 0.002052824056 -0.028351117436 0.000765577164 0.300250632209
-0.067581289734 -0.308355277528 0.004022491843 0.005397583328 0.892454562937 0.285897689120 0.000443981498 -0.000410525492 -0.043197827707 -0.011713761485 0.141531884377 -0.003524772936 -0.006671859075
-0.000339522486 -0.001363377653 -0.442285784351 0.887772900976 -0.004212310310 0.001077178558 -0.013658392670 -0.027189978955 0.000497206536 0.052762014870 0.001670465534 -0.111843404912 0.000146820145
-0.000113149540 -0.000422554147 -0.887855260512 -0.442216089376 0.006387853095 0.000393655172 -0.027980290495 0.013376846495 -0.000807764724 0.110563275884 0.010397301625 0.053122234226 -0.000113603504
-0.261223538175 -0.695617113924 -0.000446704233 -0.003978236171 -0.418532834276 0.518946862787 0.000168219086 -0.000297188278 -0.012917702568 0.004105287607 -0.051751142732 0.001410395972 0.022879711808
0.010490621469 0.006751971128 -0.002183280895 0.001048104193 -0.132780576927 -0.037894571050 0.020303085899 0.004538371814 -0.671217720783 -0.070302119195 0.723924834604 -0.007408509648 0.027227402398
0.000243834502 0.000122812282 0.094281022958 -0.042035777611 -0.003104095610 -0.000975059700 -0.693948778394 -0.311089687934 -0.018032650611 0.576852005885 0.057604178929 -0.273110374316 0.000888412711
-0.000101141883 -0.000054599519 0.041851217288 0.094867497282 0.000386004457 0.000451012197 -0.313474009562 0.689347361279 -0.008469255784 0.268728493748 0.028837867741 0.585373867822 -0.001268615273
0.080273576380 0.171211512203 0.000215376831 0.000614894731 0.045477104220 0.220980237715 0.005014476557 -0.008882192321 -0.445600007670 0.034735072178 -0.420145736796 0.012752684195 0.732657431942
-0.000254322032 -0.000609614868 -0.059345143873 0.043993887418 0.000073500570 -0.000897118232 -0.518329084658 -0.391420486526 -0.002086458779 -0.600965848323 -0.038741114500 0.458243561902 -0.003750709598
-0.003069401215 -0.007166487031 0.043677948106 0.059529317390 0.003141564012 -0.010552627570 0.387101409373 -0.522669199320 -0.025049041624 0.460768776451 0.021701103350 0.596994713219 -0.039076229286
-0.043208461657 -0.101397405143 -0.002250952325 -0.003382620822 0.059350464359 -0.150426700466 -0.015795535030 0.024741490288 -0.589669182540 0.015481495453 -0.518621530451 -0.028184338495 -0.585756524281

