Number of strings: 13 13, CI size = 169
String addressing array alpha: 1 13
0 1 2 3 4 5 6 7 8 9 10 11 12

Alpha strings 13 1
1
2
3
4
5
6
7
8
9
10
11
12
13

Is hamiltonian hermitian? 1
Implicit Hamiltonian constructed
E(core)= 0.000000000000
H(1,1) + E(core) energy = -0.660161846300
Davidson: iter=0 dim=0 root=0 eigenvalue=-0.660161846300
Davidson: iter=1 dim=1 root=0 eigenvalue=-0.697974535166
Davidson: iter=2 dim=2 root=0 eigenvalue=-0.701612113126
Davidson: iter=3 dim=3 root=0 eigenvalue=-0.702833711627
Davidson: iter=4 dim=4 root=0 eigenvalue=-0.702997116830
Davidson: iter=5 dim=5 root=0 eigenvalue=-0.703013092639
Davidson: iter=6 dim=6 root=0 eigenvalue=-0.703015189855
Davidson: iter=7 dim=7 root=0 eigenvalue=-0.703015350114
Davidson: iter=8 dim=8 root=0 eigenvalue=-0.703015364537
Davidson: iter=9 dim=9 root=0 eigenvalue=-0.703015365067
Davidson: iter=10 dim=10 root=0 eigenvalue=-0.703015365101
Davidson: iter=11 dim=11 root=0 eigenvalue=-0.703015365105
Davidson: iter=12 dim=12 root=0 eigenvalue=-0.703015365106
Davidson: iter=12 dim=12 root=1 eigenvalue=-0.525023070710
root no. 0 converged
Davidson: iter=13 dim=13 root=0 eigenvalue=-0.703015365106
Davidson: iter=13 dim=13 root=1 eigenvalue=-0.528042471613
Davidson: iter=14 dim=14 root=0 eigenvalue=-0.703015365106
Davidson: iter=14 dim=14 root=1 eigenvalue=-0.528230692388
Davidson: iter=15 dim=15 root=0 eigenvalue=-0.703015365106
Davidson: iter=15 dim=15 root=1 eigenvalue=-0.528238406360
Davidson: iter=16 dim=16 root=0 eigenvalue=-0.703015365106
Davidson: iter=16 dim=16 root=1 eigenvalue=-0.528238832470
Davidson: iter=17 dim=17 root=0 eigenvalue=-0.703015365106
Davidson: iter=17 dim=17 root=1 eigenvalue=-0.528238901897
Davidson: iter=18 dim=18 root=0 eigenvalue=-0.703015365106
Davidson: iter=18 dim=18 root=1 eigenvalue=-0.528238906412
Davidson: iter=19 dim=19 root=0 eigenvalue=-0.703015365106
Davidson: iter=19 dim=19 root=1 eigenvalue=-0.528238907543
Davidson: iter=20 dim=20 root=0 eigenvalue=-0.703015365106
Davidson: iter=20 dim=20 root=1 eigenvalue=-0.528238907806
Davidson: iter=21 dim=21 root=0 eigenvalue=-0.703015365106
Davidson: iter=21 dim=21 root=1 eigenvalue=-0.528238907916
Davidson: iter=22 dim=22 root=0 eigenvalue=-0.703015365106
Davidson: iter=22 dim=22 root=1 eigenvalue=-0.528238907938
Davidson: iter=23 dim=23 root=0 eigenvalue=-0.703015365106
Davidson: iter=23 dim=23 root=1 eigenvalue=-0.528238907941
Davidson: iter=24 dim=24 root=0 eigenvalue=-0.703015365106
Davidson: iter=24 dim=24 root=1 eigenvalue=-0.528238907941
root no. 1 converged
Davidson converged in 24 iterations.
E(core)= 0.000000000000
E(0)= -0.703015365106
E(1)= -0.528238907941
FCI Excitation energies = 2
0.000000000000 0.174776457164

Vacuum coefficients in CI state 0 = -0.961953453431
Vacuum coefficients in CI state 1 = -0.151901841846
Eigenvector 0 in string basis
0: -0.961953453431 seniority 0 ... 1
1
 | 1
1

14: 0.243385562966 seniority 0 ... 1
2
 | 1
2

28: 0.059260433492 seniority 0 ... 1
3
 | 1
3

42: 0.058885493315 seniority 0 ... 1
4
 | 1
4

56: 0.058894840531 seniority 0 ... 1
5
 | 1
5

Eigenvector 1 in string basis
0: -0.151901841846 seniority 0 ... 1
1
 | 1
1

1: 0.570426081699 seniority 2 ... 1
1
 | 1
2

2: 0.075334649792 seniority 2 ... 1
1
 | 1
3

5: -0.220147800048 seniority 2 ... 1
1
 | 1
6

13: 0.570426081466 seniority 2 ... 1
2
 | 1
1

14: -0.421848080639 seniority 0 ... 1
2
 | 1
2

18: 0.119575355756 seniority 2 ... 1
2
 | 1
6

26: 0.075334649782 seniority 2 ... 1
3
 | 1
1

65: -0.220147800022 seniority 2 ... 1
6
 | 1
1

66: 0.119575355743 seniority 2 ... 1
6
 | 1
2

Seniority vectors for all roots (nroots/seniority)
2 2
0.995775786962 0.004224213038
0.207121708297 0.792878291703

Calculating transition densities
Root 0 MO occupations numbers (density matrix diagonal)
13
1.854852655538 0.120523803574 0.007418294141 0.006950931445 0.006953134473 0.002209484254 0.000224846255 0.000224797715 0.000216795867 0.000105921601 0.000102775636 0.000102824389 0.000113735113
Root 1 MO occupations numbers (density matrix diagonal)
13
0.805468055394 1.035648828188 0.017348748053 0.004263022024 0.004271417987 0.127313154055 0.001673459650 0.001673407493 0.001585090829 0.000253674657 0.000193797854 0.000192977143 0.000114366673
Transition densities done:
Trandens between roots 0 0
13 13
1.854852655538 0.046047692715 0.024280460017 0.000235575909 -0.000196880234 -0.055982912892 -0.000007627862 -0.000137068960 0.004866541762 0.000323740546 -0.000017150028 -0.000017720850 -0.000014447692
0.046047692715 0.120523803574 0.000276253434 0.000002817049 -0.000007889232 -0.000956727666 0.000000180863 -0.000009107504 0.000290759272 -0.000260544036 -0.000011239638 -0.000011092591 -0.000007740009
0.024280460017 0.000276253434 0.007418294141 0.000003231815 0.000006028780 -0.000276550160 0.000002993603 -0.000010852872 0.000445432550 -0.000026950855 -0.000001264557 -0.000001393731 -0.000000736483
0.000235575909 0.000002817049 0.000003231815 0.006950931445 -0.000002015158 -0.000002851390 -0.000363887378 0.000138889250 0.000008229172 -0.000000239317 -0.000000966090 0.000007038675 0.000000236651
-0.000196880234 -0.000007889232 0.000006028780 -0.000002015158 0.006953134473 0.000003083822 0.000139354875 0.000363920751 0.000006809843 0.000000214064 -0.000006979011 -0.000000607731 0.000000149459
-0.055982912892 -0.000956727666 -0.000276550160 -0.000002851390 0.000003083822 0.002209484254 0.000000179549 0.000003481487 -0.000120143693 -0.000004043949 0.000000438993 0.000000661364 0.000000566537
-0.000007627862 0.000000180863 0.000002993603 -0.000363887378 0.000139354875 0.000000179549 0.000224846255 0.000000048306 0.000000013897 0.000000388509 -0.000002535016 -0.000010831182 -0.000000919169
-0.000137068960 -0.000009107504 -0.000010852872 0.000138889250 0.000363920751 0.000003481487 0.000000048306 0.000224797715 0.000000168389 0.000000624934 -0.000010854413 0.000002545761 0.000000960300
0.004866541762 0.000290759272 0.000445432550 0.000008229172 0.000006809843 -0.000120143693 0.000000013897 0.000000168389 0.000216795867 -0.000016722078 -0.000000947187 -0.000000591521 -0.000000362065
0.000323740546 -0.000260544036 -0.000026950855 -0.000000239317 0.000000214064 -0.000004043949 0.000000388509 0.000000624934 -0.000016722078 0.000105921601 0.000000112606 0.000000159488 -0.000000099593
-0.000017150028 -0.000011239638 -0.000001264557 -0.000000966090 -0.000006979011 0.000000438993 -0.000002535016 -0.000010854413 -0.000000947187 0.000000112606 0.000102775636 -0.000000049910 0.000000737858
-0.000017720850 -0.000011092591 -0.000001393731 0.000007038675 -0.000000607731 0.000000661364 -0.000010831182 0.000002545761 -0.000000591521 0.000000159488 -0.000000049910 0.000102824389 -0.000000729360
-0.000014447692 -0.000007740009 -0.000000736483 0.000000236651 0.000000149459 0.000000566537 -0.000000919169 0.000000960300 -0.000000362065 -0.000000099593 0.000000737858 -0.000000729360 0.000113735113

Trandens between roots 0 1
13 13
0.240878133580 -1.063115069600 -0.145760814008 -0.001515262532 0.001496699020 0.417820231247 -0.000032140526 -0.000575564664 0.020808252447 -0.008096367503 0.000349695429 0.000106766163 0.000068934428
0.286423196076 -0.241338419486 -0.011319470380 -0.000118339830 0.000131916571 0.072389573645 -0.000004587845 -0.000056209528 0.002059287233 0.000894795956 0.000118768862 0.000080177381 0.000053293436
0.010291028883 -0.015079158067 0.003305185583 -0.000006308804 0.000015873324 0.004683413184 -0.000033620756 0.000060471662 -0.002523771106 0.000617941635 0.000032148016 0.000028987904 0.000015115587
0.000105694674 -0.000147750316 -0.000004974682 0.004160304587 -0.000000286849 0.000045068060 0.002983120780 -0.001139228524 -0.000048938371 0.000024516708 0.000087098014 -0.000630734625 -0.000068529333
-0.000109094021 0.000137074847 0.000012522343 -0.000000247520 0.004168724355 -0.000043667114 -0.001139807085 -0.002981854276 -0.000062232073 -0.000024854101 0.000633400854 0.000087072812 -0.000033821560
-0.012942504185 0.035552590558 0.004418422064 0.000045978680 -0.000045935908 -0.011770575953 0.000001508203 0.000026213721 -0.000947341358 0.000279543473 -0.000009663251 -0.000002307532 -0.000001426878
-0.000002271631 0.000004274964 -0.000004027152 0.000335795178 -0.000128004023 -0.000001224607 0.000024659048 0.000000070280 0.000000426206 -0.000001730450 0.000009231149 0.000039320599 0.000003536626
-0.000036175918 0.000090399331 0.000016763147 -0.000128156285 -0.000335304645 -0.000030478770 0.000000156715 0.000024795376 -0.000001371619 -0.000001474889 0.000039364646 -0.000009135893 -0.000003897713
0.001157378229 -0.003129413351 -0.000616954765 -0.000008285621 -0.000002993981 0.001060276423 0.000000427208 -0.000001421547 0.000091022474 0.000020794985 0.000003446728 0.000001283848 0.000000915601
-0.000618651103 0.000375645665 0.000080132413 0.000003461243 -0.000003615133 -0.000053020316 -0.000000238777 -0.000000531458 0.000011816776 0.000109921468 -0.000000399641 -0.000000298811 -0.000000078666
-0.000030477690 0.000032298772 0.000005549807 0.000012512345 0.000090823819 -0.000009338321 0.000001679415 0.000007105063 0.000000244532 -0.000000210588 0.000116372555 -0.000000035026 -0.000000043778
-0.000030540078 0.000032749256 0.000005585247 -0.000090418713 0.000012631413 -0.000009157237 0.000007093383 -0.000001784230 -0.000000009984 -0.000000159785 -0.000000013340 0.000116305798 0.000000318805
-0.000021628105 0.000024072336 0.000003411317 -0.000010238418 -0.000004933006 -0.000006820340 0.000000621942 -0.000000718698 -0.000000085344 0.000000026150 -0.000000072435 0.000000378475 0.000113570615

Trandens between roots 1 0
13 13
0.240878133580 0.286423196076 0.010291028883 0.000105694674 -0.000109094021 -0.012942504185 -0.000002271631 -0.000036175918 0.001157378229 -0.000618651103 -0.000030477690 -0.000030540078 -0.000021628105
-1.063115069600 -0.241338419486 -0.015079158067 -0.000147750316 0.000137074847 0.035552590558 0.000004274964 0.000090399331 -0.003129413351 0.000375645665 0.000032298772 0.000032749256 0.000024072336
-0.145760814008 -0.011319470380 0.003305185583 -0.000004974682 0.000012522343 0.004418422064 -0.000004027152 0.000016763147 -0.000616954765 0.000080132413 0.000005549807 0.000005585247 0.000003411317
-0.001515262532 -0.000118339830 -0.000006308804 0.004160304587 -0.000000247520 0.000045978680 0.000335795178 -0.000128156285 -0.000008285621 0.000003461243 0.000012512345 -0.000090418713 -0.000010238418
0.001496699020 0.000131916571 0.000015873324 -0.000000286849 0.004168724355 -0.000045935908 -0.000128004023 -0.000335304645 -0.000002993981 -0.000003615133 0.000090823819 0.000012631413 -0.000004933006
0.417820231247 0.072389573645 0.004683413184 0.000045068060 -0.000043667114 -0.011770575953 -0.000001224607 -0.000030478770 0.001060276423 -0.000053020316 -0.000009338321 -0.000009157237 -0.000006820340
-0.000032140526 -0.000004587845 -0.000033620756 0.002983120780 -0.001139807085 0.000001508203 0.000024659048 0.000000156715 0.000000427208 -0.000000238777 0.000001679415 0.000007093383 0.000000621942
-0.000575564664 -0.000056209528 0.000060471662 -0.001139228524 -0.002981854276 0.000026213721 0.000000070280 0.000024795376 -0.000001421547 -0.000000531458 0.000007105063 -0.000001784230 -0.000000718698
0.020808252447 0.002059287233 -0.002523771106 -0.000048938371 -0.000062232073 -0.000947341358 0.000000426206 -0.000001371619 0.000091022474 0.000011816776 0.000000244532 -0.000000009984 -0.000000085344
-0.008096367503 0.000894795956 0.000617941635 0.000024516708 -0.000024854101 0.000279543473 -0.000001730450 -0.000001474889 0.000020794985 0.000109921468 -0.000000210588 -0.000000159785 0.000000026150
0.000349695429 0.000118768862 0.000032148016 0.000087098014 0.000633400854 -0.000009663251 0.000009231149 0.000039364646 0.000003446728 -0.000000399641 0.000116372555 -0.000000013340 -0.000000072435
0.000106766163 0.000080177381 0.000028987904 -0.000630734625 0.000087072812 -0.000002307532 0.000039320599 -0.000009135893 0.000001283848 -0.000000298811 -0.000000035026 0.000116305798 0.000000378475
0.000068934428 0.000053293436 0.000015115587 -0.000068529333 -0.000033821560 -0.000001426878 0.000003536626 -0.000003897713 0.000000915601 -0.000000078666 -0.000000043778 0.000000318805 0.000113570615

Trandens between roots 1 1
13 13
0.805468055394 -0.709222503217 -0.026162011347 -0.000270249417 0.000330109084 0.189748043712 -0.000004919165 -0.000123801646 0.005091901261 0.002687525603 0.000341100004 0.000229827038 0.000152956573
-0.709222503217 1.035648828188 0.093432949870 0.000971870049 -0.001000051432 -0.345170082530 0.000024845685 0.000415637470 -0.015262032232 0.002343777438 -0.000410173630 -0.000210896490 -0.000139008113
-0.026162011347 0.093432949870 0.017348748053 0.000140067825 -0.000134645153 -0.037421312979 -0.000020493742 0.000109006900 -0.004186174041 0.001186784171 -0.000011449141 0.000008902217 0.000003500992
-0.000270249417 0.000971870049 0.000140067825 0.004263022024 -0.000000425833 -0.000389689435 0.002331834428 -0.000890158984 -0.000062620061 0.000025214230 0.000060239426 -0.000437174353 -0.000046402509
0.000330109084 -0.001000051432 -0.000134645153 -0.000000425833 0.004271417987 0.000387956250 -0.000892142972 -0.002335311781 -0.000026334456 -0.000024411196 0.000439987755 0.000060344377 -0.000022695729
0.189748043712 -0.345170082530 -0.037421312979 -0.000389689435 0.000387956250 0.127313154055 -0.000009053329 -0.000149921813 0.005441302758 -0.001349332061 0.000132033466 0.000061197352 0.000040320441
-0.000004919165 0.000024845685 -0.000020493742 0.002331834428 -0.000892142972 -0.000009053329 0.001673459650 -0.000000493016 -0.000000056406 0.000011086350 -0.000061540815 -0.000263916487 -0.000021724567
-0.000123801646 0.000415637470 0.000109006900 -0.000890158984 -0.002335311781 -0.000149921813 -0.000000493016 0.001673407493 -0.000001297985 0.000015029436 -0.000264675623 0.000061448720 0.000023380405
0.005091901261 -0.015262032232 -0.004186174041 -0.000062620061 -0.000026334456 0.005441302758 -0.000000056406 -0.000001297985 0.001585090829 -0.000336782462 -0.000009899002 -0.000004050194 -0.000002962085
0.002687525603 0.002343777438 0.001186784171 0.000025214230 -0.000024411196 -0.001349332061 0.000011086350 0.000015029436 -0.000336782462 0.000253674657 -0.000000033808 0.000000237111 0.000001904181
0.000341100004 -0.000410173630 -0.000011449141 0.000060239426 0.000439987755 0.000132033466 -0.000061540815 -0.000264675623 -0.000009899002 -0.000000033808 0.000193797854 0.000000222495 -0.000004943187
0.000229827038 -0.000210896490 0.000008902217 -0.000437174353 0.000060344377 0.000061197352 -0.000263916487 0.000061448720 -0.000004050194 0.000000237111 0.000000222495 0.000192977143 0.000007740072
0.000152956573 -0.000139008113 0.000003500992 -0.000046402509 -0.000022695729 0.000040320441 -0.000021724567 0.000023380405 -0.000002962085 0.000001904181 -0.000004943187 0.000007740072 0.000114366673

State 0 :
Natural orbital occupations
13
1.858095151234 0.119306429692 0.007151950499 0.006976534736 0.006972095471 0.000486325451 0.000203518753 0.000203441518 0.000185593620 0.000113832504 0.000101956914 0.000101608023 0.000101561585
Natural orbitals (in MO basis)
13 13
0.999104429286 0.026337354523 -0.011180658997 0.000565897632 0.000265792025 -0.031090568083 0.000022332856 0.000000883704 0.001684943437 0.000004092354 -0.001337868438 -0.000165008549 0.000070872295
0.026496550996 -0.999634535877 0.002552353785 -0.000086094065 -0.000033971887 0.003767041070 0.000015556790 0.000015741721 0.001984647837 0.000025636492 0.002007339679 0.000206607592 -0.000041475881
0.013117114266 0.003252302674 0.994885998933 -0.038277658900 -0.027450927223 0.068751275181 0.000774424327 0.000354845146 0.055268205612 -0.000038029411 -0.004272638391 -0.000429277778 0.000034472364
0.000127262313 0.000030332044 0.002261118623 -0.541306118928 0.838844072814 0.000652655210 -0.036348431630 -0.044446095953 0.000989365357 0.000263766078 0.000453127890 -0.004954949474 -0.000531216527
-0.000106386556 0.000024154036 0.047203955170 0.837965360740 0.540612647412 -0.000507094278 0.044451598059 -0.036360289427 -0.000589797249 0.000002316125 -0.000180768158 0.000532491469 -0.004985771727
-0.030153835411 -0.004430603335 0.069175849532 -0.003468580176 -0.001642417459 -0.996864262668 0.000312077583 -0.000236963860 -0.002763569501 -0.000118740864 -0.022727410458 -0.002600833125 0.001275366068
-0.000004114003 -0.000003197943 0.001275179243 0.046453670749 -0.034087640711 -0.000172027713 -0.861481498210 -0.493186230651 0.007887335370 0.003811869561 0.012297420061 -0.101613181447 0.027243312353
-0.000073985402 0.000045824950 0.001220340331 0.034081215243 0.046464712734 -0.000378112048 -0.492875336176 0.861251293494 0.026377109748 -0.000760562056 -0.004508167838 0.027471853530 0.102599304200
0.002626302523 -0.001348040501 0.055022821775 -0.001871215644 -0.000023168596 0.002139663171 -0.019861140564 0.019197039227 -0.980214181198 0.000948341615 0.186878522344 0.021080991097 -0.001993080524
0.000170222461 0.002256098913 -0.004582257990 0.000237334388 0.000112519620 -0.023408809651 -0.002983751913 0.000179196701 0.187790948218 -0.015374338432 0.969953654467 0.139978353907 -0.059254247263
-0.000009399041 0.000090422319 -0.000207888789 -0.000839850961 -0.000723714905 -0.000081495696 0.072208117853 -0.077628092252 0.006359328019 0.066307154797 0.054829570088 0.039442923872 0.989828002202
-0.000009708234 0.000089056124 -0.000174166385 -0.000682681353 0.000887455091 -0.000638223074 0.077431223995 0.071816437475 0.005617927798 -0.070305058635 0.141780728705 -0.981060838646 0.035897061195
-0.000007894375 0.000061682336 -0.000080084044 0.000000935339 0.000053918176 -0.000519413840 0.003564533721 0.012789179716 0.003799758894 0.995192491791 0.021115663298 -0.069381149500 -0.064352925146

State 1 :
Natural orbital occupations
13
1.737463075931 0.239994952572 0.005836845335 0.005827544464 0.005382201541 0.004576613640 0.000156282511 0.000154922238 0.000145319594 0.000145072093 0.000143708210 0.000113250374 0.000060211497
Natural orbitals (in MO basis)
13 13
-0.618477680088 0.765710146133 0.000362683226 0.000929641746 0.113176050743 0.133923611774 0.000131644264 -0.000312400173 0.000673833238 -0.001500069885 -0.009950398374 0.000057343977 -0.018059634987
0.747899598357 0.512172761117 0.000022430370 0.001283308800 0.159526042041 0.390966270015 0.000063400530 -0.000182240575 0.000505168497 -0.000785945167 -0.002807411076 0.000139621472 0.003407726052
0.055156011636 0.183015417346 0.001077484820 0.002592242196 -0.863290263890 0.003160752860 -0.007264677128 0.000739866882 -0.001577803049 0.003894380696 0.032631115323 -0.000015489809 0.465874931808
0.000573267717 0.001913773764 0.119999129551 -0.842288260392 -0.002892522785 0.000259202305 0.514851255608 0.100943994709 0.015131052667 0.024597670991 -0.002201721279 -0.000875464480 0.006095622765
-0.000606405385 -0.001774466761 0.842528316713 0.120033552886 0.001214326489 0.002228456753 0.100854327004 -0.514497197217 0.024673450153 -0.014887364971 0.003266629045 -0.000618038811 0.002756413493
-0.234526487317 -0.341817560221 -0.002744297582 -0.000320992336 -0.010857590761 0.899799341981 -0.000745433425 0.001313188835 -0.000966287110 0.002485493855 0.015338715660 -0.000240155439 0.134718148591
0.000014153978 0.000060738728 -0.114577027745 -0.504480861285 0.003640066780 -0.000204758032 -0.701036153814 -0.438317246548 -0.041161442039 -0.215378115156 0.026459743002 0.001286143573 -0.000634719692
0.000247488780 0.000805689276 -0.503992199821 0.114610080007 -0.011246601069 0.002141526277 0.438060468549 -0.701144329417 0.217642127348 -0.039702964556 0.010927973208 -0.002458101569 -0.012425010797
-0.009258038730 -0.027471861892 -0.011022111397 0.005390255990 0.455211493833 -0.137387465487 0.005941598871 -0.010218889560 -0.007521611599 0.033972820305 0.264498505518 -0.000216772966 0.837619401674
0.000273886852 0.016459687355 -0.002987552841 -0.003731543174 -0.094642089891 0.025940046788 -0.003194495207 -0.009972152077 -0.066990863577 0.168991650643 0.945562130983 -0.019213006470 -0.249927303454
-0.000316320987 0.000013617776 0.091839588591 0.000430969738 -0.003808525696 0.001342236195 -0.065411231440 0.191865206169 0.886052830097 -0.380397133358 0.130585024766 0.058998687341 -0.011537781205
-0.000180727715 0.000199674545 -0.000427293436 0.091514758516 -0.003503025527 0.000956741098 0.190872130983 0.065677256094 -0.390253403047 -0.879470009608 0.127063453671 -0.094370008354 -0.007063911219
-0.000119611393 0.000137009474 -0.006023493035 0.008864132225 -0.001916687964 0.000644835962 0.024459491571 -0.006747828710 -0.090355370730 -0.057473853975 0.022654186526 0.993597174046 -0.004618315438

