Number of strings: 13 13, CI size = 169
String addressing array alpha: 1 13
0 1 2 3 4 5 6 7 8 9 10 11 12

Alpha strings 13 1
1
2
3
4
5
6
7
8
9
10
11
12
13

Is hamiltonian hermitian? 1
Implicit Hamiltonian constructed
E(core)= 0.000000000000
H(1,1) + E(core) energy = -0.819132010100
Davidson: iter=0 dim=0 root=0 eigenvalue=-0.819132010100
Davidson: iter=1 dim=1 root=0 eigenvalue=-0.851782772775
Davidson: iter=2 dim=2 root=0 eigenvalue=-0.854674907694
Davidson: iter=3 dim=3 root=0 eigenvalue=-0.855142104209
Davidson: iter=4 dim=4 root=0 eigenvalue=-0.855186086440
Davidson: iter=5 dim=5 root=0 eigenvalue=-0.855190347175
Davidson: iter=6 dim=6 root=0 eigenvalue=-0.855190853233
Davidson: iter=7 dim=7 root=0 eigenvalue=-0.855190876770
Davidson: iter=8 dim=8 root=0 eigenvalue=-0.855190879232
Davidson: iter=9 dim=9 root=0 eigenvalue=-0.855190879489
Davidson: iter=10 dim=10 root=0 eigenvalue=-0.855190879506
Davidson: iter=11 dim=11 root=0 eigenvalue=-0.855190879507
Davidson: iter=11 dim=11 root=1 eigenvalue=-0.507759072025
root no. 0 converged
Davidson: iter=12 dim=12 root=0 eigenvalue=-0.855190879507
Davidson: iter=12 dim=12 root=1 eigenvalue=-0.518974685395
Davidson: iter=13 dim=13 root=0 eigenvalue=-0.855190879507
Davidson: iter=13 dim=13 root=1 eigenvalue=-0.519956621884
Davidson: iter=14 dim=14 root=0 eigenvalue=-0.855190879507
Davidson: iter=14 dim=14 root=1 eigenvalue=-0.520033772995
Davidson: iter=15 dim=15 root=0 eigenvalue=-0.855190879507
Davidson: iter=15 dim=15 root=1 eigenvalue=-0.520047063577
Davidson: iter=16 dim=16 root=0 eigenvalue=-0.855190879507
Davidson: iter=16 dim=16 root=1 eigenvalue=-0.520050083043
Davidson: iter=17 dim=17 root=0 eigenvalue=-0.855190879507
Davidson: iter=17 dim=17 root=1 eigenvalue=-0.520050568851
Davidson: iter=18 dim=18 root=0 eigenvalue=-0.855190879507
Davidson: iter=18 dim=18 root=1 eigenvalue=-0.520050709615
Davidson: iter=19 dim=19 root=0 eigenvalue=-0.855190879507
Davidson: iter=19 dim=19 root=1 eigenvalue=-0.520050733358
Davidson: iter=20 dim=20 root=0 eigenvalue=-0.855190879507
Davidson: iter=20 dim=20 root=1 eigenvalue=-0.520050750455
Davidson: iter=21 dim=21 root=0 eigenvalue=-0.855190879507
Davidson: iter=21 dim=21 root=1 eigenvalue=-0.520050768323
Davidson: iter=22 dim=22 root=0 eigenvalue=-0.855190879507
Davidson: iter=22 dim=22 root=1 eigenvalue=-0.520050778982
Davidson: iter=23 dim=23 root=0 eigenvalue=-0.855190879507
Davidson: iter=23 dim=23 root=1 eigenvalue=-0.520050780112
Davidson: iter=24 dim=24 root=0 eigenvalue=-0.855190879507
Davidson: iter=24 dim=24 root=1 eigenvalue=-0.520050780148
Davidson: iter=25 dim=25 root=0 eigenvalue=-0.855190879507
Davidson: iter=25 dim=25 root=1 eigenvalue=-0.520050780151
Davidson: iter=26 dim=26 root=0 eigenvalue=-0.855190879507
Davidson: iter=26 dim=26 root=1 eigenvalue=-0.520050780152
Davidson: iter=27 dim=27 root=0 eigenvalue=-0.855190879507
Davidson: iter=27 dim=27 root=1 eigenvalue=-0.520050780153
Davidson: iter=28 dim=28 root=0 eigenvalue=-0.855190879507
Davidson: iter=28 dim=28 root=1 eigenvalue=-0.520050780153
Davidson: iter=29 dim=29 root=0 eigenvalue=-0.855190879507
Davidson: iter=29 dim=29 root=1 eigenvalue=-0.520050780153
root no. 1 converged
Davidson converged in 29 iterations.
E(core)= 0.000000000000
E(0)= -0.855190879507
E(1)= -0.520050780153
FCI Excitation energies = 2
0.000000000000 0.335140099354

Vacuum coefficients in CI state 0 = 0.983223985004
Vacuum coefficients in CI state 1 = 0.036702770562
Eigenvector 0 in string basis
0: 0.983223985004 seniority 0 ... 1
1
 | 1
1

14: -0.134675347274 seniority 0 ... 1
2
 | 1
2

28: -0.067380190504 seniority 0 ... 1
3
 | 1
3

42: -0.069446941459 seniority 0 ... 1
4
 | 1
4

56: -0.069418988531 seniority 0 ... 1
5
 | 1
5

Eigenvector 1 in string basis
1: -0.625950564968 seniority 2 ... 1
1
 | 1
2

5: -0.241820890388 seniority 2 ... 1
1
 | 1
6

13: -0.625950357124 seniority 2 ... 1
2
 | 1
1

14: 0.249856880703 seniority 0 ... 1
2
 | 1
2

18: 0.101156419554 seniority 2 ... 1
2
 | 1
6

65: -0.241820860436 seniority 2 ... 1
6
 | 1
1

66: 0.101156412789 seniority 2 ... 1
6
 | 1
2

Seniority vectors for all roots (nroots/seniority)
2 2
0.999861386802 0.000138613198
0.065247577930 0.934752422070

Calculating transition densities
Root 0 MO occupations numbers (density matrix diagonal)
13
1.933585057180 0.036278006738 0.009121900934 0.009648140789 0.009640361377 0.000387100824 0.000262146490 0.000262185535 0.000192929880 0.000164930962 0.000169811378 0.000143781665 0.000143646246
Root 1 MO occupations numbers (density matrix diagonal)
13
0.905315291931 0.932018298660 0.007229846528 0.003604634480 0.003608875924 0.137987450476 0.003455207322 0.003450561795 0.003065278756 0.000034375203 0.000033451116 0.000097927917 0.000098799893
Transition densities done:
Trandens between roots 0 0
13 13
1.933585057180 0.000398596654 -0.007704417272 -0.000125881846 -0.000167817607 0.012518114318 0.000002345143 0.000008233802 -0.003832908088 0.000007960902 -0.000052003608 -0.000052073393 -0.000082900115
0.000398596654 0.036278006738 0.000421214786 0.000004103800 0.000012733798 0.000103955289 0.000001281267 -0.000000754134 0.000159376987 -0.000000022933 0.000002216136 0.000004500720 0.000007355801
-0.007704417272 0.000421214786 0.009121900934 -0.000010600070 -0.000006543077 0.000077134632 -0.000003314473 -0.000005392115 0.000202844161 -0.000000101170 0.000001704702 0.000002228756 0.000003291902
-0.000125881846 0.000004103800 -0.000010600070 0.009648140789 -0.000002849360 0.000000238729 -0.000069112963 0.000155031761 0.000001389989 0.000000354749 -0.000001010023 -0.000012538464 0.000042337420
-0.000167817607 0.000012733798 -0.000006543077 -0.000002849360 0.009640361377 0.000002633484 0.000154418551 0.000068329071 0.000006339616 -0.000000271526 0.000001264908 -0.000041570206 -0.000012241978
0.012518114318 0.000103955289 0.000077134632 0.000000238729 0.000002633484 0.000387100824 0.000000060804 -0.000000044413 -0.000010229065 0.000000096852 -0.000000595355 -0.000000620292 -0.000000891892
0.000002345143 0.000001281267 -0.000003314473 -0.000069112963 0.000154418551 0.000000060804 0.000262146490 -0.000000072772 -0.000000089847 0.000000138360 0.000000150492 0.000006956011 0.000005908225
0.000008233802 -0.000000754134 -0.000005392115 0.000155031761 0.000068329071 -0.000000044413 -0.000000072772 0.000262185535 -0.000000038826 -0.000000010668 0.000000027188 0.000006011781 -0.000006893085
-0.003832908088 0.000159376987 0.000202844161 0.000001389989 0.000006339616 -0.000010229065 -0.000000089847 -0.000000038826 0.000192929880 -0.000000003807 -0.000000255950 -0.000000837190 -0.000001100443
0.000007960902 -0.000000022933 -0.000000101170 0.000000354749 -0.000000271526 0.000000096852 0.000000138360 -0.000000010668 -0.000000003807 0.000164930962 0.000001547816 -0.000000144051 -0.000000214435
-0.000052003608 0.000002216136 0.000001704702 -0.000001010023 0.000001264908 -0.000000595355 0.000000150492 0.000000027188 -0.000000255950 0.000001547816 0.000169811378 -0.000000084699 0.000000118469
-0.000052073393 0.000004500720 0.000002228756 -0.000012538464 -0.000041570206 -0.000000620292 0.000006956011 0.000006011781 -0.000000837190 -0.000000144051 -0.000000084699 0.000143781665 0.000000021663
-0.000082900115 0.000007355801 0.000003291902 0.000042337420 -0.000012241978 -0.000000891892 0.000005908225 -0.000006893085 -0.000001100443 -0.000000214435 0.000000118469 0.000000021663 0.000143646246

Trandens between roots 0 1
13 13
0.069007133290 -1.229822685030 -0.029732899476 -0.004127431214 0.005312650106 -0.475695398334 0.002603577822 -0.000258015031 -0.054703769681 0.000016029270 -0.000444907189 -0.001236131421 -0.001561759052
0.168842150860 -0.067741802492 -0.010473333078 -0.000324841746 0.000020158927 -0.027391417490 0.000124831525 -0.000012883101 -0.001069692837 0.000004212903 -0.000066187154 -0.000132573569 -0.000200176356
0.003521007297 -0.000683002469 0.004142174774 0.000045890892 0.000178814596 -0.000265819349 0.000095909005 0.000131764754 -0.003212758624 0.000001041984 -0.000006751946 -0.000039050149 -0.000031583615
0.000304013272 -0.000085312475 0.000029473953 -0.001514047047 -0.000000686474 0.000001989422 0.002314832479 -0.005191922096 -0.000044116042 0.000018411407 -0.000021272386 0.000110023831 -0.000359772097
-0.000332075069 0.000106432835 0.000204815356 0.000000277115 -0.001500556931 -0.000011458070 -0.005191421931 -0.002311869846 -0.000088187913 -0.000019928161 -0.000021312792 0.000359067294 0.000105119389
0.006882183145 -0.010786748792 -0.000568689332 -0.000033054959 0.000027336239 -0.003081952391 0.000017819802 -0.000001371907 -0.000495347059 0.000000204205 -0.000004347035 -0.000011226348 -0.000014822036
-0.000031434974 0.000009027599 0.000018704003 0.000389082453 -0.000872591987 -0.000000781279 0.000060239761 0.000000153099 0.000000524855 -0.000000406321 -0.000000205114 -0.000001045219 -0.000000886082
0.000000037471 -0.000004400914 0.000021230282 -0.000872846393 -0.000388674337 -0.000001104252 0.000000359301 0.000059934355 0.000000137684 0.000000167223 -0.000000345244 -0.000000898541 0.000001038374
0.001246943668 0.001970404111 -0.000404781450 0.000000409256 -0.000021046260 0.000732448005 -0.000004927209 0.000000818281 0.000206664482 -0.000000048909 0.000001013462 0.000001987335 0.000002818978
0.000000572526 -0.000004988518 -0.000000049815 0.000002497123 -0.000002847646 -0.000001886504 0.000000224816 -0.000000088553 -0.000000247964 0.000075208099 0.000000004437 0.000000228723 0.000000282920
0.000008536403 0.000025703714 0.000000448557 -0.000002550419 -0.000003382521 0.000010247108 -0.000000879075 0.000000308605 0.000001428725 0.000000003673 0.000074996660 0.000000234370 0.000000097696
0.000024862562 0.000018062880 -0.000003680129 0.000009503862 0.000030427920 0.000008067983 0.000014121870 0.000012229320 0.000001589347 0.000000295205 0.000000287609 0.000106081576 0.000000086324
0.000037919195 0.000027949206 -0.000002178402 -0.000030737560 0.000008767365 0.000012464091 0.000012204110 -0.000014503635 0.000002014232 0.000000402377 -0.000000047418 0.000000100935 0.000105925864

Trandens between roots 1 0
13 13
0.069007133290 0.168842150860 0.003521007297 0.000304013272 -0.000332075069 0.006882183145 -0.000031434974 0.000000037471 0.001246943668 0.000000572526 0.000008536403 0.000024862562 0.000037919195
-1.229822685030 -0.067741802492 -0.000683002469 -0.000085312475 0.000106432835 -0.010786748792 0.000009027599 -0.000004400914 0.001970404111 -0.000004988518 0.000025703714 0.000018062880 0.000027949206
-0.029732899476 -0.010473333078 0.004142174774 0.000029473953 0.000204815356 -0.000568689332 0.000018704003 0.000021230282 -0.000404781450 -0.000000049815 0.000000448557 -0.000003680129 -0.000002178402
-0.004127431214 -0.000324841746 0.000045890892 -0.001514047047 0.000000277115 -0.000033054959 0.000389082453 -0.000872846393 0.000000409256 0.000002497123 -0.000002550419 0.000009503862 -0.000030737560
0.005312650106 0.000020158927 0.000178814596 -0.000000686474 -0.001500556931 0.000027336239 -0.000872591987 -0.000388674337 -0.000021046260 -0.000002847646 -0.000003382521 0.000030427920 0.000008767365
-0.475695398334 -0.027391417490 -0.000265819349 0.000001989422 -0.000011458070 -0.003081952391 -0.000000781279 -0.000001104252 0.000732448005 -0.000001886504 0.000010247108 0.000008067983 0.000012464091
0.002603577822 0.000124831525 0.000095909005 0.002314832479 -0.005191421931 0.000017819802 0.000060239761 0.000000359301 -0.000004927209 0.000000224816 -0.000000879075 0.000014121870 0.000012204110
-0.000258015031 -0.000012883101 0.000131764754 -0.005191922096 -0.002311869846 -0.000001371907 0.000000153099 0.000059934355 0.000000818281 -0.000000088553 0.000000308605 0.000012229320 -0.000014503635
-0.054703769681 -0.001069692837 -0.003212758624 -0.000044116042 -0.000088187913 -0.000495347059 0.000000524855 0.000000137684 0.000206664482 -0.000000247964 0.000001428725 0.000001589347 0.000002014232
0.000016029270 0.000004212903 0.000001041984 0.000018411407 -0.000019928161 0.000000204205 -0.000000406321 0.000000167223 -0.000000048909 0.000075208099 0.000000003673 0.000000295205 0.000000402377
-0.000444907189 -0.000066187154 -0.000006751946 -0.000021272386 -0.000021312792 -0.000004347035 -0.000000205114 -0.000000345244 0.000001013462 0.000000004437 0.000074996660 0.000000287609 -0.000000047418
-0.001236131421 -0.000132573569 -0.000039050149 0.000110023831 0.000359067294 -0.000011226348 -0.000001045219 -0.000000898541 0.000001987335 0.000000228723 0.000000234370 0.000106081576 0.000000100935
-0.001561759052 -0.000200176356 -0.000031583615 -0.000359772097 0.000105119389 -0.000014822036 -0.000000886082 0.000001038374 0.000002818978 0.000000282920 0.000000097696 0.000000086324 0.000105925864

Trandens between roots 1 1
13 13
0.905315291931 -0.409077448802 -0.057862020820 -0.001878473285 0.000265748581 -0.142536006646 0.000968252424 -0.000103554211 -0.008970930222 0.000022977931 -0.000343447620 -0.000714700453 -0.001063722127
-0.409077448802 0.932018298660 0.039543801212 0.003306753554 -0.003481776896 0.353456053454 -0.001992491042 0.000200309995 0.039360972443 -0.000019471897 0.000418126006 0.001067634839 0.001411696374
-0.057862020820 0.039543801212 0.007229846528 0.000148635559 -0.000071722467 0.014366937802 -0.000123583173 0.000012470272 -0.000770577147 -0.000001252838 0.000020835567 0.000040708041 0.000062710776
-0.001878473285 0.003306753554 0.000148635559 0.003604634480 -0.000010466754 0.001258280752 -0.000133963250 0.000287908835 0.000117981042 -0.000001992475 0.000003112205 0.000008135102 -0.000009683774
0.000265748581 -0.003481776896 -0.000071722467 -0.000010466754 0.003608875924 -0.001356506275 0.000288160075 0.000126489367 -0.000222529527 0.000002064106 0.000000636281 0.000010959317 -0.000000654253
-0.142536006646 0.353456053454 0.014366937802 0.001258280752 -0.001356506275 0.137987450476 -0.000737308634 0.000072477021 0.014863763666 -0.000007238072 0.000160068685 0.000408161394 0.000539151153
0.000968252424 -0.001992491042 -0.000123583173 -0.000133963250 0.000288160075 -0.000737308634 0.003455207322 0.000000924956 -0.000077442109 0.000015128313 0.000005446032 -0.000180700224 -0.000155598375
-0.000103554211 0.000200309995 0.000012470272 0.000287908835 0.000126489367 0.000072477021 0.000000924956 0.003450561795 0.000008966472 -0.000005076366 0.000016636885 -0.000155367416 0.000179455644
-0.008970930222 0.039360972443 -0.000770577147 0.000117981042 -0.000222529527 0.014863763666 -0.000077442109 0.000008966472 0.003065278756 -0.000000965141 0.000019122710 0.000053203435 0.000068435960
0.000022977931 -0.000019471897 -0.000001252838 -0.000001992475 0.000002064106 -0.000007238072 0.000015128313 -0.000005076366 -0.000000965141 0.000034375203 -0.000000314162 -0.000000229576 -0.000000506609
-0.000343447620 0.000418126006 0.000020835567 0.000003112205 0.000000636281 0.000160068685 0.000005446032 0.000016636885 0.000019122710 -0.000000314162 0.000033451116 -0.000000232029 0.000001326576
-0.000714700453 0.001067634839 0.000040708041 0.000008135102 0.000010959317 0.000408161394 -0.000180700224 -0.000155367416 0.000053203435 -0.000000229576 -0.000000232029 0.000097927917 0.000001820787
-0.001063722127 0.001411696374 0.000062710776 -0.000009683774 -0.000000654253 0.000539151153 -0.000155598375 0.000179455644 0.000068435960 -0.000000506609 0.000001326576 0.000001820787 0.000098799893

State 0 :
Natural orbital occupations
13
1.933704663385 0.036285540169 0.009652469614 0.009642838160 0.009089816256 0.000305017406 0.000260007646 0.000259904611 0.000179760939 0.000170245919 0.000164483204 0.000142702032 0.000142550659
Natural orbitals (in MO basis)
13 13
0.999969032389 -0.000156509936 -0.000023087970 -0.000027203480 -0.003954294872 0.006328540783 -0.000003100030 -0.000012814698 0.002488639641 -0.000102218876 0.000027054426 -0.000066185903 0.000112049268
0.000209364299 0.999863952158 0.000236469930 0.000208935521 0.015725190553 0.003023224204 0.000040254751 -0.000024987656 -0.003910715489 0.000207953598 -0.000057257267 0.000202420526 -0.000358927083
-0.004002941535 0.015590615935 -0.015117733861 0.018676834116 -0.999260553499 0.016209956722 0.000219736949 0.000637755320 -0.019392745692 0.000907529896 -0.000243013070 0.000716780292 -0.001092074313
-0.000065401661 0.000148831536 0.954979587390 -0.295410360884 -0.019967504571 0.000112591917 -0.017235887503 -0.003633445198 0.000062510744 -0.000068659701 0.000018977032 -0.002188448930 -0.005734978101
-0.000087199163 0.000476204070 -0.295697825376 -0.955007388705 -0.013360664970 0.000465257134 0.003660598757 -0.017151309261 -0.000849884023 0.000150969991 -0.000034867754 -0.005651580454 0.002114548654
0.006474600971 0.002873085515 -0.000214008195 -0.000158167156 -0.014336894660 -0.995594843069 0.000300182142 0.001390304692 -0.092366069281 0.001241415890 0.000214788008 -0.000065222253 0.000103434873
0.000001215339 0.000035925552 -0.011883071229 -0.013547378088 0.000298783776 0.000324827698 -0.584498323092 0.806745520450 0.006655185389 0.001212526654 -0.000026525540 0.060245189954 -0.059356510136
0.000004261207 -0.000021784218 0.013620231359 -0.011846181052 0.000151631797 0.001208600138 0.806790799099 0.584422859167 -0.001620156977 -0.000090831311 0.000241639738 0.060417342821 0.059651105628
-0.001982731590 0.004518685264 -0.000368928717 -0.000268717079 -0.020793425781 -0.091946825429 0.002488212866 -0.001909036599 0.993866373257 -0.036963286809 0.008741224703 -0.022613504533 0.036804741496
0.000004117662 -0.000000706767 0.000043992806 0.000015811166 0.000007213576 -0.000320115515 -0.000847551565 0.001021141788 -0.002512844841 -0.279657860435 -0.960017745718 -0.005815155383 0.010743033978
-0.000026899823 0.000062248598 -0.000143758476 -0.000092734623 -0.000162085649 0.002379577247 -0.000621698567 0.001285518817 -0.037851882405 -0.959366235815 0.279545105244 -0.003713549999 -0.004079542200
-0.000026933538 0.000124949540 0.000030139352 0.004556526637 -0.000124676139 0.002502000231 0.007273142016 0.085136481698 -0.024771440568 0.006139366481 0.005201004654 -0.993258327402 0.073697724983
-0.000042881764 0.000205091822 0.004610629659 -0.000078777417 -0.000390270989 0.003304013024 -0.084139802212 0.006878727365 -0.034644328198 0.000076731536 0.010808918206 0.074578057730 0.992956114436

State 1 :
Natural orbital occupations
13
1.430862005377 0.546959651471 0.004525367903 0.003849400393 0.003843065166 0.003245526129 0.003213558968 0.003193840637 0.000081350985 0.000079517948 0.000079303573 0.000034367437 0.000033044014
Natural orbitals (in MO basis)
13 13
0.638447356941 0.767345981017 0.050771313731 0.000071355637 -0.000102392807 -0.018810181485 0.002805520199 0.016466627353 0.018791125808 -0.000959021100 -0.000620844081 -0.000123122475 0.000324860064
-0.719387881062 0.591091549894 -0.040224060312 -0.000218782114 0.003670911998 -0.275564856097 0.041139270951 0.222929902432 -0.064295419492 -0.000470193949 -0.000247461106 -0.000040688109 0.000043201703
-0.048621157055 -0.032522968319 0.837494379771 -0.017378335114 -0.016054003023 -0.093216575333 0.032593304041 0.110057190404 0.522229691502 -0.004652403840 -0.002843303173 -0.000638469204 0.001854674351
-0.002750657588 0.001508126810 0.000419820590 0.687945408314 -0.355469461132 0.207611966759 -0.489640273319 0.342570345609 0.006478967420 -0.001800930523 -0.010608255780 0.000192407137 -0.000020006967
0.002135361490 -0.004032026463 0.033536240907 0.355162573881 0.687611357232 -0.353130543436 -0.392744882299 -0.347346311085 0.013886657908 0.010440987543 -0.001891358772 -0.000119245179 -0.000207389373
-0.267911860765 0.243632887840 0.129400779063 -0.000605752226 0.005977266450 0.709481817151 -0.106970249034 -0.579468428951 0.038363950080 0.004086200846 0.002232436007 0.000388702369 -0.001107606180
0.001582244382 -0.001130978612 -0.016668247144 0.036395791181 0.630773286489 0.489103177975 0.195752736353 0.563895638505 0.002960930735 -0.068225688122 -0.017436752234 -0.004610508595 -0.003262207053
-0.000161894442 0.000103849580 0.005484284532 0.630555110244 -0.036333948108 -0.057753402004 0.741400373583 -0.207223364377 -0.001613577570 -0.018067807254 0.068849313104 0.002842981001 -0.004596836576
-0.026606766896 0.036826443052 -0.525537661310 0.000770050370 -0.000769470503 0.007343294971 -0.001129005911 -0.024108263047 0.849150402543 0.006980677984 0.001792505070 0.000102783178 0.000328487077
0.000021483681 0.000007925995 0.000058638895 -0.000855858015 0.003092064086 0.002016676008 -0.000203242129 0.002636203122 -0.000003494743 -0.011705687960 -0.005987051910 0.971113099336 0.238212353146
-0.000394510527 0.000041376993 -0.001363623401 0.003285304259 0.001131685378 0.001587443700 0.003602749316 -0.000933705022 -0.001210743825 -0.004803009041 0.003732878992 -0.238260773671 0.971165728497
-0.000934710563 0.000334419274 -0.004011261358 -0.025644993884 -0.026167534657 -0.024214099815 -0.051118245007 -0.025156325565 0.003327660963 -0.894608350447 0.440888389906 -0.006106610150 -0.007296800918
-0.001289000863 0.000274691214 -0.004727661222 0.026344824790 -0.025176785779 -0.025461563270 0.034315790715 -0.044601318998 0.001488912576 -0.440833468518 -0.894645482856 -0.010192382330 -0.001435643832

