Number of strings: 13 13, CI size = 169
String addressing array alpha: 1 13
0 1 2 3 4 5 6 7 8 9 10 11 12

Alpha strings 13 1
1
2
3
4
5
6
7
8
9
10
11
12
13

Is hamiltonian hermitian? 1
Implicit Hamiltonian constructed
E(core)= 0.000000000000
H(1,1) + E(core) energy = -0.613182929300
Davidson: iter=0 dim=0 root=0 eigenvalue=-0.613182929300
Davidson: iter=1 dim=1 root=0 eigenvalue=-0.653975756581
Davidson: iter=2 dim=2 root=0 eigenvalue=-0.658191863688
Davidson: iter=3 dim=3 root=0 eigenvalue=-0.660104068424
Davidson: iter=4 dim=4 root=0 eigenvalue=-0.660445484462
Davidson: iter=5 dim=5 root=0 eigenvalue=-0.660479270689
Davidson: iter=6 dim=6 root=0 eigenvalue=-0.660483776103
Davidson: iter=7 dim=7 root=0 eigenvalue=-0.660484113640
Davidson: iter=8 dim=8 root=0 eigenvalue=-0.660484139282
Davidson: iter=9 dim=9 root=0 eigenvalue=-0.660484140588
Davidson: iter=10 dim=10 root=0 eigenvalue=-0.660484140692
Davidson: iter=11 dim=11 root=0 eigenvalue=-0.660484140702
Davidson: iter=12 dim=12 root=0 eigenvalue=-0.660484140703
Davidson: iter=12 dim=12 root=1 eigenvalue=-0.532563799074
root no. 0 converged
Davidson: iter=13 dim=13 root=0 eigenvalue=-0.660484140703
Davidson: iter=13 dim=13 root=1 eigenvalue=-0.533784421920
Davidson: iter=14 dim=14 root=0 eigenvalue=-0.660484140703
Davidson: iter=14 dim=14 root=1 eigenvalue=-0.533920396539
Davidson: iter=15 dim=15 root=0 eigenvalue=-0.660484140703
Davidson: iter=15 dim=15 root=1 eigenvalue=-0.533923755961
Davidson: iter=16 dim=16 root=0 eigenvalue=-0.660484140703
Davidson: iter=16 dim=16 root=1 eigenvalue=-0.533924310731
Davidson: iter=17 dim=17 root=0 eigenvalue=-0.660484140703
Davidson: iter=17 dim=17 root=1 eigenvalue=-0.533924446760
Davidson: iter=18 dim=18 root=0 eigenvalue=-0.660484140703
Davidson: iter=18 dim=18 root=1 eigenvalue=-0.533924462395
Davidson: iter=19 dim=19 root=0 eigenvalue=-0.660484140703
Davidson: iter=19 dim=19 root=1 eigenvalue=-0.533924463004
Davidson: iter=20 dim=20 root=0 eigenvalue=-0.660484140703
Davidson: iter=20 dim=20 root=1 eigenvalue=-0.533924463050
Davidson: iter=21 dim=21 root=0 eigenvalue=-0.660484140703
Davidson: iter=21 dim=21 root=1 eigenvalue=-0.533924463057
Davidson: iter=22 dim=22 root=0 eigenvalue=-0.660484140703
Davidson: iter=22 dim=22 root=1 eigenvalue=-0.533924463058
Davidson: iter=23 dim=23 root=0 eigenvalue=-0.660484140703
Davidson: iter=23 dim=23 root=1 eigenvalue=-0.533924463059
root no. 1 converged
Davidson converged in 23 iterations.
E(core)= 0.000000000000
E(0)= -0.660484140703
E(1)= -0.533924463059
FCI Excitation energies = 2
0.000000000000 0.126559677644

Vacuum coefficients in CI state 0 = -0.940758697500
Vacuum coefficients in CI state 1 = 0.237606598588
Eigenvector 0 in string basis
0: -0.940758697500 seniority 0 ... 1
1
 | 1
1

1: -0.068292297178 seniority 2 ... 1
1
 | 1
2

13: -0.068292297178 seniority 2 ... 1
2
 | 1
1

14: 0.301714101231 seniority 0 ... 1
2
 | 1
2

28: 0.053524715148 seniority 0 ... 1
3
 | 1
3

42: 0.052588289337 seniority 0 ... 1
4
 | 1
4

56: 0.052588457856 seniority 0 ... 1
5
 | 1
5

Eigenvector 1 in string basis
0: 0.237606598588 seniority 0 ... 1
1
 | 1
1

1: -0.547159377874 seniority 2 ... 1
1
 | 1
2

2: -0.066516399048 seniority 2 ... 1
1
 | 1
3

5: -0.219960041428 seniority 2 ... 1
1
 | 1
6

13: -0.547159377876 seniority 2 ... 1
2
 | 1
1

14: 0.446132994822 seniority 0 ... 1
2
 | 1
2

18: 0.115713343424 seniority 2 ... 1
2
 | 1
6

26: -0.066516399048 seniority 2 ... 1
3
 | 1
1

28: -0.052111414192 seniority 0 ... 1
3
 | 1
3

42: -0.050269106316 seniority 0 ... 1
4
 | 1
4

56: -0.050243877211 seniority 0 ... 1
5
 | 1
5

65: -0.219960041429 seniority 2 ... 1
6
 | 1
1

66: 0.115713343424 seniority 2 ... 1
6
 | 1
2

Seniority vectors for all roots (nroots/seniority)
2 2
0.985060549589 0.014939450411
0.265639270885 0.734360729115

Calculating transition densities
Root 0 MO occupations numbers (density matrix diagonal)
13
1.784785255041 0.191444753413 0.006491415969 0.005562796583 0.005562827482 0.005224481672 0.000195298436 0.000195357089 0.000192722608 0.000095826439 0.000081347211 0.000081369232 0.000086548824
Root 1 MO occupations numbers (density matrix diagonal)
13
0.817532371721 1.024188764329 0.015541588149 0.005812615739 0.005807754826 0.127438592521 0.000897738528 0.000897543094 0.000832951181 0.000504314046 0.000194032665 0.000194852521 0.000156880681
Transition densities done:
Trandens between roots 0 0
13 13
1.784785255041 0.087785492351 0.033054660724 -0.000069718120 -0.000037570292 0.090855761409 0.000077603833 0.000019425763 -0.004820375246 0.003491944773 -0.000079590594 -0.000174340957 0.000034402844
0.087785492351 0.191444753413 0.000409205024 0.000009058192 -0.000000734149 0.004076127331 0.000006160620 0.000001762035 -0.000426949391 0.000995718413 -0.000013673474 -0.000028505674 0.000013365120
0.033054660724 0.000409205024 0.006491415969 -0.000007936641 0.000000645403 0.001027187037 0.000012000309 0.000002587135 -0.000552927391 0.000110685448 -0.000001528143 -0.000002771014 0.000001420050
-0.000069718120 0.000009058192 -0.000007936641 0.005562796583 -0.000000847059 -0.000000640207 0.000473535955 -0.000125711339 0.000011543642 -0.000000170167 0.000007794947 0.000033709444 -0.000000960120
-0.000037570292 -0.000000734149 0.000000645403 -0.000000847059 0.005562827482 -0.000001178998 0.000125528210 0.000473713491 0.000004977184 -0.000000241357 0.000033680470 -0.000007591154 0.000001090062
0.090855761409 0.004076127331 0.001027187037 -0.000000640207 -0.000001178998 0.005224481672 0.000002851453 0.000000686014 -0.000183521548 0.000173088760 -0.000003984240 -0.000008532804 0.000001714213
0.000077603833 0.000006160620 0.000012000309 0.000473535955 0.000125528210 0.000002851453 0.000195298436 -0.000000013253 0.000000217769 0.000000567740 0.000006583492 0.000012568742 -0.000000378299
0.000019425763 0.000001762035 0.000002587135 -0.000125711339 0.000473713491 0.000000686014 -0.000000013253 0.000195357089 -0.000000071304 0.000000101038 0.000012572212 -0.000006549556 0.000000546971
-0.004820375246 -0.000426949391 -0.000552927391 0.000011543642 0.000004977184 -0.000183521548 0.000000217769 -0.000000071304 0.000192722608 -0.000027792704 0.000000474829 0.000000743757 -0.000000420491
0.003491944773 0.000995718413 0.000110685448 -0.000000170167 -0.000000241357 0.000173088760 0.000000567740 0.000000101038 -0.000027792704 0.000095826439 -0.000000208229 -0.000000411468 0.000000158058
-0.000079590594 -0.000013673474 -0.000001528143 0.000007794947 0.000033680470 -0.000003984240 0.000006583492 0.000012572212 0.000000474829 -0.000000208229 0.000081347211 0.000000005679 -0.000000064867
-0.000174340957 -0.000028505674 -0.000002771014 0.000033709444 -0.000007591154 -0.000008532804 0.000012568742 -0.000006549556 0.000000743757 -0.000000411468 0.000000005679 0.000081369232 0.000000163571
0.000034402844 0.000013365120 0.000001420050 -0.000000960120 0.000001090062 0.000001714213 -0.000000378299 0.000000546971 -0.000000420491 0.000000158058 -0.000000064867 0.000000163571 0.000086548824

Trandens between roots 0 1
13 13
-0.348508347401 0.956738504047 0.125824630175 0.000047760900 -0.000146026109 0.402587881659 -0.000212073245 -0.000043241218 0.005707807300 0.018513791868 -0.000443625907 -0.001147612536 0.000167134576
-0.360445388464 0.342919213489 0.018593879254 0.000025461093 -0.000023669283 0.100274052459 -0.000051210014 -0.000009930108 0.001584036884 0.005887742929 -0.000104459809 -0.000263235535 0.000067689511
-0.010011615390 0.017482829520 -0.003024419977 -0.000004116979 -0.000006053046 0.006662055012 0.000041518619 0.000007383529 -0.001710309550 0.000798713482 -0.000006934032 -0.000017488537 0.000011557238
-0.000011899172 -0.000015172039 -0.000009134116 -0.005134376940 -0.000000526876 -0.000009891341 0.001848262704 -0.000490242748 0.000040853601 -0.000000712889 0.000109262726 0.000483112138 -0.000016584880
0.000010971624 -0.000020166588 -0.000006010371 -0.000000517631 -0.005131721419 -0.000008572104 0.000489900353 0.001849080695 0.000018677422 -0.000000564267 0.000483339640 -0.000108153278 0.000015671632
-0.024100092988 0.052643836156 0.006621289378 0.000002293750 -0.000007748150 0.019342648674 -0.000017794753 -0.000003569148 0.000626108587 0.000890274022 -0.000022455559 -0.000058731569 0.000007585774
-0.000025268087 0.000046514499 0.000004208560 -0.000052359251 -0.000013919605 0.000016509244 -0.000021540123 0.000000038620 0.000000566692 0.000001682705 0.000020704370 0.000039607540 -0.000001201442
-0.000005388193 0.000011458365 0.000001066487 0.000013872265 -0.000052082454 0.000004330037 0.000000002961 -0.000021411913 0.000000083620 0.000000358679 0.000039676132 -0.000020653966 0.000001780941
0.001535084043 -0.002926479860 -0.000289386497 -0.000001421355 -0.000000040870 -0.001077617283 0.000000875174 0.000000141333 -0.000044983181 -0.000088557882 0.000001823608 0.000003924565 -0.000001180104
-0.002372422770 0.003288757134 0.000333461504 0.000000216844 -0.000000269531 0.001123533091 -0.000000330620 -0.000000124178 0.000006803044 -0.000045722858 -0.000001291540 -0.000003295441 0.000000789678
0.000036181150 -0.000059481122 -0.000006108108 0.000010385233 0.000046605176 -0.000022070325 0.000005889191 0.000011152591 -0.000000167167 -0.000001147758 -0.000106474954 0.000000071992 0.000000092527
0.000074428922 -0.000126564921 -0.000013625243 0.000046516298 -0.000010370290 -0.000048245339 0.000011180705 -0.000005820568 -0.000000576967 -0.000002466204 0.000000044633 -0.000106409740 -0.000000551210
-0.000030544819 0.000038596723 0.000003862380 -0.000001832430 0.000001502209 0.000012437722 -0.000000330975 0.000000500355 -0.000000006187 0.000000863439 0.000000092935 -0.000000549192 -0.000116453657

Trandens between roots 1 0
13 13
-0.348508347401 -0.360445388464 -0.010011615390 -0.000011899172 0.000010971624 -0.024100092988 -0.000025268087 -0.000005388193 0.001535084043 -0.002372422770 0.000036181150 0.000074428922 -0.000030544819
0.956738504047 0.342919213489 0.017482829520 -0.000015172039 -0.000020166588 0.052643836156 0.000046514499 0.000011458365 -0.002926479860 0.003288757134 -0.000059481122 -0.000126564921 0.000038596723
0.125824630175 0.018593879254 -0.003024419977 -0.000009134116 -0.000006010371 0.006621289378 0.000004208560 0.000001066487 -0.000289386497 0.000333461504 -0.000006108108 -0.000013625243 0.000003862380
0.000047760900 0.000025461093 -0.000004116979 -0.005134376940 -0.000000517631 0.000002293750 -0.000052359251 0.000013872265 -0.000001421355 0.000000216844 0.000010385233 0.000046516298 -0.000001832430
-0.000146026109 -0.000023669283 -0.000006053046 -0.000000526876 -0.005131721419 -0.000007748150 -0.000013919605 -0.000052082454 -0.000000040870 -0.000000269531 0.000046605176 -0.000010370290 0.000001502209
0.402587881659 0.100274052459 0.006662055012 -0.000009891341 -0.000008572104 0.019342648674 0.000016509244 0.000004330037 -0.001077617283 0.001123533091 -0.000022070325 -0.000048245339 0.000012437722
-0.000212073245 -0.000051210014 0.000041518619 0.001848262704 0.000489900353 -0.000017794753 -0.000021540123 0.000000002961 0.000000875174 -0.000000330620 0.000005889191 0.000011180705 -0.000000330975
-0.000043241218 -0.000009930108 0.000007383529 -0.000490242748 0.001849080695 -0.000003569148 0.000000038620 -0.000021411913 0.000000141333 -0.000000124178 0.000011152591 -0.000005820568 0.000000500355
0.005707807300 0.001584036884 -0.001710309550 0.000040853601 0.000018677422 0.000626108587 0.000000566692 0.000000083620 -0.000044983181 0.000006803044 -0.000000167167 -0.000000576967 -0.000000006187
0.018513791868 0.005887742929 0.000798713482 -0.000000712889 -0.000000564267 0.000890274022 0.000001682705 0.000000358679 -0.000088557882 -0.000045722858 -0.000001147758 -0.000002466204 0.000000863439
-0.000443625907 -0.000104459809 -0.000006934032 0.000109262726 0.000483339640 -0.000022455559 0.000020704370 0.000039676132 0.000001823608 -0.000001291540 -0.000106474954 0.000000044633 0.000000092935
-0.001147612536 -0.000263235535 -0.000017488537 0.000483112138 -0.000108153278 -0.000058731569 0.000039607540 -0.000020653966 0.000003924565 -0.000003295441 0.000000071992 -0.000106409740 -0.000000549192
0.000167134576 0.000067689511 0.000011557238 -0.000016584880 0.000015671632 0.000007585774 -0.000001201442 0.000001780941 -0.000001180104 0.000000789678 0.000000092527 -0.000000551210 -0.000116453657

Trandens between roots 1 1
13 13
0.817532371721 -0.801308275698 -0.036858677564 -0.000048534071 0.000055883219 -0.211109253420 0.000107793248 0.000025822964 -0.003616765682 -0.013300195262 0.000235249439 0.000597773412 -0.000152919831
-0.801308275698 1.024188764329 0.082414068958 0.000063822006 -0.000103231058 0.333797902040 -0.000188739757 -0.000039429221 0.005810636670 0.017955540779 -0.000367042598 -0.000940740318 0.000187124377
-0.036858677564 0.082414068958 0.015541588149 0.000021535442 -0.000005551568 0.034416823321 -0.000071479492 -0.000012040521 0.002440615501 0.001114579445 -0.000037858858 -0.000097929153 0.000006416154
-0.000048534071 0.000063822006 0.000021535442 0.005812615739 0.000001913251 0.000018903515 -0.002177840959 0.000577047645 -0.000043486338 0.000000539676 -0.000115575852 -0.000510292628 0.000016897932
0.000055883219 -0.000103231058 -0.000005551568 0.000001913251 0.005807754826 -0.000039378031 -0.000577411106 -0.002177185694 -0.000021920135 -0.000001855706 -0.000510198475 0.000114157155 -0.000016669313
-0.211109253420 0.333797902040 0.034416823321 0.000018903515 -0.000039378031 0.127438592521 -0.000059685753 -0.000012109675 0.001562469601 0.006274953281 -0.000135685299 -0.000347019574 0.000062495211
0.000107793248 -0.000188739757 -0.000071479492 -0.002177840959 -0.000577411106 -0.000059685753 0.000897738528 0.000000095662 -0.000000925454 0.000000097702 0.000069082104 0.000132267581 -0.000003214494
0.000025822964 -0.000039429221 -0.000012040521 0.000577047645 -0.002177185694 -0.000012109675 0.000000095662 0.000897543094 0.000000217562 -0.000000160159 0.000132090715 -0.000068604606 0.000005790319
-0.003616765682 0.005810636670 0.002440615501 -0.000043486338 -0.000021920135 0.001562469601 -0.000000925454 0.000000217562 0.000832951181 -0.000044256370 0.000000007789 -0.000003201301 -0.000001520766
-0.013300195262 0.017955540779 0.001114579445 0.000000539676 -0.000001855706 0.006274953281 0.000000097702 -0.000000160159 -0.000044256370 0.000504314046 -0.000006612311 -0.000016778997 0.000003700957
0.000235249439 -0.000367042598 -0.000037858858 -0.000115575852 -0.000510198475 -0.000135685299 0.000069082104 0.000132090715 0.000000007789 -0.000006612311 0.000194032665 0.000000511941 0.000001040987
0.000597773412 -0.000940740318 -0.000097929153 -0.000510292628 0.000114157155 -0.000347019574 0.000132267581 -0.000068604606 -0.000003201301 -0.000016778997 0.000000511941 0.000194852521 -0.000001218004
-0.000152919831 0.000187124377 0.000006416154 0.000016897932 -0.000016669313 0.000062495211 -0.000003214494 0.000005790319 -0.000001520766 0.000003700957 0.000001040987 -0.000001218004 0.000156880681

State 0 :
Natural orbital occupations
13
1.794860660611 0.186641685592 0.005989478864 0.005608187202 0.005606525707 0.000516319539 0.000152672735 0.000152625887 0.000144586219 0.000086552246 0.000081875449 0.000079420127 0.000079409820
Natural orbitals (in MO basis)
13 13
-0.997034208182 -0.054421055794 0.012671701448 0.000179929799 0.000116188028 0.052858344452 0.000037759223 -0.000046974521 0.002444278080 0.000014354323 -0.000718991747 -0.000082293981 -0.000108977786
-0.054722356843 0.998466610772 -0.006273624536 -0.000051436778 -0.000018064310 -0.002871814117 0.000024741343 -0.000031600325 0.002423124434 -0.000031895093 -0.004048525395 -0.000071189365 -0.000111337872
-0.018470943206 -0.007739851882 -0.988905680885 -0.014519463020 -0.011086569554 -0.122767370218 0.000490248595 0.000112174486 0.078737656503 0.000113897421 0.007681403941 0.000122699828 0.000125575462
0.000038680372 0.000071199879 0.018043188310 -0.670182133466 -0.736446021321 0.000450164107 -0.042796102076 0.079319086288 0.000218818339 -0.000133252685 0.000046835418 -0.004956462951 -0.005453590220
0.000020986430 0.000007229485 -0.003320891966 0.736522921652 -0.670332128717 0.000171490368 0.079313536760 0.042806732365 -0.000560717930 0.000057837414 0.000011958085 0.005461164334 -0.004956733622
-0.050752868529 -0.004859724003 0.122374630826 0.001643557230 0.000938456763 -0.990931940453 -0.000371105480 0.000331589032 -0.018999959133 -0.000244139931 -0.010657550799 0.000490535920 0.000396005205
-0.000043492913 0.000009956790 -0.000419868299 -0.041585974048 -0.080033973590 0.000011651949 0.229607713012 -0.956744025483 -0.024019811443 0.000788426311 -0.005887400017 0.069588561454 0.135393341501
-0.000010889261 0.000003614152 -0.001050643187 0.080031850692 -0.041586763124 0.000165765983 -0.957053149367 -0.229712117656 0.002393464209 -0.001605617900 -0.000431844932 -0.135206404012 0.069689740845
0.002701906853 -0.000852309300 0.080453669890 0.000516638640 -0.001191372565 -0.011196606588 0.007966683052 -0.023023563334 0.972136355439 0.003044524057 0.218440582351 0.001613086062 0.004617869843
-0.001976292816 0.004301795606 -0.008909987710 -0.000151963037 -0.000073264932 -0.007318693214 -0.001254964213 -0.000130939934 -0.218577279655 -0.005477788307 0.975712682619 0.003664517525 0.002883759747
0.000044760661 -0.000049797879 0.000026022434 0.003676070220 -0.005314537513 -0.000056050475 -0.114692216634 -0.100110515243 0.001420893111 -0.014606059959 0.000322147283 0.569764573587 -0.807424724082
0.000097990618 -0.000101367635 0.000061648909 -0.005289221392 -0.003704520866 -0.000759421361 0.099695088923 -0.114836891056 -0.000710335368 0.035414103094 0.004861020661 -0.806740477080 -0.569844354017
-0.000019582884 0.000061397551 -0.000152299522 0.000270241374 -0.000004755019 -0.000208570375 -0.006970334164 0.003069976420 -0.004104925607 0.999244681996 0.004516025886 0.036662032913 0.008400102719

State 1 :
Natural orbital occupations
13
1.823883245872 0.152440249684 0.006735319102 0.006728656483 0.005596308620 0.003965143955 0.000166759366 0.000166608209 0.000156770587 0.000151701470 0.000003215177 0.000003161995 0.000002859479
Natural orbitals (in MO basis)
13 13
0.635709543717 0.725212710722 0.001167893781 -0.000056624602 0.042691041481 0.260440664334 0.000508920860 0.000164155466 -0.000066411537 0.000799144061 0.000832502100 -0.000475260770 -0.016876624937
-0.736505526619 0.471638799304 0.000851064593 -0.000158302183 -0.002268884583 0.484680023598 0.000640646338 0.000238017091 -0.000221092040 -0.013758564213 -0.000120513507 0.000029003488 -0.002449561759
-0.050820600174 0.204070447837 -0.014716876834 -0.000086822042 -0.863414875891 -0.279003918542 -0.001091251301 -0.000204116134 -0.000129990507 -0.035344291445 -0.021343598297 0.011539639539 0.361093214624
-0.000046012907 0.000061409524 -0.871265015284 -0.322044782149 0.014443481615 0.001269563910 -0.042785783253 -0.017440109371 -0.002217329593 0.001263073594 -0.365069831096 -0.033634346474 -0.020631436748
0.000066350000 -0.000185055330 -0.322006536498 0.871324970647 0.004942620871 0.001060865349 -0.017415007691 0.042814085768 -0.000690902331 0.000173787246 -0.032848954568 0.365612731948 -0.013799740434
-0.225107981866 0.457973035526 0.004242385847 0.000739214913 0.324001221400 -0.786936550436 0.000672921288 0.000045745043 -0.000191907041 -0.003697259500 0.006654477829 -0.003884285605 -0.123487221411
0.000123296163 -0.000349714588 0.359128688747 0.034189663941 0.002811610718 0.000042488473 -0.331645956341 -0.042493732873 -0.013115093799 0.002267010638 -0.857609007280 0.145573582734 -0.034537331470
0.000026666315 -0.000048905174 0.034199181222 -0.359298732305 0.001090235177 -0.000349008311 -0.042626004607 0.331556693520 -0.000964420722 -0.002317506177 0.146336421031 0.858098491163 -0.015265535013
-0.003869326018 0.008777076820 0.002672423287 -0.000868233253 -0.372322807501 -0.011529842065 0.001257461871 0.002483527577 0.001527156411 0.318216368880 0.031588956809 -0.020917071568 -0.870882173715
-0.012695355322 0.012662621669 0.001370480073 0.000073007296 0.094014299068 -0.002794608825 0.026009521455 0.006364802355 0.023787617888 0.946588266544 -0.017986855994 0.009767960700 0.305121223562
0.000248076629 -0.000475540738 0.044988076604 -0.069240329594 -0.000902362532 -0.000001067818 0.536586715300 -0.772232950635 0.041096152894 -0.010585675262 -0.100378025701 0.311106041652 -0.015749514228
0.000634009425 -0.001244195515 0.069239023545 0.044815252641 -0.001318966823 -0.000074763736 0.772747808089 0.536933106897 -0.012214193076 -0.024670436051 -0.310987467935 -0.100374575127 -0.014541039696
-0.000136790651 0.000048105582 -0.001549983564 -0.003386760639 0.001623263994 -0.000024184218 0.017754159853 -0.037941283472 -0.998706813848 0.022876804118 0.011248370380 0.011310762806 0.005967599086

