Number of strings: 13 13, CI size = 169
String addressing array alpha: 1 13
0 1 2 3 4 5 6 7 8 9 10 11 12

Alpha strings 13 1
1
2
3
4
5
6
7
8
9
10
11
12
13

Is hamiltonian hermitian? 1
Implicit Hamiltonian constructed
E(core)= 0.000000000000
H(1,1) + E(core) energy = -0.819132010800
Davidson: iter=0 dim=0 root=0 eigenvalue=-0.819132010800
Davidson: iter=1 dim=1 root=0 eigenvalue=-0.851778541378
Davidson: iter=2 dim=2 root=0 eigenvalue=-0.854674709348
Davidson: iter=3 dim=3 root=0 eigenvalue=-0.855141997568
Davidson: iter=4 dim=4 root=0 eigenvalue=-0.855186156390
Davidson: iter=5 dim=5 root=0 eigenvalue=-0.855190520717
Davidson: iter=6 dim=6 root=0 eigenvalue=-0.855191046643
Davidson: iter=7 dim=7 root=0 eigenvalue=-0.855191074801
Davidson: iter=8 dim=8 root=0 eigenvalue=-0.855191078104
Davidson: iter=9 dim=9 root=0 eigenvalue=-0.855191078395
Davidson: iter=10 dim=10 root=0 eigenvalue=-0.855191078414
Davidson: iter=11 dim=11 root=0 eigenvalue=-0.855191078415
Davidson: iter=11 dim=11 root=1 eigenvalue=-0.507740777075
root no. 0 converged
Davidson: iter=12 dim=12 root=0 eigenvalue=-0.855191078415
Davidson: iter=12 dim=12 root=1 eigenvalue=-0.518969971708
Davidson: iter=13 dim=13 root=0 eigenvalue=-0.855191078415
Davidson: iter=13 dim=13 root=1 eigenvalue=-0.519971075799
Davidson: iter=14 dim=14 root=0 eigenvalue=-0.855191078415
Davidson: iter=14 dim=14 root=1 eigenvalue=-0.520048370121
Davidson: iter=15 dim=15 root=0 eigenvalue=-0.855191078415
Davidson: iter=15 dim=15 root=1 eigenvalue=-0.520063144600
Davidson: iter=16 dim=16 root=0 eigenvalue=-0.855191078415
Davidson: iter=16 dim=16 root=1 eigenvalue=-0.520066987438
Davidson: iter=17 dim=17 root=0 eigenvalue=-0.855191078415
Davidson: iter=17 dim=17 root=1 eigenvalue=-0.520068169228
Davidson: iter=18 dim=18 root=0 eigenvalue=-0.855191078415
Davidson: iter=18 dim=18 root=1 eigenvalue=-0.520068405980
Davidson: iter=19 dim=19 root=0 eigenvalue=-0.855191078415
Davidson: iter=19 dim=19 root=1 eigenvalue=-0.520068438689
Davidson: iter=20 dim=20 root=0 eigenvalue=-0.855191078415
Davidson: iter=20 dim=20 root=1 eigenvalue=-0.520068467994
Davidson: iter=21 dim=21 root=0 eigenvalue=-0.855191078415
Davidson: iter=21 dim=21 root=1 eigenvalue=-0.520068494292
Davidson: iter=22 dim=22 root=0 eigenvalue=-0.855191078415
Davidson: iter=22 dim=22 root=1 eigenvalue=-0.520068507242
Davidson: iter=23 dim=23 root=0 eigenvalue=-0.855191078415
Davidson: iter=23 dim=23 root=1 eigenvalue=-0.520068508538
Davidson: iter=24 dim=24 root=0 eigenvalue=-0.855191078415
Davidson: iter=24 dim=24 root=1 eigenvalue=-0.520068508582
Davidson: iter=25 dim=25 root=0 eigenvalue=-0.855191078415
Davidson: iter=25 dim=25 root=1 eigenvalue=-0.520068508585
Davidson: iter=26 dim=26 root=0 eigenvalue=-0.855191078415
Davidson: iter=26 dim=26 root=1 eigenvalue=-0.520068508586
root no. 1 converged
Davidson converged in 26 iterations.
E(core)= 0.000000000000
E(0)= -0.855191078415
E(1)= -0.520068508586
FCI Excitation energies = 2
0.000000000000 0.335122569829

Vacuum coefficients in CI state 0 = -0.983223768425
Vacuum coefficients in CI state 1 = -0.036697149818
Eigenvector 0 in string basis
0: -0.983223768425 seniority 0 ... 1
1
 | 1
1

14: 0.134675137907 seniority 0 ... 1
2
 | 1
2

28: 0.067382398754 seniority 0 ... 1
3
 | 1
3

42: 0.069430589722 seniority 0 ... 1
4
 | 1
4

56: 0.069435660827 seniority 0 ... 1
5
 | 1
5

Eigenvector 1 in string basis
1: -0.625912597145 seniority 2 ... 1
1
 | 1
2

5: 0.241819739143 seniority 2 ... 1
1
 | 1
6

13: -0.625912591586 seniority 2 ... 1
2
 | 1
1

14: -0.249853017457 seniority 0 ... 1
2
 | 1
2

18: 0.101152764023 seniority 2 ... 1
2
 | 1
6

65: 0.241819738342 seniority 2 ... 1
6
 | 1
1

66: 0.101152763842 seniority 2 ... 1
6
 | 1
2

Seniority vectors for all roots (nroots/seniority)
2 2
0.999861175663 0.000138824337
0.065238530739 0.934761469261

Calculating transition densities
Root 0 MO occupations numbers (density matrix diagonal)
13
1.933584362017 0.036277915507 0.009122630096 0.009643579684 0.009645087948 0.000387110013 0.000262177058 0.000262169293 0.000192894713 0.000166351502 0.000168376643 0.000143692056 0.000143653469
Root 1 MO occupations numbers (density matrix diagonal)
13
0.905289681238 0.931957914399 0.007241873936 0.003594691540 0.003682336484 0.137986770928 0.003451034748 0.003459776554 0.003063343580 0.000034428025 0.000033796423 0.000099624620 0.000104727526
Transition densities done:
Trandens between roots 0 0
13 13
1.933584362017 -0.000396788888 0.007713599088 -0.000134739096 -0.000355682576 0.012517251124 -0.000011899054 -0.000006074444 0.003836542006 0.000020636145 0.000013064615 0.000095621145 -0.000150617579
-0.000396788888 0.036277915507 0.000422959162 -0.000006689329 -0.000010877801 -0.000103812984 -0.000000849155 0.000002456008 0.000159473220 0.000001448739 0.000000204477 0.000008575496 -0.000013805222
0.007713599088 0.000422959162 0.009122630096 0.000009276588 0.000031365254 -0.000077286240 -0.000000142079 0.000009728170 0.000202699489 0.000000962462 0.000000166353 0.000003774302 -0.000005935065
-0.000134739096 -0.000006689329 0.000009276588 0.009643579684 -0.000002274046 0.000001261240 0.000155162021 0.000067075374 -0.000002739547 0.000000290862 -0.000000104277 0.000035703575 0.000025109116
-0.000355682576 -0.000010877801 0.000031365254 -0.000002274046 0.009645087948 0.000000467136 -0.000067518650 0.000155546983 -0.000002763441 -0.000001363066 0.000000586783 -0.000024941630 0.000034941459
0.012517251124 -0.000103812984 -0.000077286240 0.000001261240 0.000000467136 0.000387110013 -0.000000048888 -0.000000266763 0.000010288895 0.000000219164 0.000000154057 0.000001011013 -0.000001536395
-0.000011899054 -0.000000849155 -0.000000142079 0.000155162021 -0.000067518650 -0.000000048888 0.000262177058 -0.000000030264 -0.000000010294 0.000000043662 -0.000000393937 -0.000008927068 -0.000001981440
-0.000006074444 0.000002456008 0.000009728170 0.000067075374 0.000155546983 -0.000000266763 -0.000000030264 0.000262169293 0.000000290370 -0.000000098218 0.000000259371 0.000001731920 -0.000008779749
0.003836542006 0.000159473220 0.000202699489 -0.000002739547 -0.000002763441 0.000010288895 -0.000000010294 0.000000290370 0.000192894713 -0.000000165746 -0.000000021574 -0.000001242951 0.000001847950
0.000020636145 0.000001448739 0.000000962462 0.000000290862 -0.000001363066 0.000000219164 0.000000043662 -0.000000098218 -0.000000165746 0.000166351502 -0.000002670955 -0.000000024494 0.000000226358
0.000013064615 0.000000204477 0.000000166353 -0.000000104277 0.000000586783 0.000000154057 -0.000000393937 0.000000259371 -0.000000021574 -0.000002670955 0.000168376643 -0.000000310812 0.000000098071
0.000095621145 0.000008575496 0.000003774302 0.000035703575 -0.000024941630 0.000001011013 -0.000008927068 0.000001731920 -0.000001242951 -0.000000024494 -0.000000310812 0.000143692056 0.000000025560
-0.000150617579 -0.000013805222 -0.000005935065 0.000025109116 0.000034941459 -0.000001536395 -0.000001981440 -0.000008779749 0.000001847950 0.000000226358 0.000000098071 0.000000025560 0.000143653469

Trandens between roots 0 1
13 13
0.069002303776 1.229751264012 0.030087447036 -0.001156690686 -0.011882035172 -0.475693849927 0.001822658823 -0.003922810121 0.054702716800 0.000258651871 0.000107636301 0.001766305827 -0.002785070045
-0.168832486366 -0.067739989234 -0.010497895053 0.000212072467 0.000919900062 0.027390076265 -0.000090495804 0.000179339423 -0.001068011973 -0.000037329825 -0.000012119607 -0.000228755499 0.000366886032
-0.003549234966 -0.000691091761 0.004131208107 -0.000093016383 -0.000129086572 0.000266776805 -0.000003261191 -0.000228959283 -0.003209626075 -0.000004973544 -0.000001976754 -0.000035054869 0.000044415743
0.000103729100 0.000025661937 -0.000090088307 -0.001511184103 0.000005184199 -0.000009517914 -0.005212428045 -0.002263474805 0.000049467699 -0.000041479503 -0.000037560342 -0.000309219957 -0.000218907722
0.000871558636 0.000240638802 -0.000081596491 0.000004300111 -0.001490566508 0.000009943410 0.002265892152 -0.005209694336 0.000095092801 -0.000027710484 0.000048210160 0.000212050742 -0.000299946280
0.006882204933 0.010785788956 0.000571540775 -0.000015090838 -0.000094173001 -0.003081651194 0.000012177668 -0.000026499771 0.000495392088 0.000002493653 0.000000980363 0.000016850522 -0.000026627901
-0.000021440673 -0.000014827359 -0.000002598088 -0.000876194755 0.000380923785 0.000002471810 0.000060273042 0.000000033909 -0.000000639175 -0.000000304308 -0.000000266929 0.000001373415 0.000000325846
0.000042514793 0.000008258554 -0.000033875414 -0.000380548966 -0.000875649065 0.000002932172 0.000000197928 0.000060165445 -0.000000634328 -0.000000369259 0.000000100984 -0.000000263233 0.000001349833
-0.001247258842 0.001972681467 -0.000403991737 0.000004845691 -0.000006378248 -0.000733294647 0.000003439734 -0.000008479702 0.000206820858 0.000000588509 0.000000181467 0.000003228005 -0.000005169575
-0.000006816468 0.000008248295 -0.000000088599 -0.000005480291 -0.000003474467 -0.000003481553 -0.000000318692 0.000000741749 0.000000511977 0.000075297917 0.000000082288 0.000000118783 -0.000000182110
-0.000000467033 0.000007577911 -0.000000017559 -0.000004374788 0.000005436280 -0.000002936337 0.000000558672 -0.000000523516 0.000000397530 0.000000087212 0.000074970210 0.000000831663 -0.000000326274
-0.000043844850 0.000032197586 -0.000002358207 -0.000026506970 0.000017671181 -0.000014329775 -0.000018286004 0.000003542792 0.000002363898 0.000000071645 0.000000535427 0.000106002632 -0.000000224695
0.000071340503 -0.000048930451 0.000002527758 -0.000018577496 -0.000024928870 0.000022050417 -0.000003986008 -0.000017763034 -0.000003416152 -0.000000409276 -0.000000215661 -0.000000222563 0.000106349053

Trandens between roots 1 0
13 13
0.069002303776 -0.168832486366 -0.003549234966 0.000103729100 0.000871558636 0.006882204933 -0.000021440673 0.000042514793 -0.001247258842 -0.000006816468 -0.000000467033 -0.000043844850 0.000071340503
1.229751264012 -0.067739989234 -0.000691091761 0.000025661937 0.000240638802 0.010785788956 -0.000014827359 0.000008258554 0.001972681467 0.000008248295 0.000007577911 0.000032197586 -0.000048930451
0.030087447036 -0.010497895053 0.004131208107 -0.000090088307 -0.000081596491 0.000571540775 -0.000002598088 -0.000033875414 -0.000403991737 -0.000000088599 -0.000000017559 -0.000002358207 0.000002527758
-0.001156690686 0.000212072467 -0.000093016383 -0.001511184103 0.000004300111 -0.000015090838 -0.000876194755 -0.000380548966 0.000004845691 -0.000005480291 -0.000004374788 -0.000026506970 -0.000018577496
-0.011882035172 0.000919900062 -0.000129086572 0.000005184199 -0.001490566508 -0.000094173001 0.000380923785 -0.000875649065 -0.000006378248 -0.000003474467 0.000005436280 0.000017671181 -0.000024928870
-0.475693849927 0.027390076265 0.000266776805 -0.000009517914 0.000009943410 -0.003081651194 0.000002471810 0.000002932172 -0.000733294647 -0.000003481553 -0.000002936337 -0.000014329775 0.000022050417
0.001822658823 -0.000090495804 -0.000003261191 -0.005212428045 0.002265892152 0.000012177668 0.000060273042 0.000000197928 0.000003439734 -0.000000318692 0.000000558672 -0.000018286004 -0.000003986008
-0.003922810121 0.000179339423 -0.000228959283 -0.002263474805 -0.005209694336 -0.000026499771 0.000000033909 0.000060165445 -0.000008479702 0.000000741749 -0.000000523516 0.000003542792 -0.000017763034
0.054702716800 -0.001068011973 -0.003209626075 0.000049467699 0.000095092801 0.000495392088 -0.000000639175 -0.000000634328 0.000206820858 0.000000511977 0.000000397530 0.000002363898 -0.000003416152
0.000258651871 -0.000037329825 -0.000004973544 -0.000041479503 -0.000027710484 0.000002493653 -0.000000304308 -0.000000369259 0.000000588509 0.000075297917 0.000000087212 0.000000071645 -0.000000409276
0.000107636301 -0.000012119607 -0.000001976754 -0.000037560342 0.000048210160 0.000000980363 -0.000000266929 0.000000100984 0.000000181467 0.000000082288 0.000074970210 0.000000535427 -0.000000215661
0.001766305827 -0.000228755499 -0.000035054869 -0.000309219957 0.000212050742 0.000016850522 0.000001373415 -0.000000263233 0.000003228005 0.000000118783 0.000000831663 0.000106002632 -0.000000222563
-0.002785070045 0.000366886032 0.000044415743 -0.000218907722 -0.000299946280 -0.000026627901 0.000000325846 0.000001349833 -0.000005169575 -0.000000182110 -0.000000326274 -0.000000224695 0.000106349053

Trandens between roots 1 1
13 13
0.905289681238 0.409100596862 0.057963594390 -0.001188391330 -0.005328116613 -0.142535760515 0.000636810896 -0.001396410058 0.008983239340 0.000191786830 0.000067414275 0.001214545377 -0.001945692305
0.409100596862 0.931957914399 0.039811430078 -0.001161042120 -0.009485821464 -0.353442435072 0.001382997612 -0.002987900580 0.039362982046 0.000239444067 0.000095240373 0.001600990855 -0.002536447918
0.057963594390 0.039811430078 0.007241873936 -0.000080998591 -0.000429528141 -0.014473459983 0.000079152823 -0.000161999578 -0.000753379270 0.000012248661 0.000003899707 0.000072323476 -0.000116238669
-0.001188391330 -0.001161042120 -0.000080998591 0.003594691540 0.000011904748 0.000431722256 0.000285264356 0.000127261682 -0.000008293101 0.000002588230 0.000001506594 -0.000014808572 -0.000005804722
-0.005328116613 -0.009485821464 -0.000429528141 0.000011904748 0.003682336484 0.003610780399 -0.000135472977 0.000304876934 -0.000338771560 -0.000000764034 -0.000002675649 -0.000007249305 0.000012975351
-0.142535760515 -0.353442435072 -0.014473459983 0.000431722256 0.003610780399 0.137986770928 -0.000514209637 0.001104919564 -0.014862787250 -0.000091921634 -0.000036100806 -0.000611075995 0.000968572158
0.000636810896 0.001382997612 0.000079152823 0.000285264356 -0.000135472977 -0.000514209637 0.003451034748 -0.000004061436 0.000054199325 0.000016431838 0.000032517454 0.000233689941 0.000047413462
-0.001396410058 -0.002987900580 -0.000161999578 0.000127261682 0.000304876934 0.001104919564 -0.000004061436 0.003459776554 -0.000111357604 0.000024379768 -0.000017920660 -0.000048749589 0.000234238488
0.008983239340 0.039362982046 -0.000753379270 -0.000008293101 -0.000338771560 -0.014862787250 0.000054199325 -0.000111357604 0.003063343580 0.000010703947 0.000004823670 0.000077020398 -0.000121395739
0.000191786830 0.000239444067 0.000012248661 0.000002588230 -0.000000764034 -0.000091921634 0.000016431838 0.000024379768 0.000010703947 0.000034428025 0.000000671361 0.000001437015 0.000000698159
0.000067414275 0.000095240373 0.000003899707 0.000001506594 -0.000002675649 -0.000036100806 0.000032517454 -0.000017920660 0.000004823670 0.000000671361 0.000033796423 0.000003575384 -0.000001352561
0.001214545377 0.001600990855 0.000072323476 -0.000014808572 -0.000007249305 -0.000611075995 0.000233689941 -0.000048749589 0.000077020398 0.000001437015 0.000003575384 0.000099624620 -0.000005049744
-0.001945692305 -0.002536447918 -0.000116238669 -0.000005804722 0.000012975351 0.000968572158 0.000047413462 0.000234238488 -0.000121395739 0.000000698159 -0.000001352561 -0.000005049744 0.000104727526

State 0 :
Natural orbital occupations
13
1.933704107009 0.036285508792 0.009650964986 0.009646250226 0.009088618460 0.000305029429 0.000259974542 0.000259912715 0.000179845906 0.000170220122 0.000164509863 0.000142648425 0.000142409524
Natural orbitals (in MO basis)
13 13
0.999968996351 0.000155115845 -0.000045099925 0.000021676285 -0.003962185709 0.006329020729 -0.000001776530 -0.000012112887 0.002484166367 0.000026162025 -0.000031848144 -0.000004581329 0.000226716521
-0.000208405000 0.999862891029 -0.000477782800 0.000244371712 -0.015782393970 -0.003016096366 -0.000035121904 -0.000085962995 0.003888953394 0.000060581071 -0.000072993082 -0.000011057113 0.000738389078
0.004007711799 0.015654646803 0.046959256733 -0.039842712167 0.997649091932 -0.016224758826 -0.000051976087 -0.001035523319 0.019327027003 0.000254519411 -0.000298533037 -0.000078106232 0.002129402690
-0.000070005361 -0.000246954432 -0.396921353833 -0.917488898347 -0.017952050873 0.000243316413 0.015741926502 -0.007754791956 -0.000260503471 0.000040671314 -0.000033187351 -0.006081594177 -0.000396996107
-0.000184791586 -0.000392660926 0.916460869851 -0.395323988015 -0.058921862680 0.000303473288 -0.007803147461 -0.015800945150 0.000209211465 -0.000087136405 0.000009807064 0.000401087165 -0.005964972529
0.006474155752 -0.002869770436 -0.000455351480 0.000214516568 -0.014353454447 -0.995605154558 -0.000662618847 0.001721737065 -0.092248373464 -0.000880621414 0.000089514333 -0.000032079766 0.000023233657
-0.000006153838 -0.000024045355 -0.013147755078 -0.012322252861 0.000125734284 0.000398711058 -0.995009526049 0.049138412025 0.003718684278 0.002700850955 0.001239659469 0.080184828718 -0.027646266293
-0.000003139272 0.000070378044 0.012393395113 -0.013148841589 -0.000074844703 0.002279527221 0.049292778706 0.995155345833 -0.006427967706 -0.002824488573 0.000640627198 0.028952930353 0.077565362481
0.001984611864 0.004521448385 0.000828106203 -0.000460533349 0.020747852453 0.091694570388 -0.001555044482 -0.000985130309 -0.992779353072 -0.010414060460 0.010755521230 0.002025306076 -0.072759082326
0.000010674912 0.000040581705 -0.000139452963 0.000024741896 0.000103546200 -0.000869688872 -0.000457629522 -0.001096004019 0.015568887146 -0.567622622775 0.823065928661 -0.003019827219 -0.010645470292
0.000006757381 0.000005762977 0.000062892193 -0.000014855271 0.000008412376 -0.000522390794 0.004094643148 0.002418133808 -0.001660932474 0.823156101172 0.567601311226 0.008853339205 -0.011779371542
0.000049461994 0.000239086391 -0.003862655803 -0.002415759487 0.000451462033 -0.003722788786 0.083626136465 0.012015300058 0.039395306519 -0.009474402868 -0.010842708084 0.848497134449 -0.520692536249
-0.000077912365 -0.000385351397 0.002283522968 -0.003839169605 -0.000844631155 0.005448937271 0.014296862816 -0.082371212938 -0.060267458555 -0.002061078456 0.012487240808 0.522164703069 0.846470169284

State 1 :
Natural orbital occupations
13
1.430950624080 0.546893038674 0.004515089427 0.003847024285 0.003828706438 0.003264152138 0.003212751290 0.003180465631 0.000081433884 0.000079983223 0.000079279596 0.000034436715 0.000033014619
Natural orbitals (in MO basis)
13 13
0.638427197726 0.767363128768 0.050591436260 -0.000010773069 0.000271950210 -0.017071288544 -0.001010486180 0.018803708669 0.018822596109 0.002138797666 -0.000225198109 0.000157449666 0.000069252296
0.719354226187 -0.591069958644 0.042285020704 -0.000185093951 0.005476454474 0.257432726328 0.014069528536 -0.246415031985 0.064475054680 -0.000884384460 0.000081464147 -0.000006728175 0.000052594585
0.048820225773 0.032329654465 -0.837030338675 0.010709650372 0.023600286551 0.100431291572 -0.003969027263 -0.110115985659 -0.522448089869 -0.009876633191 0.001210546140 -0.000921019200 -0.000570094409
-0.001200700370 -0.000225939551 0.013154898999 0.770756967951 0.074155563896 0.032422316406 -0.631674836398 0.000484586872 0.008864417755 0.001936445807 0.010639617602 0.000162200982 0.000093489607
-0.007863633899 0.004413020582 0.002724368514 -0.074615137596 0.769860038285 0.442686145638 0.022725140603 0.452479276765 0.017770265043 0.010741917048 -0.001800626777 0.000055388041 -0.000033720779
-0.267901059918 0.243651425858 0.133458707085 0.000954824944 -0.009683079287 0.661076021882 0.037189736229 -0.641132092151 0.037891556191 -0.008085747050 0.000811298104 -0.000555579922 -0.000213486497
0.001082632325 -0.000835833706 -0.010864458065 0.600703919931 -0.195127476438 0.175220329749 0.717904384930 0.222923495912 0.001716145692 0.016561324960 -0.069361792686 0.008031475518 -0.004860138453
-0.002347415942 0.001773944819 0.026414545292 0.194949927880 0.601474621430 -0.507275374110 0.282074873656 -0.507677704225 -0.002708621530 -0.066985045906 -0.017549433123 0.004737044141 0.007776494176
0.026612353328 -0.036813691938 0.525475595367 0.000506935181 0.000138238490 -0.001645473594 -0.000426470086 0.032266959727 -0.848934748503 0.008668723265 -0.001217188328 -0.000238197666 -0.000847880600
0.000223744598 -0.000030588393 0.000765830827 0.004390631130 0.003583966891 -0.003382006736 0.005294157152 -0.002068727880 0.001048759610 -0.009996363113 -0.000713819236 -0.868239357562 -0.495966103289
0.000085012569 -0.000024655011 0.000247093035 0.004585213935 -0.004793648132 0.004222816918 0.005451836688 0.005073371405 -0.000563440557 -0.015175077570 0.014688473281 -0.495742024447 0.868145222623
0.001465436590 -0.000299930162 0.005328782495 0.031982876035 -0.017439943811 0.017928031876 0.051816580116 0.028696926267 -0.001291281177 -0.432735367435 0.898395802931 0.013574835008 -0.015860776499
-0.002331330929 0.000444974185 -0.008460865018 0.018343880370 0.030809508564 -0.030379600863 0.034305042600 -0.041063445381 0.001722372699 0.898490984100 0.432931372575 -0.011303758227 0.002175054500

