Number of strings: 13 13, CI size = 169
String addressing array alpha: 1 13
0 1 2 3 4 5 6 7 8 9 10 11 12

Alpha strings 13 1
1
2
3
4
5
6
7
8
9
10
11
12
13

Is hamiltonian hermitian? 1
Implicit Hamiltonian constructed
E(core)= 0.000000000000
H(1,1) + E(core) energy = -0.528731633800
Davidson: iter=0 dim=0 root=0 eigenvalue=-0.528731633800
Davidson: iter=1 dim=1 root=0 eigenvalue=-0.574583449390
Davidson: iter=2 dim=2 root=0 eigenvalue=-0.586315341441
Davidson: iter=3 dim=3 root=0 eigenvalue=-0.591741731471
Davidson: iter=4 dim=4 root=0 eigenvalue=-0.595544562695
Davidson: iter=5 dim=5 root=0 eigenvalue=-0.597180134114
Davidson: iter=6 dim=6 root=0 eigenvalue=-0.597361173333
Davidson: iter=7 dim=7 root=0 eigenvalue=-0.597373388477
Davidson: iter=8 dim=8 root=0 eigenvalue=-0.597375552744
Davidson: iter=9 dim=9 root=0 eigenvalue=-0.597375702159
Davidson: iter=10 dim=10 root=0 eigenvalue=-0.597375719845
Davidson: iter=11 dim=11 root=0 eigenvalue=-0.597375722930
Davidson: iter=12 dim=12 root=0 eigenvalue=-0.597375723042
Davidson: iter=13 dim=13 root=0 eigenvalue=-0.597375723049
Davidson: iter=14 dim=14 root=0 eigenvalue=-0.597375723049
Davidson: iter=14 dim=14 root=1 eigenvalue=-0.539802138513
root no. 0 converged
Davidson: iter=15 dim=15 root=0 eigenvalue=-0.597375723049
Davidson: iter=15 dim=15 root=1 eigenvalue=-0.541011691423
Davidson: iter=16 dim=16 root=0 eigenvalue=-0.597375723049
Davidson: iter=16 dim=16 root=1 eigenvalue=-0.541043882914
Davidson: iter=17 dim=17 root=0 eigenvalue=-0.597375723049
Davidson: iter=17 dim=17 root=1 eigenvalue=-0.541045753660
Davidson: iter=18 dim=18 root=0 eigenvalue=-0.597375723049
Davidson: iter=18 dim=18 root=1 eigenvalue=-0.541045933500
Davidson: iter=19 dim=19 root=0 eigenvalue=-0.597375723049
Davidson: iter=19 dim=19 root=1 eigenvalue=-0.541045950717
Davidson: iter=20 dim=20 root=0 eigenvalue=-0.597375723049
Davidson: iter=20 dim=20 root=1 eigenvalue=-0.541045951632
Davidson: iter=21 dim=21 root=0 eigenvalue=-0.597375723049
Davidson: iter=21 dim=21 root=1 eigenvalue=-0.541045951664
Davidson: iter=22 dim=22 root=0 eigenvalue=-0.597375723049
Davidson: iter=22 dim=22 root=1 eigenvalue=-0.541045951666
root no. 1 converged
Davidson converged in 22 iterations.
E(core)= 0.000000000000
E(0)= -0.597375723049
E(1)= -0.541045951666
FCI Excitation energies = 2
0.000000000000 0.056329771384

Vacuum coefficients in CI state 0 = 0.714123456397
Vacuum coefficients in CI state 1 = -0.644694944223
Eigenvector 0 in string basis
0: 0.714123456397 seniority 0 ... 1
1
 | 1
1

1: 0.298717410502 seniority 2 ... 1
1
 | 1
2

2: -0.158515506888 seniority 2 ... 1
1
 | 1
3

3: -0.057862378082 seniority 2 ... 1
1
 | 1
4

13: 0.298717410502 seniority 2 ... 1
2
 | 1
1

14: -0.497002000691 seniority 0 ... 1
2
 | 1
2

26: -0.158515506888 seniority 2 ... 1
3
 | 1
1

39: -0.057862378082 seniority 2 ... 1
4
 | 1
1

Eigenvector 1 in string basis
0: -0.644694944223 seniority 0 ... 1
1
 | 1
1

1: 0.429117869218 seniority 2 ... 1
1
 | 1
2

2: -0.191232920919 seniority 2 ... 1
1
 | 1
3

3: -0.079594515791 seniority 2 ... 1
1
 | 1
4

9: -0.057843020934 seniority 2 ... 1
1
 | 1
10

13: 0.429117869362 seniority 2 ... 1
2
 | 1
1

14: -0.268037729929 seniority 0 ... 1
2
 | 1
2

15: 0.086970719525 seniority 2 ... 1
2
 | 1
3

26: -0.191232920932 seniority 2 ... 1
3
 | 1
1

27: 0.086970719549 seniority 2 ... 1
3
 | 1
2

28: 0.111081606853 seniority 0 ... 1
3
 | 1
3

39: -0.079594515795 seniority 2 ... 1
4
 | 1
1

42: 0.068511614996 seniority 0 ... 1
4
 | 1
4

56: 0.068658413048 seniority 0 ... 1
5
 | 1
5

70: 0.068780245494 seniority 0 ... 1
6
 | 1
6

117: -0.057843020938 seniority 2 ... 1
10
 | 1
1

Seniority vectors for all roots (nroots/seniority)
2 2
0.758882952911 0.241117047089
0.514621106155 0.485378893845

Calculating transition densities
Root 0 MO occupations numbers (density matrix diagonal)
13
1.258775837735 0.674075876035 0.053491879526 0.007920984221 0.000874209527 0.000872696790 0.000848639549 0.000035215551 0.000035241969 0.003004345934 0.000035652079 0.000014752962 0.000014668122
Root 1 MO occupations numbers (density matrix diagonal)
13
1.294236828746 0.533959534760 0.113336181899 0.027104229108 0.009440597865 0.009472890232 0.003031155968 0.000211893916 0.000211231568 0.008438596378 0.000223890060 0.000166677689 0.000166291812
Transition densities done:
Trandens between roots 0 0
13 13
1.258775837735 0.136655744509 -0.252309004024 -0.083475575523 0.000839200996 0.000441688183 -0.022034380340 -0.000112210054 -0.000117134930 -0.051332167784 -0.004363781647 0.000366044420 -0.000136268407
0.136655744509 0.674075876035 -0.070080733226 -0.038874039144 0.000391037729 0.000210158536 -0.018952316886 -0.000062732866 -0.000070709834 -0.029942377923 -0.001758845120 0.000141972375 -0.000045812187
-0.252309004024 -0.070080733226 0.053491879526 0.018390900335 -0.000184945446 -0.000097620272 0.005436610978 0.000025764887 0.000027197519 0.011851705131 0.000936553335 -0.000078174329 0.000028617117
-0.083475575523 -0.038874039144 0.018390900335 0.007920984221 -0.000070740556 -0.000037414029 0.002371252461 0.000009057980 0.000011486877 0.004483062088 0.000410179316 -0.000034109215 0.000011956555
0.000839200996 0.000391037729 -0.000184945446 -0.000070740556 0.000874209527 0.000000235484 -0.000023906231 0.000007671159 0.000107117136 -0.000045344903 -0.000003475677 -0.000010838531 -0.000039059450
0.000441688183 0.000210158536 -0.000097620272 -0.000037414029 0.000000235484 0.000872696790 -0.000012736536 -0.000107277137 0.000007697241 -0.000023694960 0.000001712700 0.000038762366 -0.000011028563
-0.022034380340 -0.018952316886 0.005436610978 0.002371252461 -0.000023906231 -0.000012736536 0.000848639549 0.000003212524 0.000003482437 0.001504668404 0.000120249777 -0.000009961963 0.000003544778
-0.000112210054 -0.000062732866 0.000025764887 0.000009057980 0.000007671159 -0.000107277137 0.000003212524 0.000035215551 0.000000021390 0.000006398665 -0.000000199732 -0.000006985817 0.000001452992
-0.000117134930 -0.000070709834 0.000027197519 0.000011486877 0.000107117136 0.000007697241 0.000003482437 0.000000021390 0.000035241969 0.000006864801 0.000000670521 -0.000001516763 -0.000006979697
-0.051332167784 -0.029942377923 0.011851705131 0.004483062088 -0.000045344903 -0.000023694960 0.001504668404 0.000006398665 0.000006864801 0.003004345934 0.000223579263 -0.000018530989 0.000006659584
-0.004363781647 -0.001758845120 0.000936553335 0.000410179316 -0.000003475677 0.000001712700 0.000120249777 -0.000000199732 0.000000670521 0.000223579263 0.000035652079 -0.000001743548 0.000000615726
0.000366044420 0.000141972375 -0.000078174329 -0.000034109215 -0.000010838531 0.000038762366 -0.000009961963 -0.000006985817 -0.000001516763 -0.000018530989 -0.000001743548 0.000014752962 -0.000000028978
-0.000136268407 -0.000045812187 0.000028617117 0.000011956555 -0.000039059450 -0.000011028563 0.000003544778 0.000001452992 -0.000006979697 0.000006659584 0.000000615726 -0.000000028978 0.000014668122

Trandens between roots 0 1
13 13
-0.589078603123 0.416895991867 -0.258319229823 -0.095259344806 0.000955210542 0.000513360259 -0.037251454162 -0.000155039617 -0.000163870871 -0.071279131645 -0.006097703908 0.000507539616 -0.000192784748
-0.803772206224 0.519325858061 -0.206166026588 -0.096552551789 0.000973766338 0.000519513335 -0.037660786416 -0.000127847378 -0.000140285332 -0.060493563608 -0.004439328487 0.000365477924 -0.000129966815
0.168977156345 -0.115756953930 0.062199511783 0.025313388063 -0.000254068077 -0.000136167908 0.009689562919 0.000038255236 0.000040823266 0.017716694206 0.001463516986 -0.000121541695 0.000045493325
0.074414203052 -0.050573171242 0.025849973826 0.007290332044 -0.000102455538 -0.000055096304 0.003953073123 0.000016060922 0.000015214262 0.007172365504 0.000608681575 -0.000050473559 0.000018871666
-0.000748458310 0.000508744097 -0.000259846167 -0.000102475218 -0.002856462453 0.000000170017 -0.000039722159 -0.000008973833 -0.000123064838 -0.000071780612 -0.000006108341 -0.000010689744 -0.000039378249
-0.000398998764 0.000270913120 -0.000137729127 -0.000054636597 0.000000158583 -0.002860654428 -0.000021061896 0.000123250150 -0.000009055092 -0.000038517938 0.000000402562 0.000039440051 -0.000011307000
0.028925352470 -0.019295404318 0.009174314759 0.003444767201 -0.000034508667 -0.000018377710 0.001422730698 0.000005540761 0.000005983680 0.002588627961 0.000202987209 -0.000016799616 0.000006225794
0.000107741098 -0.000072599371 0.000036958088 0.000017030966 -0.000022796323 0.000314667811 0.000005907170 -0.000080420153 0.000000041445 0.000010479936 0.000000824134 -0.000000458704 0.000000115705
0.000118716287 -0.000079810967 0.000040068762 0.000013246498 -0.000314136100 -0.000022943176 0.000006437925 0.000000045263 -0.000080317405 0.000011378446 0.000000849850 -0.000000146052 -0.000000335539
0.050720175529 -0.034154870545 0.017297883361 0.007147942263 -0.000071087901 -0.000039046601 0.002766619105 0.000010519975 0.000011312081 0.004824030299 0.000390749618 -0.000032378739 0.000011964383
0.003425734112 -0.002360338919 0.001323787212 0.000353065838 -0.000005387629 -0.000012520304 0.000188365303 0.000001648951 0.000000616313 0.000356293987 -0.000018522364 -0.000002114306 0.000000818023
-0.000280750267 0.000193806733 -0.000109679803 -0.000029047836 0.000030555283 -0.000104582390 -0.000015501500 0.000008940951 0.000001832558 -0.000029470393 -0.000002110492 -0.000043643453 -0.000000094369
0.000095572592 -0.000066501861 0.000039190698 0.000011139679 0.000105387354 0.000029736389 0.000005393002 -0.000001849069 0.000009069783 0.000010383800 0.000000773190 -0.000000087710 -0.000043839506

Trandens between roots 1 0
13 13
-0.589078603123 -0.803772206224 0.168977156345 0.074414203052 -0.000748458310 -0.000398998764 0.028925352470 0.000107741098 0.000118716287 0.050720175529 0.003425734112 -0.000280750267 0.000095572592
0.416895991867 0.519325858061 -0.115756953930 -0.050573171242 0.000508744097 0.000270913120 -0.019295404318 -0.000072599371 -0.000079810967 -0.034154870545 -0.002360338919 0.000193806733 -0.000066501861
-0.258319229823 -0.206166026588 0.062199511783 0.025849973826 -0.000259846167 -0.000137729127 0.009174314759 0.000036958088 0.000040068762 0.017297883361 0.001323787212 -0.000109679803 0.000039190698
-0.095259344806 -0.096552551789 0.025313388063 0.007290332044 -0.000102475218 -0.000054636597 0.003444767201 0.000017030966 0.000013246498 0.007147942263 0.000353065838 -0.000029047836 0.000011139679
0.000955210542 0.000973766338 -0.000254068077 -0.000102455538 -0.002856462453 0.000000158583 -0.000034508667 -0.000022796323 -0.000314136100 -0.000071087901 -0.000005387629 0.000030555283 0.000105387354
0.000513360259 0.000519513335 -0.000136167908 -0.000055096304 0.000000170017 -0.002860654428 -0.000018377710 0.000314667811 -0.000022943176 -0.000039046601 -0.000012520304 -0.000104582390 0.000029736389
-0.037251454162 -0.037660786416 0.009689562919 0.003953073123 -0.000039722159 -0.000021061896 0.001422730698 0.000005907170 0.000006437925 0.002766619105 0.000188365303 -0.000015501500 0.000005393002
-0.000155039617 -0.000127847378 0.000038255236 0.000016060922 -0.000008973833 0.000123250150 0.000005540761 -0.000080420153 0.000000045263 0.000010519975 0.000001648951 0.000008940951 -0.000001849069
-0.000163870871 -0.000140285332 0.000040823266 0.000015214262 -0.000123064838 -0.000009055092 0.000005983680 0.000000041445 -0.000080317405 0.000011312081 0.000000616313 0.000001832558 0.000009069783
-0.071279131645 -0.060493563608 0.017716694206 0.007172365504 -0.000071780612 -0.000038517938 0.002588627961 0.000010479936 0.000011378446 0.004824030299 0.000356293987 -0.000029470393 0.000010383800
-0.006097703908 -0.004439328487 0.001463516986 0.000608681575 -0.000006108341 0.000000402562 0.000202987209 0.000000824134 0.000000849850 0.000390749618 -0.000018522364 -0.000002110492 0.000000773190
0.000507539616 0.000365477924 -0.000121541695 -0.000050473559 -0.000010689744 0.000039440051 -0.000016799616 -0.000000458704 -0.000000146052 -0.000032378739 -0.000002114306 -0.000043643453 -0.000000087710
-0.000192784748 -0.000129966815 0.000045493325 0.000018871666 -0.000039378249 -0.000011307000 0.000006225794 0.000000115705 -0.000000335539 0.000011964383 0.000000818023 -0.000000094369 -0.000043839506

Trandens between roots 1 1
13 13
1.294236828746 -0.828640365413 0.275884346002 0.130246144480 -0.001312985662 -0.000700817631 0.055873275361 0.000193495078 0.000211908399 0.091486217851 0.007127529305 -0.000588662006 0.000214609003
-0.828640365413 0.533959534760 -0.189873191143 -0.086260074463 0.000869004308 0.000464466537 -0.036883827027 -0.000129469161 -0.000141353782 -0.061057351848 -0.004793155481 0.000396101916 -0.000144936607
0.275884346002 -0.189873191143 0.113336181899 0.042435509774 -0.000427071024 -0.000229706159 0.016458281257 0.000062454850 0.000066906272 0.029005505120 0.002306611614 -0.000191017468 0.000070475125
0.130246144480 -0.086260074463 0.042435509774 0.027104229108 -0.000176209192 -0.000093325124 0.007117433625 0.000024592044 0.000031307194 0.012162214493 0.000774508500 -0.000064077037 0.000023740705
-0.001312985662 0.000869004308 -0.000427071024 -0.000176209192 0.009440597865 0.000004998599 -0.000071692315 0.000020917572 0.000297120357 -0.000123278605 -0.000008807203 0.000058395293 0.000201822872
-0.000700817631 0.000464466537 -0.000229706159 -0.000093325124 0.000004998599 0.009472890232 -0.000038511123 -0.000299516156 0.000021723843 -0.000064979141 -0.000023470550 -0.000201572786 0.000057598991
0.055873275361 -0.036883827027 0.016458281257 0.007117433625 -0.000071692315 -0.000038511123 0.003031155968 0.000010208040 0.000011137829 0.004795897478 0.000378185211 -0.000031286858 0.000011416117
0.000193495078 -0.000129469161 0.000062454850 0.000024592044 0.000020917572 -0.000299516156 0.000010208040 0.000211893916 -0.000000093780 0.000017642895 0.000001578510 0.000002266323 -0.000000471830
0.000211908399 -0.000141353782 0.000066906272 0.000031307194 0.000297120357 0.000021723843 0.000011137829 -0.000000093780 0.000211231568 0.000019021620 0.000001539348 0.000000355050 0.000002372272
0.091486217851 -0.061057351848 0.029005505120 0.012162214493 -0.000123278605 -0.000064979141 0.004795897478 0.000017642895 0.000019021620 0.008438596378 0.000645894213 -0.000053441596 0.000019627268
0.007127529305 -0.004793155481 0.002306611614 0.000774508500 -0.000008807203 -0.000023470550 0.000378185211 0.000001578510 0.000001539348 0.000645894213 0.000223890060 -0.000004673778 0.000001695336
-0.000588662006 0.000396101916 -0.000191017468 -0.000064077037 0.000058395293 -0.000201572786 -0.000031286858 0.000002266323 0.000000355050 -0.000053441596 -0.000004673778 0.000166677689 -0.000000160868
0.000214609003 -0.000144936607 0.000070475125 0.000023740705 0.000201822872 0.000057598991 0.000011416117 -0.000000471830 0.000002372272 0.000019627268 0.000001695336 -0.000000160868 0.000166291812

State 0 :
Natural orbital occupations
13
1.351549613574 0.645341666530 0.001143568130 0.000889018401 0.000887974870 0.000081485394 0.000022094853 0.000022050480 0.000021865798 0.000013748019 0.000012292876 0.000012252834 0.000002368242
Natural orbitals (in MO basis)
13 13
0.951767032810 0.231072795012 -0.007195902056 -0.000005297344 -0.000003330346 -0.178107123850 -0.000104443956 0.000030640989 0.005085400311 0.000820891310 0.000025808357 -0.000008319419 0.094574850299
0.218876989026 -0.971694912068 -0.028505985640 -0.000014638137 -0.000022428693 -0.057466111214 -0.000181995431 0.000017704964 0.009804686003 0.006020229715 -0.000026345558 0.000051076752 0.060452492842
-0.198262383154 0.018220292630 0.272871502655 0.000127562809 0.000140497833 -0.896989640072 -0.001113564818 0.000098552714 0.054454499318 -0.015911356556 0.000215049807 -0.000208524576 0.279447558160
-0.068356093043 0.029796804756 -0.947389794761 0.008680996844 0.006086474271 -0.267109935555 0.001594448176 0.000982238742 -0.150339377633 0.023112037044 0.000302074193 -0.000108027904 0.047878434656
0.000687241031 -0.000299894778 0.008980802685 0.981692238492 0.135337922660 0.002703241179 -0.131115757330 0.017819463287 -0.000973913474 0.000058523019 0.018942032029 -0.002576364327 -0.000453599584
0.000362470868 -0.000164423507 0.004609749981 -0.135388513911 0.981710426184 0.001441033484 0.017805955623 0.131202807042 0.001110844869 0.000082201764 -0.002590578265 -0.018758122913 -0.000238735513
-0.019563959443 0.021001696814 -0.152147997800 -0.000155157341 -0.000193168979 0.088445511149 -0.017829920093 0.000813760249 0.926964857693 0.216119373639 -0.001058370495 0.001440590486 0.248819819128
-0.000093694617 0.000055828595 0.000197055266 0.026010842086 -0.122591168124 0.000668817359 0.199337624941 0.947909866204 0.002672245765 -0.002162083399 0.044470254557 0.209839973969 0.001872609616
-0.000098725465 0.000066182913 -0.000042615383 0.122450305427 0.026030048021 0.000518135182 0.947690299313 -0.199370363747 0.017667403439 0.002156606920 0.210173562386 -0.044377137909 0.001893343495
-0.043080813403 0.027422955638 0.017808773336 -0.000326838433 0.000189127633 0.281090803240 0.003101532833 -0.001679138023 -0.285832497138 0.067111475379 -0.000954821100 0.000245346645 0.912055433029
-0.003524923053 0.001144656238 -0.059435370791 0.000090135800 0.004538554500 0.046607670629 -0.003414889741 -0.020461933530 0.180917337318 -0.970022357035 0.006588621172 0.083504569430 0.114628044057
0.000294702631 -0.000087606193 0.005024284348 -0.018938089530 0.042568253576 -0.004067667050 -0.084224530847 -0.191593863984 -0.016942030306 0.079043273355 0.392560086426 0.890645739218 -0.009864211651
-0.000108471282 0.000021967393 -0.001852015740 -0.042959184151 -0.018770581082 0.001948735705 -0.192879312132 0.083995695464 0.002673236953 -0.027634465922 0.894055343024 -0.391681389522 0.004141365171

State 1 :
Natural orbital occupations
13
1.912171392415 0.057957265521 0.009487432621 0.009452774753 0.009418625131 0.000385870530 0.000220556847 0.000202627164 0.000202017462 0.000169848190 0.000161068307 0.000161000257 0.000009520803
Natural orbitals (in MO basis)
13 13
0.821247983781 0.279682466315 0.001113442660 -0.001365328942 0.038550398745 -0.260242524204 -0.058280314827 -0.000250662726 0.000095690516 -0.018578253240 -0.000331146151 -0.000153747424 0.417578862937
-0.528260737196 0.051621695529 0.003400436239 -0.004149698616 0.116943256973 -0.386659237498 -0.127314261276 -0.000502307295 0.000245638134 -0.035517160839 -0.000635137610 -0.000300706366 0.733208512986
0.185036502079 -0.901723071605 -0.008034346462 0.009888307856 -0.275373732003 -0.255002724695 0.007844274598 -0.000016883207 -0.000067171876 -0.003259823564 -0.000047047975 -0.000006650806 0.107542631781
0.085606867756 -0.279740401607 0.034361116247 -0.043412516158 0.951436941788 -0.007474219072 0.026357845389 -0.000081802569 0.000198283030 0.024799943482 0.000294467785 0.000119766214 -0.068944909969
-0.000862672306 0.002795135182 0.119204240657 -0.990894406604 -0.048561173192 0.000045544061 -0.000203035581 -0.003464576073 0.029416685438 -0.000047407267 -0.001687338493 -0.025905827838 0.000728149915
-0.000460792496 0.001523372581 0.991451177993 0.120736539744 -0.029779650330 0.000043363447 -0.000071506475 -0.029574146938 -0.003440920502 0.000290420450 -0.025851594446 0.001696684035 0.000379406625
0.036306269389 -0.069853624605 0.000141490259 -0.000186737585 0.005381246137 0.230412488124 -0.966446528849 -0.003430692766 0.002636561758 -0.079044179182 -0.000952403004 0.000039482223 -0.019922184111
0.000126841516 -0.000338541868 -0.031739576106 -0.006175534882 0.000683540688 0.002018404042 0.003343656482 -0.976320558174 -0.186137238837 0.002491729384 -0.104219457109 0.014845128964 0.001193461987
0.000138624969 -0.000344943533 0.006172738118 -0.031622134827 -0.001327037599 0.001990441615 -0.002583248000 0.186153622943 -0.976111125220 -0.003281521598 0.014477998958 0.106215601868 0.001081018722
0.059867972526 -0.150752435537 -0.000201782964 0.000424475843 -0.008907466444 0.810024181605 0.204931804933 0.002470579086 0.002363936158 -0.113470325902 -0.001669680059 -0.001835278732 0.512425977910
0.004671171797 -0.011681741805 -0.002656385814 0.000583855729 -0.020299391856 0.091528735361 -0.059829865178 0.011124759877 -0.001274273730 0.986347315825 -0.075966350982 0.005533443103 0.093044158067
-0.000385892131 0.000971277095 -0.020697525072 -0.008850790477 0.002035805652 -0.007754243437 0.004915182203 0.097340713796 0.041459163588 -0.073021958205 -0.933300749330 0.334309604330 -0.008016759012
0.000140837224 -0.000359482546 0.008709928799 -0.020795781923 -0.001854986392 0.003382628687 -0.000778456513 -0.040511634342 0.099748078823 0.020345061245 0.333814421787 0.935963059429 0.003510600249

