Number of strings: 13 13, CI size = 169
String addressing array alpha: 1 13
0 1 2 3 4 5 6 7 8 9 10 11 12

Alpha strings 13 1
1
2
3
4
5
6
7
8
9
10
11
12
13

Is hamiltonian hermitian? 1
Implicit Hamiltonian constructed
E(core)= 0.000000000000
H(1,1) + E(core) energy = -0.488361567100
Davidson: iter=0 dim=0 root=0 eigenvalue=-0.488361567100
Davidson: iter=1 dim=1 root=0 eigenvalue=-0.535084290012
Davidson: iter=2 dim=2 root=0 eigenvalue=-0.552737259851
Davidson: iter=3 dim=3 root=0 eigenvalue=-0.564095073900
Davidson: iter=4 dim=4 root=0 eigenvalue=-0.569334693472
Davidson: iter=5 dim=5 root=0 eigenvalue=-0.570439220310
Davidson: iter=6 dim=6 root=0 eigenvalue=-0.570601534265
Davidson: iter=7 dim=7 root=0 eigenvalue=-0.570609699567
Davidson: iter=8 dim=8 root=0 eigenvalue=-0.570610322321
Davidson: iter=9 dim=9 root=0 eigenvalue=-0.570610437971
Davidson: iter=10 dim=10 root=0 eigenvalue=-0.570610455777
Davidson: iter=11 dim=11 root=0 eigenvalue=-0.570610456556
Davidson: iter=12 dim=12 root=0 eigenvalue=-0.570610456610
Davidson: iter=13 dim=13 root=0 eigenvalue=-0.570610456613
Davidson: iter=14 dim=14 root=0 eigenvalue=-0.570610456614
Davidson: iter=14 dim=14 root=1 eigenvalue=-0.511695934365
root no. 0 converged
Davidson: iter=15 dim=15 root=0 eigenvalue=-0.570610456614
Davidson: iter=15 dim=15 root=1 eigenvalue=-0.511987630903
Davidson: iter=16 dim=16 root=0 eigenvalue=-0.570610456614
Davidson: iter=16 dim=16 root=1 eigenvalue=-0.512006362980
Davidson: iter=17 dim=17 root=0 eigenvalue=-0.570610456614
Davidson: iter=17 dim=17 root=1 eigenvalue=-0.512007155860
Davidson: iter=18 dim=18 root=0 eigenvalue=-0.570610456614
Davidson: iter=18 dim=18 root=1 eigenvalue=-0.512007271241
Davidson: iter=19 dim=19 root=0 eigenvalue=-0.570610456614
Davidson: iter=19 dim=19 root=1 eigenvalue=-0.512007279404
Davidson: iter=20 dim=20 root=0 eigenvalue=-0.570610456614
Davidson: iter=20 dim=20 root=1 eigenvalue=-0.512007279875
Davidson: iter=21 dim=21 root=0 eigenvalue=-0.570610456614
Davidson: iter=21 dim=21 root=1 eigenvalue=-0.512007279889
Davidson: iter=22 dim=22 root=0 eigenvalue=-0.570610456614
Davidson: iter=22 dim=22 root=1 eigenvalue=-0.512007279889
root no. 1 converged
Davidson converged in 22 iterations.
E(core)= 0.000000000000
E(0)= -0.570610456614
E(1)= -0.512007279889
FCI Excitation energies = 2
0.000000000000 0.058603176725

Vacuum coefficients in CI state 0 = 0.570884554266
Vacuum coefficients in CI state 1 = 0.772439252428
Eigenvector 0 in string basis
0: 0.570884554266 seniority 0 ... 1
1
 | 1
1

1: 0.397313235129 seniority 2 ... 1
1
 | 1
2

2: -0.176794570707 seniority 2 ... 1
1
 | 1
3

13: 0.397313235130 seniority 2 ... 1
2
 | 1
1

14: -0.529120672212 seniority 0 ... 1
2
 | 1
2

15: -0.071623706177 seniority 2 ... 1
2
 | 1
3

26: -0.176794570707 seniority 2 ... 1
3
 | 1
1

27: -0.071623706176 seniority 2 ... 1
3
 | 1
2

Eigenvector 1 in string basis
0: 0.772439252428 seniority 0 ... 1
1
 | 1
1

1: -0.374663463677 seniority 2 ... 1
1
 | 1
2

2: 0.142981004850 seniority 2 ... 1
1
 | 1
3

13: -0.374663464372 seniority 2 ... 1
2
 | 1
1

14: 0.179056966845 seniority 0 ... 1
2
 | 1
2

15: -0.072151252849 seniority 2 ... 1
2
 | 1
3

26: 0.142981004883 seniority 2 ... 1
3
 | 1
1

27: -0.072151252987 seniority 2 ... 1
3
 | 1
2

28: -0.137513953720 seniority 0 ... 1
3
 | 1
3

42: -0.070062640531 seniority 0 ... 1
4
 | 1
4

56: -0.069902410092 seniority 0 ... 1
5
 | 1
5

70: -0.069876586093 seniority 0 ... 1
6
 | 1
6

Seniority vectors for all roots (nroots/seniority)
2 2
0.608486056487 0.391513943513
0.663001348285 0.336998651715

Calculating transition densities
Root 0 MO occupations numbers (density matrix diagonal)
13
1.032797872688 0.885959537796 0.077669718688 0.000311638077 0.000132357795 0.000132355942 0.002927928354 0.000050666445 0.000004571191 0.000004571059 0.000004302147 0.000002252196 0.000002227621
Root 1 MO occupations numbers (density matrix diagonal)
13
1.518802358038 0.356122322672 0.089312659377 0.009975793115 0.009803620576 0.009796330834 0.004958980879 0.000270701539 0.000225398563 0.000225047918 0.000179063627 0.000163955408 0.000163767454
Transition densities done:
Trandens between roots 0 0
13 13
1.032797872688 0.058177301311 -0.276649415015 0.004218509242 0.000038455572 -0.000027331136 0.041921001399 0.005729535797 -0.000000646380 0.000000806564 0.001179324440 -0.000120760551 -0.000008529646
0.058177301311 0.885959537796 -0.071521961127 0.005832665750 0.000052777448 -0.000038440006 0.035217032075 0.002715925206 0.000001874783 -0.000000586088 0.000609352744 -0.000062672414 0.000002122242
-0.276649415015 -0.071521961127 0.077669718688 -0.001484750438 -0.000013504987 0.000009658170 -0.013304040673 -0.001685594248 0.000000053408 -0.000000176818 -0.000348951179 0.000035753117 0.000002098464
0.004218509242 0.005832665750 -0.001484750438 0.000311638077 0.000001486564 -0.000001096919 0.000388883280 -0.000003387839 0.000000027906 -0.000000032193 0.000008776998 -0.000000919404 0.000000024470
0.000038455572 0.000052777448 -0.000013504987 0.000001486564 0.000132357795 -0.000000005516 0.000003530011 -0.000000023861 0.000002846440 0.000002417858 0.000000055208 -0.000000083504 -0.000001478525
-0.000027331136 -0.000038440006 0.000009658170 -0.000001096919 -0.000000005516 0.000132355942 -0.000002546228 0.000000022281 -0.000002428379 0.000002831562 -0.000000208279 -0.000001473768 0.000000075232
0.041921001399 0.035217032075 -0.013304040673 0.000388883280 0.000003530011 -0.000002546228 0.002927928354 0.000319676105 0.000000047356 0.000000007844 0.000068262286 -0.000006998748 -0.000000253686
0.005729535797 0.002715925206 -0.001685594248 -0.000003387839 -0.000000023861 0.000000022281 0.000319676105 0.000050666445 -0.000000006830 0.000000008100 0.000008001588 -0.000000818323 -0.000000046356
-0.000000646380 0.000001874783 0.000000053408 0.000000027906 0.000002846440 -0.000002428379 0.000000047356 -0.000000006830 0.000004571191 -0.000000000297 0.000000010254 0.000000110653 -0.000000143884
0.000000806564 -0.000000586088 -0.000000176818 -0.000000032193 0.000002417858 0.000002831562 0.000000007844 0.000000008100 -0.000000000297 0.000004571059 -0.000000014554 -0.000000143773 -0.000000110676
0.001179324440 0.000609352744 -0.000348951179 0.000008776998 0.000000055208 -0.000000208279 0.000068262286 0.000008001588 0.000000010254 -0.000000014554 0.000004302147 -0.000000212353 -0.000000011925
-0.000120760551 -0.000062672414 0.000035753117 -0.000000919404 -0.000000083504 -0.000001473768 -0.000006998748 -0.000000818323 0.000000110653 -0.000000143773 -0.000000212353 0.000002252196 0.000000003151
-0.000008529646 0.000002122242 0.000002098464 0.000000024470 -0.000001478525 0.000000075232 -0.000000253686 -0.000000046356 -0.000000143884 -0.000000110676 -0.000000011925 0.000000003151 0.000002227621

Trandens between roots 0 1
13 13
0.530421246505 -0.258492215169 0.155270824017 -0.002543544001 -0.000024307015 0.000016456152 -0.038171057941 -0.004764240373 -0.000000481566 -0.000001057801 -0.000611818542 0.000054196821 0.000019094672
0.990201122590 -0.477061673458 0.209580914968 -0.011093652818 -0.000103369650 0.000074738606 -0.056291823136 -0.004222761427 -0.000004520176 0.000001804032 -0.002046100612 0.000195742139 0.000039817233
-0.204707379094 0.099428854079 -0.053725411444 0.001373985610 0.000012987579 -0.000009090901 0.013680387291 0.001528134473 0.000000420448 0.000000161225 0.000295980067 -0.000027170552 -0.000007671455
0.008419650654 -0.004150366980 0.001885910876 0.001506286470 0.000001665933 -0.000001516009 -0.000487233420 -0.000131746140 -0.000000792761 -0.000000156131 -0.000012584759 0.000001157203 0.000000325565
0.000076191998 -0.000037536017 0.000017120982 0.000002001060 0.001138425690 -0.000000387809 -0.000004418928 -0.000001163568 0.000051567882 0.000043954788 -0.000000104837 -0.000000053744 -0.000001145685
-0.000055211721 0.000027214681 -0.000012376764 -0.000001687831 -0.000000386549 0.001138010947 0.000003193958 0.000000796508 -0.000044005231 0.000051436981 0.000000006253 -0.000001159301 0.000000050237
0.056770980893 -0.027458348392 0.013959382226 -0.000457711626 -0.000004325371 0.000003064996 -0.003546692475 -0.000346697921 -0.000000186257 0.000000020695 -0.000099926993 0.000009408439 0.000002191883
0.005463135270 -0.002631209438 0.001430423904 -0.000275531944 -0.000002384993 0.000001750952 -0.000363369542 0.000010333700 -0.000000000217 0.000000020760 -0.000009260510 0.000000868599 0.000000206682
0.000001699858 -0.000000837560 0.000000360117 -0.000000140318 0.000029605755 -0.000025255126 -0.000000092468 -0.000000003308 0.000031090709 0.000000003149 0.000000031189 0.000000401047 -0.000000520769
-0.000000227431 0.000000118896 -0.000000040420 -0.000000192310 0.000025165605 0.000029457777 0.000000006123 0.000000013924 0.000000002498 0.000031064658 -0.000000053233 -0.000000520941 -0.000000401283
0.001089064497 -0.000527868619 0.000335865418 -0.000006222723 -0.000000244652 -0.000001110244 -0.000077460334 -0.000008105764 0.000000066274 -0.000000111828 0.000019228498 -0.000000031433 0.000000025739
-0.000112002813 0.000054293089 -0.000034381073 0.000000512857 -0.000000568285 -0.000011365808 0.000007960624 0.000000836940 0.000000794903 -0.000001031044 -0.000000014362 0.000019053900 0.000000007975
-0.000000067803 0.000000036002 -0.000001198209 0.000000257289 -0.000011357636 0.000000581129 0.000000138128 0.000000014062 -0.000001032752 -0.000000794015 -0.000000019860 0.000000012646 0.000019036300

Trandens between roots 1 0
13 13
0.530421246505 0.990201122590 -0.204707379094 0.008419650654 0.000076191998 -0.000055211721 0.056770980893 0.005463135270 0.000001699858 -0.000000227431 0.001089064497 -0.000112002813 -0.000000067803
-0.258492215169 -0.477061673458 0.099428854079 -0.004150366980 -0.000037536017 0.000027214681 -0.027458348392 -0.002631209438 -0.000000837560 0.000000118896 -0.000527868619 0.000054293089 0.000000036002
0.155270824017 0.209580914968 -0.053725411444 0.001885910876 0.000017120982 -0.000012376764 0.013959382226 0.001430423904 0.000000360117 -0.000000040420 0.000335865418 -0.000034381073 -0.000001198209
-0.002543544001 -0.011093652818 0.001373985610 0.001506286470 0.000002001060 -0.000001687831 -0.000457711626 -0.000275531944 -0.000000140318 -0.000000192310 -0.000006222723 0.000000512857 0.000000257289
-0.000024307015 -0.000103369650 0.000012987579 0.000001665933 0.001138425690 -0.000000386549 -0.000004325371 -0.000002384993 0.000029605755 0.000025165605 -0.000000244652 -0.000000568285 -0.000011357636
0.000016456152 0.000074738606 -0.000009090901 -0.000001516009 -0.000000387809 0.001138010947 0.000003064996 0.000001750952 -0.000025255126 0.000029457777 -0.000001110244 -0.000011365808 0.000000581129
-0.038171057941 -0.056291823136 0.013680387291 -0.000487233420 -0.000004418928 0.000003193958 -0.003546692475 -0.000363369542 -0.000000092468 0.000000006123 -0.000077460334 0.000007960624 0.000000138128
-0.004764240373 -0.004222761427 0.001528134473 -0.000131746140 -0.000001163568 0.000000796508 -0.000346697921 0.000010333700 -0.000000003308 0.000000013924 -0.000008105764 0.000000836940 0.000000014062
-0.000000481566 -0.000004520176 0.000000420448 -0.000000792761 0.000051567882 -0.000044005231 -0.000000186257 -0.000000000217 0.000031090709 0.000000002498 0.000000066274 0.000000794903 -0.000001032752
-0.000001057801 0.000001804032 0.000000161225 -0.000000156131 0.000043954788 0.000051436981 0.000000020695 0.000000020760 0.000000003149 0.000031064658 -0.000000111828 -0.000001031044 -0.000000794015
-0.000611818542 -0.002046100612 0.000295980067 -0.000012584759 -0.000000104837 0.000000006253 -0.000099926993 -0.000009260510 0.000000031189 -0.000000053233 0.000019228498 -0.000000014362 -0.000000019860
0.000054196821 0.000195742139 -0.000027170552 0.000001157203 -0.000000053744 -0.000001159301 0.000009408439 0.000000868599 0.000000401047 -0.000000520941 -0.000000031433 0.000019053900 0.000000012646
0.000019094672 0.000039817233 -0.000007671455 0.000000325565 -0.000001145685 0.000000050237 0.000002191883 0.000000206682 -0.000000520769 -0.000000401283 0.000000025739 0.000000007975 0.000019036300

Trandens between roots 1 1
13 13
1.518802358038 -0.735381333742 0.234767705408 -0.012544844344 -0.000116925484 0.000084385691 -0.077639807970 -0.006529516209 -0.000005340121 0.000001698919 -0.002582670687 0.000244338242 0.000055046345
-0.735381333742 0.356122322672 -0.112742284785 0.005550964948 0.000052191412 -0.000037483242 0.037532652722 0.003202149911 0.000002553952 -0.000000759822 0.001238371441 -0.000117058446 -0.000026570918
0.234767705408 -0.112742284785 0.089312659377 -0.002915802339 -0.000027646312 0.000019635402 -0.018081051154 -0.001659561452 -0.000001036119 0.000000181073 -0.000510519205 0.000048538642 0.000010305580
-0.012544844344 0.005550964948 -0.002915802339 0.009975793115 -0.000012695370 0.000006317204 0.000794748187 -0.000324899619 -0.000007443640 -0.000001196760 0.000041372121 -0.000004026191 -0.000000743814
-0.000116925484 0.000052191412 -0.000027646312 -0.000012695370 0.009803620576 -0.000006679235 0.000007364206 -0.000002470112 0.000477347458 0.000406678566 0.000000696804 0.000000043997 0.000002698852
0.000084385691 -0.000037483242 0.000019635402 0.000006317204 -0.000006679235 0.009796330834 -0.000005298784 0.000001370702 -0.000407243824 0.000475761316 0.000000403517 0.000002712332 -0.000000193193
-0.077639807970 0.037532652722 -0.018081051154 0.000794748187 0.000007364206 -0.000005298784 0.004958980879 0.000413972656 0.000000267823 -0.000000089844 0.000148497080 -0.000013971059 -0.000003309990
-0.006529516209 0.003202149911 -0.001659561452 -0.000324899619 -0.000002470112 0.000001370702 0.000413972656 0.000270701539 0.000000246319 0.000000055701 0.000009730252 -0.000000880201 -0.000000275561
-0.000005340121 0.000002553952 -0.000001036119 -0.000007443640 0.000477347458 -0.000407243824 0.000000267823 0.000000246319 0.000225398563 0.000000060894 0.000000084593 0.000000911254 -0.000001185488
0.000001698919 -0.000000759822 0.000000181073 -0.000001196760 0.000406678566 0.000475761316 -0.000000089844 0.000000055701 0.000000060894 0.000225047918 -0.000000119820 -0.000001190534 -0.000000918470
-0.002582670687 0.001238371441 -0.000510519205 0.000041372121 0.000000696804 0.000000403517 0.000148497080 0.000009730252 0.000000084593 -0.000000119820 0.000179063627 -0.000001454057 -0.000000182144
0.000244338242 -0.000117058446 0.000048538642 -0.000004026191 0.000000043997 0.000002712332 -0.000013971059 -0.000000880201 0.000000911254 -0.000001190534 -0.000001454057 0.000163955408 0.000000057526
0.000055046345 -0.000026570918 0.000010305580 -0.000000743814 0.000002698852 -0.000000193193 -0.000003309990 -0.000000275561 -0.000001185488 -0.000000918470 -0.000000182144 0.000000057526 0.000163767454

State 0 :
Natural orbital occupations
13
1.132760868912 0.866664414660 0.000266233761 0.000132476922 0.000132469664 0.000021829165 0.000005509488 0.000004471298 0.000004470065 0.000002575936 0.000002205740 0.000002201117 0.000000273270
Natural orbitals (in MO basis)
13 13
-0.916725553954 0.305414400919 0.003825542983 -0.000000102362 -0.000007452670 0.224120908912 0.001855637902 0.000007499391 0.000019825209 0.000442016921 -0.000006336138 -0.000160832226 -0.126837773022
-0.298606819630 -0.951693467746 0.007066735913 -0.000000662614 0.000006603925 0.043629863298 0.001770070938 0.000002162924 0.000006828375 0.003821585968 0.000001435343 -0.000032403568 -0.056055937909
0.261213320694 -0.020408145249 -0.001364338522 -0.000000820890 -0.000051210530 0.901329902850 0.010549105716 0.000036854064 0.000093421145 -0.015785590323 -0.000026442074 -0.000607925846 -0.344373056486
-0.005311285666 -0.004895717899 -0.985832517852 -0.001228721795 0.009986335755 -0.007218330305 0.166538613802 0.000084559285 0.000226407899 -0.003490306456 0.000003515143 0.000224955635 -0.013465765154
-0.000048305544 -0.000044197179 -0.007907289851 -0.494596698258 -0.868519500037 -0.000122519566 0.001584172552 -0.010823676780 0.027815927039 0.000001704796 -0.004866321651 -0.008267765431 -0.000123226214
0.000034592413 0.000032433088 0.005889270965 -0.868558315493 0.494558595203 0.000085452354 -0.001165016903 -0.027736706818 -0.010939206543 0.000028297003 -0.008331238847 0.004877112258 0.000102275489
-0.046400912918 -0.023668387976 -0.036081937809 0.000010724879 -0.000098375645 0.359846562293 -0.129506107559 0.000015528589 -0.000237216428 -0.142402068568 0.000019484444 0.000018784514 0.910738744095
-0.005754808493 -0.000932361521 0.163293199449 -0.000011941280 0.000349236051 0.037138217530 0.977171204935 -0.000088238704 0.002090579815 -0.040811279947 -0.000021657561 -0.000119253576 0.124050220715
0.000000038979 -0.000002289453 -0.000215612158 0.005486251638 -0.028733060652 0.000069794527 0.002028859400 -0.326312593343 -0.942809573957 0.000272456184 0.010897075366 -0.060427808545 0.000052765044
-0.000000539246 0.000000931935 0.000112837671 -0.028593308648 -0.005475256854 -0.000044582574 0.000751936407 0.942797717425 -0.326323083508 -0.000430198350 -0.060689296902 -0.010686254909 -0.000038065480
-0.001198390373 -0.000247246887 -0.001973871889 0.001103635072 -0.000416387034 0.067112096001 0.022314115485 -0.005641681757 -0.001333545284 0.983566643380 -0.094802729898 0.039856053482 0.130300615927
0.000122790884 0.000025620343 0.000242425448 0.010189639254 -0.005135528741 -0.006670406497 -0.002233592739 -0.057940374791 -0.019335665869 -0.101524796344 -0.880507684233 0.458590250797 -0.013535155559
0.000006837972 -0.000005378829 -0.000116884003 0.005130850698 0.010183243795 -0.001096646633 -0.000420781314 -0.019420256434 0.057877688679 -0.008308847643 -0.460243013170 -0.885577866111 -0.000885559284

State 1 :
Natural orbital occupations
13
1.916266581452 0.052770410555 0.009894058697 0.009843137928 0.009833109582 0.000295993512 0.000220805350 0.000184617522 0.000184410653 0.000174648519 0.000163700386 0.000163607488 0.000004918356
Natural orbitals (in MO basis)
13 13
-0.890030772197 -0.124324979499 -0.015494362122 0.005521242328 -0.000373246501 -0.099759551264 -0.043139263798 0.000347003127 -0.000048636944 0.018460514842 0.000117972157 0.000164060037 -0.424221530524
0.430881530595 0.077920126933 -0.040532481262 0.014434991505 -0.000975578637 -0.137733753673 -0.094303965336 0.000741582457 -0.000105207102 0.039765794451 0.000248766184 0.000227994966 -0.881459891075
-0.141431406801 0.982818401338 0.022374585870 -0.007951917594 0.000545074128 -0.111133017032 0.007184135792 -0.000027304218 0.000003994347 -0.001503332994 -0.000001320400 0.000229951873 0.033113774132
0.007346631849 -0.022352257547 0.943724581625 -0.323212542297 0.023496346144 -0.008890207113 -0.045457268200 -0.000422018456 0.000046334686 0.000743838864 0.000008249087 0.000074371480 -0.040813645787
0.000068558176 -0.000210937020 -0.285851724596 -0.796141214430 0.529353928517 -0.000088242870 -0.000095529755 0.055052140306 0.034224467483 0.000064293973 -0.002908652442 -0.004651445842 -0.000397265548
-0.000049425117 0.000146809093 0.152724595182 0.507385933694 0.845581137706 0.000059949021 0.000128882454 -0.034259900637 0.054978022089 0.000216069839 -0.004738851955 0.002880373748 0.000289843310
0.045957463299 -0.109097775390 0.001733092249 -0.000611012593 0.000040904292 -0.968823308826 0.158285434788 -0.000656965190 -0.000151772845 0.019535066205 0.000148021299 0.002123078139 0.148063239675
0.003884447090 -0.011574789964 -0.038523292606 0.013660867588 -0.000978290215 -0.140678351563 -0.978025570526 0.005172669302 0.001279307280 -0.077114844416 -0.000400877166 0.000291836368 0.126014131921
0.000003137371 -0.000003456006 -0.021277468094 -0.060746209694 -0.009559420953 -0.000023697273 -0.005124957963 -0.983498031610 0.148673056068 0.001546227430 -0.012623466448 0.078776112823 -0.000211178392
-0.000000977751 -0.000001379969 -0.004624438843 -0.008525396253 0.064273394618 -0.000045279605 -0.001892351690 -0.148705740062 -0.983393233221 -0.002395294031 0.080262705517 0.012156384218 0.000120829138
0.001519564073 -0.001928103905 0.001769196726 -0.000621708299 0.000118854127 -0.015301607197 0.073839848737 -0.004708145415 0.009644485112 -0.991238116764 0.087489873674 -0.038827242931 -0.049736913355
-0.000143754918 0.000186929564 -0.000139760409 0.000192993824 0.000226135369 0.000539599379 -0.007560010112 -0.038516756334 0.070717138223 0.095509975109 0.869843438239 -0.477160841872 0.005070107395
-0.000032387687 0.000030322528 -0.000104236525 -0.000215884898 0.000125264867 0.002101215950 -0.000382874831 0.069857005985 0.039301007316 0.007963736077 0.478628546677 0.874312221191 0.000475179710

