Number of strings: 19 19, CI size = 361
String addressing array alpha: 1 19
0 1 2 3 4 5 6 7 8 9 10 11 12 13 14 15 16 17 18

Alpha strings 19 1
1
2
3
4
5
6
7
8
9
10
11
12
13
14
15
16
17
18
19

Is hamiltonian hermitian? 1
Implicit Hamiltonian constructed
E(core)= 0.000000000000
H(1,1) + E(core) energy = -0.660161846300
Davidson: iter=0 dim=0 root=0 eigenvalue=-0.660161846300
Davidson: iter=1 dim=1 root=0 eigenvalue=-0.697213449794
Davidson: iter=2 dim=2 root=0 eigenvalue=-0.701806281930
Davidson: iter=3 dim=3 root=0 eigenvalue=-0.702954964955
Davidson: iter=4 dim=4 root=0 eigenvalue=-0.703468511229
Davidson: iter=5 dim=5 root=0 eigenvalue=-0.703608118786
Davidson: iter=6 dim=6 root=0 eigenvalue=-0.703628943346
Davidson: iter=7 dim=7 root=0 eigenvalue=-0.703633864481
Davidson: iter=8 dim=8 root=0 eigenvalue=-0.703634588471
Davidson: iter=9 dim=9 root=0 eigenvalue=-0.703634714862
Davidson: iter=10 dim=10 root=0 eigenvalue=-0.703634743093
Davidson: iter=11 dim=11 root=0 eigenvalue=-0.703634748062
Davidson: iter=12 dim=12 root=0 eigenvalue=-0.703634749042
Davidson: iter=13 dim=13 root=0 eigenvalue=-0.703634749147
Davidson: iter=14 dim=14 root=0 eigenvalue=-0.703634749164
Davidson: iter=15 dim=15 root=0 eigenvalue=-0.703634749167
Davidson: iter=16 dim=16 root=0 eigenvalue=-0.703634749167
Davidson: iter=16 dim=16 root=1 eigenvalue=-0.557352169080
root no. 0 converged
Davidson: iter=17 dim=17 root=0 eigenvalue=-0.703634749167
Davidson: iter=17 dim=17 root=1 eigenvalue=-0.562517314327
Davidson: iter=18 dim=18 root=0 eigenvalue=-0.703634749167
Davidson: iter=18 dim=18 root=1 eigenvalue=-0.562899815463
Davidson: iter=19 dim=19 root=0 eigenvalue=-0.703634749167
Davidson: iter=19 dim=19 root=1 eigenvalue=-0.562937986220
Davidson: iter=20 dim=20 root=0 eigenvalue=-0.703634749167
Davidson: iter=20 dim=20 root=1 eigenvalue=-0.562944557710
Davidson: iter=21 dim=21 root=0 eigenvalue=-0.703634749167
Davidson: iter=21 dim=21 root=1 eigenvalue=-0.562945320025
Davidson: iter=22 dim=22 root=0 eigenvalue=-0.703634749167
Davidson: iter=22 dim=22 root=1 eigenvalue=-0.562945432414
Davidson: iter=23 dim=23 root=0 eigenvalue=-0.703634749167
Davidson: iter=23 dim=23 root=1 eigenvalue=-0.562945464828
Davidson: iter=24 dim=24 root=0 eigenvalue=-0.703634749167
Davidson: iter=24 dim=24 root=1 eigenvalue=-0.562945467769
Davidson: iter=25 dim=25 root=0 eigenvalue=-0.703634749167
Davidson: iter=25 dim=25 root=1 eigenvalue=-0.562945468356
Davidson: iter=26 dim=26 root=0 eigenvalue=-0.703634749167
Davidson: iter=26 dim=26 root=1 eigenvalue=-0.562945468424
Davidson: iter=27 dim=27 root=0 eigenvalue=-0.703634749167
Davidson: iter=27 dim=27 root=1 eigenvalue=-0.562945468456
Davidson: iter=28 dim=28 root=0 eigenvalue=-0.703634749167
Davidson: iter=28 dim=28 root=1 eigenvalue=-0.562945468476
Davidson: iter=29 dim=29 root=0 eigenvalue=-0.703634749167
Davidson: iter=29 dim=29 root=1 eigenvalue=-0.562945468482
Davidson: iter=30 dim=30 root=0 eigenvalue=-0.703634749167
Davidson: iter=30 dim=30 root=1 eigenvalue=-0.562945468483
root no. 1 converged
Davidson converged in 30 iterations.
E(core)= 0.000000000000
E(0)= -0.703634749167
E(1)= -0.562945468483
FCI Excitation energies = 2
0.000000000000 0.140689280684

Vacuum coefficients in CI state 0 = 0.959531218913
Vacuum coefficients in CI state 1 = 0.165940381213
Eigenvector 0 in string basis
0: 0.959531218913 seniority 0 ... 1
1
 | 1
1

20: -0.248423558044 seniority 0 ... 1
2
 | 1
2

40: -0.058041790657 seniority 0 ... 1
3
 | 1
3

60: -0.057398944452 seniority 0 ... 1
4
 | 1
4

80: -0.057396250935 seniority 0 ... 1
5
 | 1
5

Eigenvector 1 in string basis
0: 0.165940381213 seniority 0 ... 1
1
 | 1
1

1: -0.529005552009 seniority 2 ... 1
1
 | 1
2

2: -0.065031473446 seniority 2 ... 1
1
 | 1
3

5: 0.289514706560 seniority 2 ... 1
1
 | 1
6

14: 0.090752059750 seniority 2 ... 1
1
 | 1
15

19: -0.529005552017 seniority 2 ... 1
2
 | 1
1

20: 0.395619478471 seniority 0 ... 1
2
 | 1
2

24: -0.147992289118 seniority 2 ... 1
2
 | 1
6

38: -0.065031473446 seniority 2 ... 1
3
 | 1
1

95: 0.289514706561 seniority 2 ... 1
6
 | 1
1

96: -0.147992289119 seniority 2 ... 1
6
 | 1
2

266: 0.090752059751 seniority 2 ... 1
15
 | 1
1

Seniority vectors for all roots (nroots/seniority)
2 2
0.993110450567 0.006889549433
0.190122247023 0.809877752977

Calculating transition densities
Root 0 MO occupations numbers (density matrix diagonal)
19
1.848181973964 0.126410860935 0.007249845511 0.006601053607 0.006600412386 0.003523086889 0.000198943051 0.000198926721 0.000201812522 0.000100738182 0.000097686357 0.000097687050 0.000109728470 0.000112252431 0.000246227635 0.000018659324 0.000018655120 0.000018552622 0.000012897224
Root 1 MO occupations numbers (density matrix diagonal)
19
0.811797587005 0.921120242027 0.014750927285 0.004261384905 0.004265737676 0.213207999246 0.001323433163 0.001324974344 0.003776285829 0.000240128675 0.000176545770 0.000175736293 0.000091248813 0.000073687390 0.020315503859 0.000219205636 0.000221760755 0.002639692373 0.000017918956
Transition densities done:
Trandens between roots 0 0
19 19
1.848181973964 0.054367416100 0.027893755855 0.000265383421 -0.000184833081 -0.075120792454 -0.000005464257 -0.000112103330 0.004624745020 0.000494797129 -0.000050207660 -0.000024407174 -0.000015667668 -0.000012856645 -0.019113821713 0.000021804797 0.000082554078 -0.002129423692 0.000000354629
0.054367416100 0.126410860935 0.000708951371 0.000006252594 -0.000005335965 -0.004271421963 -0.000000042174 -0.000009725190 0.000367677166 -0.000320219813 -0.000018735404 -0.000014997877 -0.000010169755 -0.000009260940 -0.002415622728 -0.000000313870 0.000000746565 0.000034153251 -0.000001088974
0.027893755855 0.000708951371 0.007249845511 0.000006014975 -0.000004145197 -0.000641398788 0.000002034572 -0.000010305392 0.000414861664 -0.000038435322 -0.000002800308 -0.000002290330 -0.000000991282 -0.000000725705 -0.000266892303 -0.000000151194 0.000001806699 -0.000046791308 0.000000213213
0.000265383421 0.000006252594 0.000006014975 0.006601053607 0.000000000171 -0.000006273264 -0.000295312458 0.000112420864 0.000007333531 -0.000000883333 -0.000003690632 0.000026459935 0.000002556853 -0.000001785865 -0.000002755583 0.000063544763 -0.000020773631 -0.000000529528 -0.000000660568
-0.000184833081 -0.000005335965 -0.000004145197 0.000000000171 0.006600412386 0.000004264263 0.000112541052 0.000295306333 0.000004666734 0.000000627472 -0.000026672750 -0.000003667996 0.000001149892 0.000001256376 0.000001838466 -0.000020807746 -0.000063466288 -0.000001317561 -0.000000955646
-0.075120792454 -0.004271421963 -0.000641398788 -0.000006273264 0.000004264263 0.003523086889 0.000000113844 0.000003793653 -0.000161232695 -0.000013395595 0.000002283161 0.000001220346 0.000000815314 0.000000697087 0.000778934741 -0.000000824715 -0.000003160550 0.000080142640 0.000000035057
-0.000005464257 -0.000000042174 0.000002034572 -0.000295312458 0.000112541052 0.000000113844 0.000198943051 -0.000000012874 -0.000000081093 0.000000288335 -0.000002003440 -0.000008546306 -0.000000714336 0.000000718236 0.000000073532 -0.000011005996 -0.000000548708 -0.000000074383 0.000000021192
-0.000112103330 -0.000009725190 -0.000010305392 0.000112420864 0.000295306333 0.000003793653 -0.000000012874 0.000198926721 -0.000000096205 0.000000443895 -0.000008569100 0.000001996573 0.000000775005 0.000000328694 0.000001182250 0.000000544090 -0.000010992015 0.000000043391 -0.000000012320
0.004624745020 0.000367677166 0.000414861664 0.000007333531 0.000004666734 -0.000161232695 -0.000000081093 -0.000000096205 0.000201812522 -0.000013386235 -0.000000954375 -0.000000526160 -0.000000308482 -0.000000270566 -0.000049153103 0.000000110906 0.000000162081 -0.000008473767 -0.000000027578
0.000494797129 -0.000320219813 -0.000038435322 -0.000000883333 0.000000627472 -0.000013395595 0.000000288335 0.000000443895 -0.000013386235 0.000100738182 0.000000130612 0.000000155876 -0.000000156722 -0.000000226294 -0.000001497206 -0.000000113292 -0.000000131075 0.000001094524 -0.000000181476
-0.000050207660 -0.000018735404 -0.000002800308 -0.000003690632 -0.000026672750 0.000002283161 -0.000002003440 -0.000008569100 -0.000000954375 0.000000130612 0.000097686357 -0.000000018679 0.000000843861 0.000000897558 0.000000611477 0.000000464069 0.000002562660 0.000000170031 0.000000609385
-0.000024407174 -0.000014997877 -0.000002290330 0.000026459935 -0.000003667996 0.000001220346 -0.000008546306 0.000001996573 -0.000000526160 0.000000155876 -0.000000018679 0.000097687050 -0.000000690426 0.000000418563 0.000000341072 0.000002562711 -0.000000460149 0.000000097983 0.000000169985
-0.000015667668 -0.000010169755 -0.000000991282 0.000002556853 0.000001149892 0.000000815314 -0.000000714336 0.000000775005 -0.000000308482 -0.000000156722 0.000000843861 -0.000000690426 0.000109728470 0.000003607212 0.000000223274 0.000000219885 -0.000000203380 0.000000034061 0.000003231425
-0.000012856645 -0.000009260940 -0.000000725705 -0.000001785865 0.000001256376 0.000000697087 0.000000718236 0.000000328694 -0.000000270566 -0.000000226294 0.000000897558 0.000000418563 0.000003607212 0.000112252431 0.000000190584 -0.000000187114 -0.000000087916 0.000000024145 0.000006806966
-0.019113821713 -0.002415622728 -0.000266892303 -0.000002755583 0.000001838466 0.000778934741 0.000000073532 0.000001182250 -0.000049153103 -0.000001497206 0.000000611477 0.000000341072 0.000000223274 0.000000190584 0.000246227635 -0.000000213784 -0.000000816984 0.000020130490 0.000000009052
0.000021804797 -0.000000313870 -0.000000151194 0.000063544763 -0.000020807746 -0.000000824715 -0.000011005996 0.000000544090 0.000000110906 -0.000000113292 0.000000464069 0.000002562711 0.000000219885 -0.000000187114 -0.000000213784 0.000018659324 0.000000000447 -0.000000013524 -0.000000000299
0.000082554078 0.000000746565 0.000001806699 -0.000020773631 -0.000063466288 -0.000003160550 -0.000000548708 -0.000010992015 0.000000162081 -0.000000131075 0.000002562660 -0.000000460149 -0.000000203380 -0.000000087916 -0.000000816984 0.000000000447 0.000018655120 -0.000000056226 0.000000037468
-0.002129423692 0.000034153251 -0.000046791308 -0.000000529528 -0.000001317561 0.000080142640 -0.000000074383 0.000000043391 -0.000008473767 0.000001094524 0.000000170031 0.000000097983 0.000000034061 0.000000024145 0.000020130490 -0.000000013524 -0.000000056226 0.000018552622 -0.000000016903
0.000000354629 -0.000001088974 0.000000213213 -0.000000660568 -0.000000955646 0.000000035057 0.000000021192 -0.000000012320 -0.000000027578 -0.000000181476 0.000000609385 0.000000169985 0.000003231425 0.000006806966 0.000000009052 -0.000000000299 0.000000037468 -0.000000016903 0.000012897224

Trandens between roots 0 1
19 19
0.251132863698 -0.972136150361 -0.127123944070 -0.001246529485 0.000806775175 0.546718905816 -0.000166266790 -0.001996851465 0.064045092884 -0.008103807891 0.000314510342 0.000112920049 0.000147601552 0.000182084903 0.171015498490 -0.000629634936 -0.002058604338 0.062025899538 0.000177723452
0.277390803792 -0.238139443708 -0.006856399840 -0.000066250660 0.000034331052 0.095659987173 -0.000027146507 -0.000322417763 0.010426409549 0.001010085810 0.000127626941 0.000090411022 0.000072398693 0.000074254743 0.028484717493 -0.000087257966 -0.000290244737 0.008619347611 0.000031736748
0.009301743884 -0.014723973372 0.003405605622 -0.000005324447 0.000001547789 0.007138035930 -0.000032334610 0.000028511983 -0.001459519761 0.000625846826 0.000032665829 0.000030663332 0.000016658825 0.000014211818 0.002268593057 -0.000011712193 -0.000004766370 -0.000099938750 0.000000737208
0.000090355790 -0.000139698598 -0.000004622731 0.004136302797 -0.000000250494 0.000067097383 0.002692113738 -0.001028762689 -0.000036942792 0.000025516316 0.000090565032 -0.000658514865 -0.000074484009 0.000040262512 0.000021821938 0.001039330497 -0.000336693495 -0.000001959811 0.000000672994
-0.000059671396 0.000095894867 0.000002117424 -0.000000549957 0.004140921280 -0.000047576184 -0.001028465644 -0.002689940634 -0.000061452823 -0.000026404001 0.000661624217 0.000091087570 -0.000037230970 -0.000043791666 -0.000016309126 -0.000336590245 -0.001039310327 -0.000032469640 0.000003054733
-0.022325072494 0.047502698461 0.005196172020 0.000050895320 -0.000032918569 -0.023139713069 0.000007481170 0.000093567269 -0.003040416835 0.000339678903 -0.000013947922 -0.000005322184 -0.000006737014 -0.000008232296 -0.007462725789 0.000027492755 0.000089903357 -0.002718563719 -0.000007986589
0.000000128794 0.000001893874 -0.000003831717 0.000291471101 -0.000111414457 -0.000001238301 -0.000047781887 0.000000130625 0.000000267977 -0.000001141078 0.000005762063 0.000024795203 0.000002280113 -0.000002146496 -0.000000419722 -0.000106955121 -0.000005491468 -0.000000959951 -0.000000038609
-0.000013368362 0.000059746532 0.000011548228 -0.000111541037 -0.000290995212 -0.000034175410 -0.000000099329 -0.000047596017 -0.000004354781 -0.000000961262 0.000024820404 -0.000005742420 -0.000002508109 -0.000001105506 -0.000010763399 0.000005540207 -0.000106819896 -0.000004089622 -0.000000084588
0.000653650602 -0.002506283493 -0.000494329773 -0.000006740731 -0.000004982090 0.001399155477 0.000000016379 -0.000005522402 0.000143363861 0.000013601410 0.000002622287 0.000001134316 0.000000977733 0.000001029878 0.000439049464 -0.000000485296 -0.000005058814 0.000060068779 0.000000496838
-0.000648243238 0.000345490690 0.000046333161 0.000002746466 -0.000002900102 -0.000058009208 -0.000000196253 -0.000000229209 0.000008275560 0.000092452751 -0.000000344082 -0.000000289055 -0.000000011108 0.000000248746 -0.000022004677 -0.000000326274 -0.000000435083 0.000012426726 0.000000687185
-0.000046099948 0.000057746219 0.000006573979 0.000010389375 0.000075722968 -0.000025513934 0.000001997560 0.000008693851 -0.000002119676 -0.000000053878 0.000100149173 -0.000000046001 -0.000000541175 -0.000001311405 -0.000008121555 0.000001333984 0.000007387878 -0.000001825103 -0.000002382188
-0.000035390224 0.000038776402 0.000004879794 -0.000075425644 0.000010409517 -0.000016052345 0.000008573180 -0.000001932166 -0.000001383407 -0.000000116329 -0.000000049293 0.000100200673 -0.000000050568 -0.000000666036 -0.000005153149 0.000007281861 -0.000001248915 -0.000001069869 -0.000000716645
-0.000024339428 0.000026181084 0.000002867037 -0.000008871209 -0.000004508257 -0.000010697397 0.000000735674 -0.000000706083 -0.000001022422 0.000000118956 -0.000000584228 -0.000000013395 0.000097585685 -0.000006761740 -0.000003429128 0.000000636453 -0.000000578393 -0.000000808142 -0.000014424031
-0.000022487166 0.000023421885 0.000002364133 0.000004639077 -0.000005382018 -0.000009355914 -0.000000782097 -0.000000172443 -0.000000920267 0.000000360404 -0.000001326607 -0.000000684649 -0.000006546812 0.000082097139 -0.000003000945 -0.000000587386 -0.000000275449 -0.000000698243 -0.000032366323
-0.006613157662 0.013146941496 0.001378807848 0.000013468910 -0.000008700766 -0.006875206715 0.000001966637 0.000024733463 -0.000795311592 0.000064995016 -0.000005112445 -0.000002515286 -0.000002577938 -0.000002939066 -0.002081857486 0.000007511384 0.000024768884 -0.000745008174 -0.000002207008
0.000002370298 -0.000010281543 -0.000001722302 0.000073887707 -0.000024053433 0.000005817351 0.000006238058 -0.000000262928 0.000000813387 0.000000043039 -0.000000738277 -0.000004010500 -0.000000367652 0.000000322864 0.000001819522 0.000032984568 0.000000013790 0.000000779652 -0.000000006119
0.000011630446 -0.000041703309 -0.000004334058 -0.000024088412 -0.000073898189 0.000023284885 0.000000223249 0.000006116812 0.000003302828 -0.000000330358 -0.000004009594 0.000000734129 0.000000364290 0.000000166440 0.000007258831 -0.000000065189 0.000032879419 0.000002980310 -0.000000020119
-0.000196055594 0.000988249497 0.000091560915 0.000000753507 -0.000002919536 -0.000569994151 0.000000201219 0.000002603969 -0.000081464649 0.000012247979 -0.000000282655 0.000000014066 -0.000000073334 -0.000000108948 -0.000177685938 0.000000764931 0.000002494944 -0.000047905762 -0.000000182840
-0.000002857932 0.000002051357 0.000000155873 -0.000000419284 -0.000000563952 -0.000000614434 -0.000000131242 0.000000418695 -0.000000110755 0.000000148722 -0.000000575670 -0.000000113362 -0.000003123328 -0.000007551230 -0.000000184240 -0.000000057257 0.000000170208 -0.000000067722 0.000006891263

Trandens between roots 1 0
19 19
0.251132863698 0.277390803792 0.009301743884 0.000090355790 -0.000059671396 -0.022325072494 0.000000128794 -0.000013368362 0.000653650602 -0.000648243238 -0.000046099948 -0.000035390224 -0.000024339428 -0.000022487166 -0.006613157662 0.000002370298 0.000011630446 -0.000196055594 -0.000002857932
-0.972136150361 -0.238139443708 -0.014723973372 -0.000139698598 0.000095894867 0.047502698461 0.000001893874 0.000059746532 -0.002506283493 0.000345490690 0.000057746219 0.000038776402 0.000026181084 0.000023421885 0.013146941496 -0.000010281543 -0.000041703309 0.000988249497 0.000002051357
-0.127123944070 -0.006856399840 0.003405605622 -0.000004622731 0.000002117424 0.005196172020 -0.000003831717 0.000011548228 -0.000494329773 0.000046333161 0.000006573979 0.000004879794 0.000002867037 0.000002364133 0.001378807848 -0.000001722302 -0.000004334058 0.000091560915 0.000000155873
-0.001246529485 -0.000066250660 -0.000005324447 0.004136302797 -0.000000549957 0.000050895320 0.000291471101 -0.000111541037 -0.000006740731 0.000002746466 0.000010389375 -0.000075425644 -0.000008871209 0.000004639077 0.000013468910 0.000073887707 -0.000024088412 0.000000753507 -0.000000419284
0.000806775175 0.000034331052 0.000001547789 -0.000000250494 0.004140921280 -0.000032918569 -0.000111414457 -0.000290995212 -0.000004982090 -0.000002900102 0.000075722968 0.000010409517 -0.000004508257 -0.000005382018 -0.000008700766 -0.000024053433 -0.000073898189 -0.000002919536 -0.000000563952
0.546718905816 0.095659987173 0.007138035930 0.000067097383 -0.000047576184 -0.023139713069 -0.000001238301 -0.000034175410 0.001399155477 -0.000058009208 -0.000025513934 -0.000016052345 -0.000010697397 -0.000009355914 -0.006875206715 0.000005817351 0.000023284885 -0.000569994151 -0.000000614434
-0.000166266790 -0.000027146507 -0.000032334610 0.002692113738 -0.001028465644 0.000007481170 -0.000047781887 -0.000000099329 0.000000016379 -0.000000196253 0.000001997560 0.000008573180 0.000000735674 -0.000000782097 0.000001966637 0.000006238058 0.000000223249 0.000000201219 -0.000000131242
-0.001996851465 -0.000322417763 0.000028511983 -0.001028762689 -0.002689940634 0.000093567269 0.000000130625 -0.000047596017 -0.000005522402 -0.000000229209 0.000008693851 -0.000001932166 -0.000000706083 -0.000000172443 0.000024733463 -0.000000262928 0.000006116812 0.000002603969 0.000000418695
0.064045092884 0.010426409549 -0.001459519761 -0.000036942792 -0.000061452823 -0.003040416835 0.000000267977 -0.000004354781 0.000143363861 0.000008275560 -0.000002119676 -0.000001383407 -0.000001022422 -0.000000920267 -0.000795311592 0.000000813387 0.000003302828 -0.000081464649 -0.000000110755
-0.008103807891 0.001010085810 0.000625846826 0.000025516316 -0.000026404001 0.000339678903 -0.000001141078 -0.000000961262 0.000013601410 0.000092452751 -0.000000053878 -0.000000116329 0.000000118956 0.000000360404 0.000064995016 0.000000043039 -0.000000330358 0.000012247979 0.000000148722
0.000314510342 0.000127626941 0.000032665829 0.000090565032 0.000661624217 -0.000013947922 0.000005762063 0.000024820404 0.000002622287 -0.000000344082 0.000100149173 -0.000000049293 -0.000000584228 -0.000001326607 -0.000005112445 -0.000000738277 -0.000004009594 -0.000000282655 -0.000000575670
0.000112920049 0.000090411022 0.000030663332 -0.000658514865 0.000091087570 -0.000005322184 0.000024795203 -0.000005742420 0.000001134316 -0.000000289055 -0.000000046001 0.000100200673 -0.000000013395 -0.000000684649 -0.000002515286 -0.000004010500 0.000000734129 0.000000014066 -0.000000113362
0.000147601552 0.000072398693 0.000016658825 -0.000074484009 -0.000037230970 -0.000006737014 0.000002280113 -0.000002508109 0.000000977733 -0.000000011108 -0.000000541175 -0.000000050568 0.000097585685 -0.000006546812 -0.000002577938 -0.000000367652 0.000000364290 -0.000000073334 -0.000003123328
0.000182084903 0.000074254743 0.000014211818 0.000040262512 -0.000043791666 -0.000008232296 -0.000002146496 -0.000001105506 0.000001029878 0.000000248746 -0.000001311405 -0.000000666036 -0.000006761740 0.000082097139 -0.000002939066 0.000000322864 0.000000166440 -0.000000108948 -0.000007551230
0.171015498490 0.028484717493 0.002268593057 0.000021821938 -0.000016309126 -0.007462725789 -0.000000419722 -0.000010763399 0.000439049464 -0.000022004677 -0.000008121555 -0.000005153149 -0.000003429128 -0.000003000945 -0.002081857486 0.000001819522 0.000007258831 -0.000177685938 -0.000000184240
-0.000629634936 -0.000087257966 -0.000011712193 0.001039330497 -0.000336590245 0.000027492755 -0.000106955121 0.000005540207 -0.000000485296 -0.000000326274 0.000001333984 0.000007281861 0.000000636453 -0.000000587386 0.000007511384 0.000032984568 -0.000000065189 0.000000764931 -0.000000057257
-0.002058604338 -0.000290244737 -0.000004766370 -0.000336693495 -0.001039310327 0.000089903357 -0.000005491468 -0.000106819896 -0.000005058814 -0.000000435083 0.000007387878 -0.000001248915 -0.000000578393 -0.000000275449 0.000024768884 0.000000013790 0.000032879419 0.000002494944 0.000000170208
0.062025899538 0.008619347611 -0.000099938750 -0.000001959811 -0.000032469640 -0.002718563719 -0.000000959951 -0.000004089622 0.000060068779 0.000012426726 -0.000001825103 -0.000001069869 -0.000000808142 -0.000000698243 -0.000745008174 0.000000779652 0.000002980310 -0.000047905762 -0.000000067722
0.000177723452 0.000031736748 0.000000737208 0.000000672994 0.000003054733 -0.000007986589 -0.000000038609 -0.000000084588 0.000000496838 0.000000687185 -0.000002382188 -0.000000716645 -0.000014424031 -0.000032366323 -0.000002207008 -0.000000006119 -0.000000020119 -0.000000182840 0.000006891263

Trandens between roots 1 1
19 19
0.811797587005 -0.690026219571 -0.008159977559 -0.000075789727 0.000011612921 0.236339507833 -0.000073698897 -0.000859408984 0.027835302938 0.002906709130 0.000342214975 0.000244678264 0.000194576532 0.000198410230 0.074922180190 -0.000227505122 -0.000757947252 0.022495223771 0.000084020263
-0.690026219571 0.921120242027 0.065968249016 0.000645289484 -0.000395971933 -0.415903384952 0.000128183345 0.001532210350 -0.049457926085 0.001830576065 -0.000375903887 -0.000217055833 -0.000199799096 -0.000218792347 -0.130030744780 0.000447284229 0.001470893950 -0.044124190535 -0.000140428294
-0.008159977559 0.065968249016 0.014750927285 0.000105740010 -0.000072736681 -0.040707343445 -0.000007378066 0.000191236768 -0.006527313120 0.001234795536 0.000001146857 0.000016222776 0.000002036633 -0.000002897710 -0.012473418560 0.000045565273 0.000165473144 -0.005135733842 -0.000014661197
-0.000075789727 0.000645289484 0.000105740010 0.004261384905 -0.000001162577 -0.000399011441 0.001860513338 -0.000709073160 -0.000079893861 0.000027148557 0.000069129230 -0.000504946640 -0.000056700026 0.000030487296 -0.000121870161 0.000569047290 -0.000182461413 -0.000051127007 0.000000433802
0.000011612921 -0.000395971933 -0.000072736681 -0.000001162577 0.004265737676 0.000253502448 -0.000711723758 -0.001861932503 -0.000007583981 -0.000025677581 0.000507967301 0.000069976989 -0.000028216819 -0.000033119274 0.000076740991 -0.000184835585 -0.000570532750 0.000014197342 0.000003116236
0.236339507833 -0.415903384952 -0.040707343445 -0.000399011441 0.000253502448 0.213207999246 -0.000063726516 -0.000764193227 0.024579838904 -0.001748607019 0.000163476354 0.000084342878 0.000084088882 0.000095201430 0.065472005709 -0.000231796709 -0.000760335690 0.022846290578 0.000069510091
-0.000073698897 0.000128183345 -0.000007378066 0.001860513338 -0.000711723758 -0.000063726516 0.001323433163 -0.000000317610 -0.000006580785 0.000012308837 -0.000066973977 -0.000285432542 -0.000024748165 0.000023243567 -0.000019380805 0.000428365563 0.000022408083 -0.000002894366 -0.000000239991
-0.000859408984 0.001532210350 0.000191236768 -0.000709073160 -0.001861932503 -0.000764193227 -0.000000317610 0.001324974344 -0.000079497898 0.000019271161 -0.000286667329 0.000065990426 0.000026713652 0.000011453069 -0.000236986914 -0.000021425604 0.000430951218 -0.000077862810 -0.000001728011
0.027835302938 -0.049457926085 -0.006527313120 -0.000079893861 -0.000007583981 0.024579838904 -0.000006580785 -0.000079497898 0.003776285829 -0.000451416349 0.000003136410 0.000003650170 0.000005650162 0.000007171109 0.007643185664 -0.000029579688 -0.000085089254 0.002934945434 0.000008758718
0.002906709130 0.001830576065 0.001234795536 0.000027148557 -0.000025677581 -0.001748607019 0.000012308837 0.000019271161 -0.000451416349 0.000240128675 0.000000556900 0.000000526718 0.000001961323 0.000002272251 -0.000552835134 0.000007192235 0.000012233082 -0.000309520684 -0.000000042859
0.000342214975 -0.000375903887 0.000001146857 0.000069129230 0.000507967301 0.000163476354 -0.000066973977 -0.000286667329 0.000003136410 0.000000556900 0.000176545770 0.000000345796 -0.000006188379 -0.000005904649 0.000049971581 -0.000019144497 -0.000106347754 0.000010371715 -0.000001947433
0.000244678264 -0.000217055833 0.000016222776 -0.000504946640 0.000069976989 0.000084342878 -0.000285432542 0.000065990426 0.000003650170 0.000000526718 0.000000345796 0.000175736293 0.000008413253 -0.000006154686 0.000025624436 -0.000105527381 0.000018515139 0.000005109123 -0.000000717584
0.000194576532 -0.000199799096 0.000002036633 -0.000056700026 -0.000028216819 0.000084088882 -0.000024748165 0.000026713652 0.000005650162 0.000001961323 -0.000006188379 0.000008413253 0.000091248813 -0.000007932828 0.000025744403 -0.000009665991 0.000009151001 0.000006897298 -0.000014068694
0.000198410230 -0.000218792347 -0.000002897710 0.000030487296 -0.000033119274 0.000095201430 0.000023243567 0.000011453069 0.000007171109 0.000002272251 -0.000005904649 -0.000006154686 -0.000007932828 0.000073687390 0.000029204984 0.000008238284 0.000004384285 0.000008389938 -0.000031595891
0.074922180190 -0.130030744780 -0.012473418560 -0.000121870161 0.000076740991 0.065472005709 -0.000019380805 -0.000236986914 0.007643185664 -0.000552835134 0.000049971581 0.000025624436 0.000025744403 0.000029204984 0.020315503859 -0.000071581456 -0.000235039015 0.007068538684 0.000021568295
-0.000227505122 0.000447284229 0.000045565273 0.000569047290 -0.000184835585 -0.000231796709 0.000428365563 -0.000021425604 -0.000029579688 0.000007192235 -0.000019144497 -0.000105527381 -0.000009665991 0.000008238284 -0.000071581456 0.000219205636 0.000000862634 -0.000024803460 -0.000000118505
-0.000757947252 0.001470893950 0.000165473144 -0.000182461413 -0.000570532750 -0.000760335690 0.000022408083 0.000430951218 -0.000085089254 0.000012233082 -0.000106347754 0.000018515139 0.000009151001 0.000004384285 -0.000235039015 0.000000862634 0.000221760755 -0.000080799956 -0.000000702493
0.022495223771 -0.044124190535 -0.005135733842 -0.000051127007 0.000014197342 0.022846290578 -0.000002894366 -0.000077862810 0.002934945434 -0.000309520684 0.000010371715 0.000005109123 0.000006897298 0.000008389938 0.007068538684 -0.000024803460 -0.000080799956 0.002639692373 0.000007644761
0.000084020263 -0.000140428294 -0.000014661197 0.000000433802 0.000003116236 0.000069510091 -0.000000239991 -0.000001728011 0.000008758718 -0.000000042859 -0.000001947433 -0.000000717584 -0.000014068694 -0.000031595891 0.000021568295 -0.000000118505 -0.000000702493 0.000007644761 0.000017918956

State 0 :
Natural orbital occupations
19
1.853591133538 0.124752809883 0.006883523171 0.006617366043 0.006616750019 0.000400078922 0.000184412369 0.000184375702 0.000173684502 0.000115444084 0.000107255907 0.000097509623 0.000096881279 0.000096850935 0.000018738134 0.000017563115 0.000017558919 0.000015726258 0.000012337596
Natural orbitals (in MO basis)
19 19
-0.998504162710 0.032326986052 0.012132640826 0.000005817159 0.000004569816 -0.040181366564 0.000007109130 -0.000004509880 -0.002214684644 0.000002122565 -0.000000904791 -0.001490633159 -0.000086557063 -0.000107233855 0.012474351090 0.000007019933 0.000096065337 -0.004460401151 0.000001328027
-0.031552097650 -0.999248647159 -0.002222339778 -0.000004426201 0.000004214730 -0.015209154137 0.000010400884 -0.000007596846 -0.002406456255 -0.000037596991 0.000006313327 0.001951071647 0.000103164503 0.000091704156 0.015872276040 0.000000135753 0.000081924382 -0.002965609845 -0.000000651252
-0.015113298750 0.001521982415 -0.995562913119 0.008727475877 0.006844351272 0.076384108470 0.000462228850 -0.000329909875 -0.051002177261 0.000062547516 -0.000004103497 0.000145646937 -0.000006951346 -0.000006983481 -0.007938746249 -0.000073851410 -0.000065993514 0.001267832912 -0.000032615618
-0.000143785501 0.000018605540 -0.009112837494 -0.996581493684 -0.064800494285 0.000702743883 -0.049578195984 0.004755142522 -0.000735642525 -0.000050451199 0.000055513319 -0.000043954090 0.000038803663 -0.000001477745 -0.000043735736 0.007739688031 -0.001261684571 -0.000003668665 0.000089611449
0.000100155949 -0.000004686636 0.006232153594 -0.064859028907 0.996599839242 -0.000517589601 -0.004763024684 -0.049584260849 0.000462415997 -0.000123962591 -0.000009607200 0.000038982487 0.000003111640 -0.000046682039 0.000066695731 -0.001261828057 -0.007733970923 -0.000084830579 0.000112324367
0.040626321654 0.015262759384 -0.076462077111 0.000001849700 -0.000028959445 -0.992663314250 0.000095057145 0.000122184628 -0.017993448903 0.000161640793 -0.000029163138 -0.018050736229 -0.000987696877 -0.001095595462 0.074170739115 0.000034784300 0.000514785013 -0.027134102831 -0.000015468065
0.000002959875 -0.000001083810 0.000193815819 0.044739574144 0.020469688996 0.000020364892 -0.890559707924 0.441081358246 -0.004167946627 0.000618496494 0.003351440104 0.007353796098 -0.074593531992 -0.046757129686 0.000034138639 -0.044812737352 -0.009395561463 -0.000107059021 -0.000082288356
0.000060741854 0.000049410830 0.001413902278 -0.020463425799 0.044731900798 0.000596237960 0.441023716098 0.890209911838 -0.026043925394 0.001493304128 -0.001301123746 -0.001181437153 0.046947715509 -0.075004488330 0.000769493230 0.009352737684 -0.044726475711 0.000479807547 -0.000468569946
-0.002505013017 -0.001770111247 -0.051695869303 -0.000618664875 0.001097360625 -0.017464540854 0.007964801400 0.025130202759 0.985671383264 -0.001564658021 0.000336371843 0.155981056872 0.009719486271 0.006091311926 -0.012491600188 0.000177474037 -0.000234093024 -0.012168286851 0.000270492339
-0.000261073490 0.002693197417 0.006887285904 0.000079881750 0.000066383126 -0.015117333248 -0.001645150604 0.001824194395 -0.155835942287 0.020881624149 -0.002162281248 0.979354710483 0.074631265328 0.098825343822 0.013823827878 -0.000965383865 -0.001413192450 0.017775042797 0.001789897848
0.000027442713 0.000137494862 0.000287289335 0.000839772499 -0.004113104228 -0.000357798723 -0.019832152546 -0.084663611634 -0.006299482973 -0.071044186967 0.018428063800 0.070244615724 0.325953900319 -0.935496546788 0.001846624176 0.000575154331 0.024911905445 0.000389069560 -0.005984693453
0.000013449687 0.000114071256 0.000248861383 -0.004079974274 -0.000840241626 -0.000400536209 0.084203623510 -0.019877502135 -0.005153399737 0.002285426289 -0.087189088767 0.102489318863 -0.933646042737 -0.319437860055 0.001461608980 0.024846689287 -0.000490988307 0.000488868710 -0.001953119838
0.000008641153 0.000077583932 0.000111682417 -0.000411369436 0.000152387325 -0.000256042568 0.010220878688 0.003935630844 -0.003359101176 -0.567562613198 0.817507081210 0.016857679746 -0.085286287147 0.030366017670 0.000791560098 0.002293193210 -0.001396061310 -0.000048428818 -0.030585499537
0.000007106697 0.000071012206 0.000084332110 0.000263979493 0.000213535953 -0.000242412901 -0.005072425792 0.006526930027 -0.003027616121 -0.816770523021 -0.568816165157 0.007219180067 0.030267251597 0.061854997561 0.000616365820 -0.001579035276 -0.000746939474 -0.000248914198 -0.066773071007
0.010358177092 0.014517021365 -0.002677377034 0.000032420328 0.000010236019 0.079452277988 -0.000178535691 0.000019156057 0.011892640769 0.000894038562 -0.000153481776 -0.006670169960 0.000121174989 0.001324245604 0.970792630107 0.000214248041 0.005145219901 -0.225185954960 -0.000128919574
-0.000011764929 0.000008047393 -0.000034447119 -0.009470489798 -0.003798151784 -0.000071507054 0.043444208506 -0.018854201391 0.000378736891 -0.000087802181 0.000426176463 0.001289780214 -0.018222655482 -0.010170693287 0.002002976585 -0.986509490680 -0.154901244905 0.004006335727 -0.000243309065
-0.000044574857 0.000014947177 -0.000114434782 0.003794612830 -0.009457953449 -0.000284191428 -0.018794213321 -0.043360760029 0.001375284919 -0.000107544006 -0.000191911423 -0.000339490116 0.010113439923 -0.018253610398 0.008922337014 0.154960236299 -0.986333477044 0.015970395278 -0.004906993183
0.001148783338 -0.000813755910 0.002175221724 0.000029373210 -0.000245479103 0.009556445590 0.000131433536 -0.000728028713 -0.017457164353 0.000091540709 0.000003332617 0.018052825218 0.001018625886 0.000521704007 -0.226164758404 -0.001563250264 -0.018076460626 -0.973535815429 0.004206321040
-0.000000173316 0.000008826478 -0.000030115333 0.000109591433 -0.000137699579 -0.000039176460 0.000076814117 0.000245560942 -0.000273774402 -0.072554213817 -0.013071033123 -0.000255993106 -0.000541206123 -0.001479218123 0.001183141320 0.000546958937 -0.004776619460 0.004113107001 0.997256677217

State 1 :
Natural orbital occupations
19
1.726278505943 0.252082993111 0.005442708354 0.005437828691 0.005016538800 0.004097110990 0.000372769336 0.000371695208 0.000145069405 0.000105520599 0.000105446258 0.000105416422 0.000093014666 0.000087055784 0.000073106739 0.000063837536 0.000063812825 0.000057034444 0.000000534889
Natural orbitals (in MO basis)
19 19
0.624783273613 0.739042487816 -0.000638979519 -0.000201483880 0.022002236643 -0.247721631392 0.000012267171 -0.000067583804 0.005279530733 0.013179152227 0.002588934425 -0.007598467181 0.000047867881 0.000005295983 -0.035442127164 0.000013116318 -0.000017558372 0.009452699528 -0.000006446106
-0.712343399398 0.417211603574 0.000153818494 0.000189384913 -0.093048967952 -0.547034686709 -0.000016660116 -0.000314092616 -0.042910443943 0.014523483262 0.002766565746 -0.008184601094 0.000104699353 0.000037764748 -0.091952513121 0.000506373412 0.000058312930 -0.003702686005 0.000125369712
-0.038470951918 0.181343979081 0.002456863365 -0.004301197231 -0.819022148407 0.355392268293 -0.004832978407 0.002591981103 -0.395572084244 0.002803788443 0.000588766164 -0.001817595177 -0.000037639197 -0.000265106093 0.024863048375 0.000953767695 0.001016042302 -0.106628872517 0.000322399093
-0.000375091940 0.001790054282 0.074775287326 0.873102871634 -0.003555803506 0.003065587984 0.474196969863 -0.025635351003 -0.003910782377 0.004518953312 0.010734752942 0.011180190865 -0.000409159624 0.000202545927 0.000262426439 0.017150136890 -0.077353030616 -0.000930143964 -0.000013645785
0.000219709268 -0.001230492900 -0.873277405004 0.074745177018 -0.003176753864 -0.001272990058 0.025702047508 0.473905635612 0.001315535898 -0.007424512945 0.011833171054 -0.008429770710 -0.000065581041 0.000173364323 -0.000519357970 -0.077307252929 -0.017146769277 -0.000639965872 -0.000485139690
0.299532567818 -0.469095593383 0.003438493179 0.001448533449 -0.402702026488 -0.705597366461 0.000007476351 0.000303696236 -0.027583339177 -0.000621283204 0.000160023148 -0.000247317023 -0.000204422238 -0.000345321842 0.170040408580 -0.000397642231 -0.000037448327 -0.022439138466 -0.000310178115
-0.000092402270 0.000141528994 0.194440909392 0.402326092334 0.003464313244 -0.000331383195 -0.704246073483 0.313870599072 0.000757087636 0.107532264385 0.093446936167 0.213626021986 0.000080519307 -0.000304438848 -0.000407779781 -0.206159659999 0.312089459133 -0.001710747780 -0.000164677503
-0.001097287000 0.001762361783 0.401929747853 -0.194523960827 -0.006187590806 0.002376588654 0.313754136345 0.704024751477 0.018298728184 0.089477031635 -0.233809437602 0.056846069563 -0.000744972955 -0.002220439593 -0.002159864832 -0.312700446599 -0.205930210731 0.005791167382 -0.000577001060
0.035438884695 -0.056523689105 0.007122621402 -0.005918325195 0.361641728175 -0.103003664428 0.006822885468 0.016954509548 -0.750938729777 -0.251830615224 -0.057886063191 0.151254695542 -0.000285924856 0.000222555513 0.029180682502 -0.001763611334 -0.003734671882 -0.446441001967 0.000463011087
-0.000079186749 0.016192269198 0.005230208427 0.003436746353 -0.118555065840 0.010320881791 -0.003623948835 0.005003931214 0.191751636075 -0.822029960250 -0.154774278133 0.435209067110 -0.012987622588 -0.019147541813 -0.138191152651 -0.012431734678 0.004311577022 0.199343302423 -0.009575761392
0.000310609903 0.000041847834 -0.110339900548 0.024809113919 -0.005353830757 0.000336518778 -0.025858393695 -0.134586072012 0.007305373454 0.364574325669 -0.775457169265 0.415209288344 0.051255997602 0.055145905390 -0.003583096690 0.219881750716 0.081523719728 0.009531838004 0.030532706331
0.000194074400 0.000192897600 -0.024873682529 -0.109855075066 -0.004466847047 0.000267625688 0.133963827536 -0.026000789342 0.005971714100 0.290706372304 0.524906666745 0.733251679578 -0.119393021570 0.040196075081 -0.004290237074 0.081501166247 -0.219709395141 0.006111263174 0.009949585123
0.000169048481 0.000067591494 0.005163931296 -0.013021617203 -0.002433219860 0.000056246686 0.016051712146 0.007013127281 0.003751018401 -0.008313333620 0.103872648722 0.058120334819 0.954747451852 0.203907197828 -0.002804524021 -0.006933313948 -0.029785920350 0.003157012168 0.176539924009
0.000180540982 0.000021110361 0.007896112088 0.006105792789 -0.002047625683 -0.000026647531 -0.007874652458 0.009819937826 0.003402458857 -0.051714107301 -0.003413413527 -0.063906863125 -0.257620327042 0.870719255965 -0.002781585811 -0.017201693261 0.011937852855 0.001706035061 0.409861836134
0.093798996924 -0.141133823101 0.000890240581 0.000345128735 -0.069566553708 -0.052825383449 -0.000041372794 0.000496293280 0.010286291386 0.094728904863 0.019307609615 -0.056118270827 0.000078925752 -0.001037526881 -0.959569649100 0.007201089398 0.001732361326 -0.173840031850 -0.000425487985
-0.000313298965 0.000595821571 0.054123891619 0.128496447143 0.000283749130 0.000283986026 -0.374543107907 0.144186588996 0.004528113690 -0.059418267756 -0.060746780424 -0.119533401465 -0.000733292158 0.000406858884 0.002518903478 0.452533161590 -0.770165573265 -0.002925106467 -0.000155785678
-0.001033318311 0.001922663341 0.128528951381 -0.054115035736 -0.001185678094 0.001086712295 0.144124574022 0.374729488835 0.012857820925 -0.052921666890 0.130333097052 -0.038954578296 0.000874831671 0.000348049452 0.008240934502 0.770022731582 0.452510633141 -0.010496883280 -0.000609702330
0.030919624310 -0.058536582054 0.003344559439 -0.000876191274 0.089881716564 -0.041118011866 0.000577447257 0.011134718645 -0.489342654319 0.073050715293 0.017699592900 -0.045272344884 0.000177954261 0.001014749901 -0.141096251951 0.013361683233 0.003140813497 0.847619288342 0.000436153637
0.000102230467 -0.000141852445 -0.000623357475 0.000177831792 0.000280557865 -0.000150930279 -0.000081235656 0.000087428254 0.000231090249 0.001022450433 0.000018646171 0.000084830832 -0.070966955061 -0.441858213451 0.000182946132 0.001025063576 0.000205264043 0.000097643991 0.894271883570

